"2016-05-02 at 11:43"
Time(H:M:S) CO2(ppm) CellTemp(c) CellPres(kPa)
11:43:09 -2.77 50.47 98.85
11:43:10 -2.63 50.47 98.85
11:43:11 -3.18 50.47 98.85
11:43:12 -3.01 50.47 98.85
11:43:13 -3.43 50.47 98.85
11:43:14 -3.04 50.47 98.85
11:43:15 -3.77 50.47 98.85
11:43:16 -4.03 50.47 98.85
11:43:17 -3.82 50.47 98.85
11:43:18 -4.23 50.47 98.85
11:43:19 -3.87 50.47 98.85
11:43:20 -4.12 50.47 98.85
11:43:21 -4.32 50.47 98.85
11:43:22 -4.15 50.47 98.85
11:43:23 -4.58 50.47 98.85
11:43:24 -4.57 50.47 98.85
11:43:25 -4.80 50.47 98.85
11:43:26 -4.74 50.47 98.85
11:43:27 -4.80 50.45 98.85
11:43:28 -4.73 50.45 98.85
11:43:29 -4.81 50.45 98.85
11:43:30 -4.77 50.47 98.85
11:43:31 -5.27 50.47 98.85
11:43:32 -5.72 50.47 98.85
11:43:33 -5.07 50.47 98.85
11:43:34 -5.11 50.47 98.85
11:43:35 -5.33 50.45 98.85
11:43:36 -5.09 50.45 98.85
11:43:37 -4.93 50.47 98.85
11:43:38 -5.63 50.47 98.85
11:43:39 -5.81 50.45 98.85
11:43:40 -5.23 50.45 98.85
11:43:41 -5.60 50.45 98.85
11:43:42 -4.71 50.45 98.84
11:43:43 -5.44 50.45 98.84
11:43:44 -5.24 50.47 98.84
11:43:45 -5.27 50.47 98.84
11:43:46 -5.40 50.47 98.84
11:43:47 -5.01 50.47 98.85
11:43:48 -4.39 50.47 98.85
11:43:49 0.02 50.47 98.84
11:43:50 13.75 50.47 98.84
11:43:51 43.38 50.47 98.84
11:43:52 87.68 50.47 98.84
11:43:53 133.83 50.47 98.84
11:43:54 164.58 50.47 98.84
11:43:55 171.68 50.47 98.85
11:43:56 155.84 50.47 98.85
11:43:57 128.65 50.47 98.85
11:43:58 97.27 50.47 98.85
11:43:59 70.47 50.47 98.85
11:44:00 48.48 50.47 98.85
11:44:01 40.12 50.47 98.85
11:44:02 26.94 50.47 98.85
11:44:03 18.12 50.47 98.85
11:44:04 11.61 50.47 98.85
11:44:05 7.86 50.47 98.85
11:44:06 4.98 50.47 98.85
11:44:07 3.00 50.47 98.85
11:44:08 1.41 50.47 98.85
11:44:09 0.35 50.47 98.85
11:44:10 -0.30 50.47 98.85
11:44:11 -1.23 50.47 98.85
11:44:12 -1.79 50.47 98.85
11:44:13 -2.11 50.47 98.85
11:44:14 -2.58 50.47 98.85
11:44:15 -2.25 50.47 98.85
11:44:16 -3.12 50.47 98.85
11:44:17 -2.99 50.47 98.85
11:44:18 -3.25 50.47 98.85
11:44:19 -3.40 50.47 98.85
11:44:20 -3.46 50.47 98.85
11:44:21 -3.40 50.47 98.85
11:44:22 -4.04 50.47 98.85
11:44:23 -3.89 50.47 98.85
11:44:24 -3.95 50.47 98.86
11:44:25 -3.80 50.47 98.85
11:44:26 -3.97 50.47 98.85
11:44:27 -4.21 50.47 98.86
11:44:28 -3.97 50.47 98.85
11:44:29 -4.23 50.47 98.85
11:44:30 -4.06 50.47 98.85
11:44:31 -3.83 50.47 98.85
11:44:32 -4.23 50.47 98.85
11:44:33 -4.00 50.47 98.85
11:44:34 -4.25 50.47 98.85
11:44:35 -4.10 50.47 98.85
11:44:36 -4.20 50.47 98.85
11:44:37 -3.22 50.47 98.85
11:44:38 0.14 50.47 98.85
11:44:39 10.95 50.47 98.85
11:44:40 31.40 50.47 98.85
11:44:41 57.71 50.47 98.85
11:44:42 82.47 50.47 98.85
11:44:43 96.23 50.47 98.85
11:44:44 97.94 50.47 98.85
11:44:45 90.62 50.47 98.85
11:44:46 72.49 50.47 98.85
11:44:47 52.58 50.47 98.85
11:44:48 35.12 50.47 98.85
11:44:49 22.43 50.47 98.85
11:44:50 14.21 50.47 98.85
11:44:51 8.49 50.47 98.85
11:44:52 5.29 50.47 98.85
11:44:53 2.57 50.47 98.85
11:44:54 1.34 50.47 98.85
11:44:55 -0.20 50.47 98.85
11:44:56 -0.74 50.47 98.85
11:44:57 -1.32 50.47 98.85
11:44:58 -1.89 50.47 98.85
11:44:59 -1.99 50.47 98.85
11:45:00 -2.67 50.47 98.85
11:45:01 -2.84 50.47 98.85
11:45:02 -3.13 50.47 98.85
11:45:03 -3.53 50.47 98.85
11:45:04 -3.71 50.47 98.85
11:45:05 -3.71 50.47 98.85
11:45:06 -3.62 50.47 98.85
11:45:07 -3.50 50.47 98.85
11:45:08 -3.69 50.47 98.85
11:45:09 -3.64 50.47 98.85
11:45:10 -4.05 50.47 98.85
11:45:11 -4.21 50.47 98.85
11:45:12 -3.62 50.47 98.85
11:45:13 -3.93 50.47 98.85
11:45:14 -1.95 50.47 98.85
11:45:15 3.23 50.47 98.85
11:45:16 13.35 50.47 98.85
11:45:17 27.52 50.47 98.85
11:45:18 41.70 50.47 98.85
11:45:19 50.43 50.47 98.85
11:45:20 50.60 50.47 98.85
11:45:21 44.81 50.47 98.85
11:45:22 33.63 50.47 98.85
11:45:23 22.91 50.47 98.85
11:45:24 14.31 50.47 98.85
11:45:25 8.29 50.47 98.85
11:45:26 4.48 50.47 98.85
11:45:27 2.06 50.47 98.85
11:45:28 1.12 50.47 98.85
11:45:29 -0.48 50.47 98.85
11:45:30 -1.25 50.47 98.85
11:45:31 -1.68 50.47 98.85
11:45:32 -2.46 50.47 98.85
11:45:33 -2.41 50.47 98.85
11:45:34 -3.12 50.47 98.85
11:45:35 -2.86 50.47 98.85
11:45:36 -3.58 50.47 98.85
11:45:37 -3.82 50.47 98.85
11:45:38 -4.01 50.47 98.85
11:45:39 -3.79 50.47 98.85
11:45:40 -3.58 50.47 98.85
11:45:41 -3.79 50.47 98.85
11:45:42 -3.89 50.47 98.85
11:45:43 -4.16 50.47 98.85
11:45:44 -3.84 50.47 98.85
11:45:45 -4.50 50.47 98.85
11:45:46 -3.31 50.47 98.85
11:45:47 -1.31 50.47 98.85
11:45:48 3.21 50.47 98.85
11:45:49 6.43 50.47 98.85
11:45:50 15.10 50.47 98.85
11:45:51 22.40 50.47 98.85
11:45:52 27.14 50.47 98.85
11:45:53 26.59 50.47 98.85
11:45:54 22.24 50.47 98.85
11:45:55 15.77 50.47 98.85
11:45:56 9.76 50.47 98.85
11:45:57 4.77 50.47 98.85
11:45:58 1.94 50.47 98.85
11:45:59 0.12 50.47 98.85
11:46:00 -2.01 50.47 98.85
11:46:01 -2.31 50.47 98.85
11:46:02 -3.13 50.47 98.85
11:46:03 -3.16 50.47 98.85
11:46:04 -3.47 50.47 98.85
11:46:05 -3.60 50.47 98.85
11:46:06 -3.99 50.47 98.85
11:46:07 -3.80 50.47 98.85
11:46:08 -4.16 50.47 98.85
11:46:09 -4.29 50.47 98.85
11:46:10 -3.67 50.47 98.85
11:46:11 -4.15 50.47 98.85
11:46:12 -4.39 50.47 98.85
11:46:13 -4.57 50.47 98.85
11:46:14 -4.09 50.47 98.85
11:46:15 -4.61 50.47 98.85
11:46:16 -4.15 50.47 98.85
11:46:17 -4.57 50.47 98.85
11:46:18 -4.45 50.47 98.85
11:46:19 -4.38 50.47 98.85
11:46:20 -4.47 50.47 98.85
11:46:21 -4.20 50.47 98.85
11:46:22 -3.90 50.47 98.85
11:46:23 -2.36 50.47 98.85
11:46:24 0.85 50.47 98.85
11:46:25 5.52 50.47 98.85
11:46:26 9.57 50.47 98.85
11:46:27 11.90 50.47 98.85
11:46:28 12.51 50.47 98.85
11:46:29 10.25 50.47 98.85
11:46:30 7.32 50.47 98.85
11:46:31 4.23 50.47 98.85
11:46:32 1.55 50.47 98.85
11:46:33 0.39 50.47 98.85
11:46:34 -1.44 50.47 98.85
11:46:35 -2.20 50.47 98.85
11:46:36 -2.64 50.47 98.85
11:46:37 -3.41 50.47 98.85
11:46:38 -3.50 50.47 98.85
11:46:39 -3.92 50.47 98.85
11:46:40 -4.06 50.47 98.85
11:46:41 -3.93 50.47 98.85
11:46:42 -4.35 50.47 98.85
11:46:43 -4.17 50.47 98.85
11:46:44 -4.06 50.47 98.85
11:46:45 -4.43 50.47 98.85
11:46:46 -4.31 50.47 98.85
11:46:47 -4.12 50.47 98.85
11:46:48 -4.37 50.47 98.85
11:46:49 -4.44 50.47 98.85
11:46:50 -4.32 50.47 98.85
11:46:51 -4.42 50.47 98.85
11:46:52 -4.30 50.47 98.85
11:46:53 -3.92 50.47 98.85
11:46:54 -3.31 50.47 98.85
11:46:55 -1.24 50.47 98.85
11:46:56 1.11 50.47 98.85
11:46:57 3.17 50.47 98.85
11:46:58 4.00 50.47 98.85
11:46:59 3.46 50.47 98.85
11:47:00 1.86 50.47 98.85
11:47:01 0.34 50.47 98.85
11:47:02 -0.95 50.47 98.85
11:47:03 -2.17 50.47 98.85
11:47:04 -2.94 50.47 98.85
11:47:05 -3.72 50.47 98.85
11:47:06 -3.45 50.47 98.85
11:47:07 -4.07 50.47 98.85
11:47:08 -4.48 50.47 98.86
11:47:09 -4.00 50.47 98.85
11:47:10 -4.32 50.47 98.85
11:47:11 -4.30 50.47 98.85
11:47:12 -4.24 50.47 98.85
11:47:13 -4.03 50.47 98.85
11:47:14 -4.66 50.47 98.85
11:47:15 -4.66 50.47 98.86
11:47:16 -4.84 50.47 98.86
11:47:17 -4.55 50.47 98.85
11:47:18 -4.42 50.47 98.85
11:47:19 -4.29 50.47 98.85
11:47:20 -4.68 50.47 98.85
11:47:21 -4.31 50.47 98.85
11:47:22 -4.50 50.47 98.85
11:47:23 -4.65 50.47 98.85
11:47:24 -4.67 50.47 98.85
11:47:25 -3.59 50.47 98.85
11:47:26 4.59 50.47 98.85
11:47:27 37.17 50.47 98.85
11:47:28 121.91 50.47 98.85
11:47:29 268.24 50.47 98.85
11:47:30 449.00 50.47 98.85
11:47:31 595.95 50.47 98.85
11:47:32 659.67 50.47 98.85
11:47:33 632.57 50.47 98.85
11:47:34 542.44 50.47 98.85
11:47:35 427.26 50.47 98.85
11:47:36 317.38 50.47 98.85
11:47:37 213.95 50.47 98.85
11:47:38 171.45 50.47 98.86
11:47:39 111.67 50.47 98.85
11:47:40 71.75 50.47 98.85
11:47:41 46.70 50.47 98.85
11:47:42 31.05 50.47 98.85
11:47:43 21.16 50.47 98.86
11:47:44 14.61 50.47 98.85
11:47:45 10.23 50.47 98.85
11:47:46 7.23 50.47 98.86
11:47:47 4.61 50.47 98.86
11:47:48 3.26 50.47 98.85
11:47:49 1.68 50.47 98.85
11:47:50 0.40 50.47 98.86
11:47:51 -0.61 50.47 98.86
11:47:52 -1.04 50.47 98.86
11:47:53 -1.33 50.47 98.86
11:47:54 -1.80 50.47 98.86
11:47:55 -2.14 50.47 98.86
11:47:56 -2.72 50.47 98.86
11:47:57 -2.80 50.47 98.86
11:47:58 -3.26 50.47 98.86
11:47:59 -3.60 50.47 98.86
11:48:00 -3.65 50.47 98.85
11:48:01 -3.31 50.47 98.85
11:48:02 -3.36 50.47 98.85
11:48:03 -3.34 50.47 98.85
11:48:04 -3.53 50.47 98.85
11:48:05 -3.79 50.47 98.85
11:48:06 -3.45 50.47 98.85
11:48:07 -3.29 50.47 98.85
11:48:08 0.88 50.47 98.85
11:48:09 19.55 50.47 98.85
11:48:10 68.77 50.47 98.85
11:48:11 156.78 50.47 98.85
11:48:12 267.89 50.47 98.85
11:48:13 364.46 50.47 98.85
11:48:14 410.86 50.47 98.85
11:48:15 399.68 50.47 98.85
11:48:16 347.41 50.47 98.85
11:48:17 277.20 50.47 98.85
11:48:18 207.37 50.47 98.85
11:48:19 138.60 50.47 98.85
11:48:20 90.25 50.47 98.86
11:48:21 73.17 50.47 98.86
11:48:22 48.03 50.47 98.86
11:48:23 31.93 50.47 98.86
11:48:24 21.51 50.47 98.86
11:48:25 15.10 50.47 98.86
11:48:26 10.51 50.47 98.86
11:48:27 7.42 50.47 98.86
11:48:28 4.65 50.47 98.86
11:48:29 3.23 50.47 98.86
11:48:30 2.09 50.47 98.86
11:48:31 0.59 50.47 98.86
11:48:32 -0.07 50.47 98.86
11:48:33 -0.78 50.47 98.86
11:48:34 -1.54 50.47 98.86
11:48:35 -1.55 50.47 98.86
11:48:36 -2.19 50.47 98.86
11:48:37 -2.45 50.47 98.86
11:48:38 -2.69 50.47 98.86
11:48:39 -2.93 50.47 98.86
11:48:40 -3.31 50.47 98.86
11:48:41 -3.58 50.47 98.86
11:48:42 -3.06 50.47 98.86
11:48:43 -3.02 50.47 98.86
11:48:44 -3.58 50.47 98.86
11:48:45 -3.66 50.47 98.86
11:48:46 -3.87 50.47 98.86
11:48:47 -3.99 50.47 98.85
11:48:48 -3.86 50.47 98.85
11:48:49 -3.43 50.47 98.85
11:48:50 -1.91 50.47 98.85
11:48:51 6.97 50.47 98.86
11:48:52 29.74 50.47 98.85
11:48:53 70.58 50.47 98.85
11:48:54 121.19 50.47 98.86
11:48:55 165.22 50.47 98.85
11:48:56 186.90 50.47 98.85
11:48:57 182.09 50.47 98.85
11:48:58 158.29 50.47 98.85
11:48:59 125.02 50.47 98.85
11:49:00 93.23 50.47 98.85
11:49:01 65.09 50.47 98.85
11:49:02 41.38 50.47 98.85
11:49:03 26.55 50.47 98.86
11:49:04 16.92 50.47 98.86
11:49:05 13.47 50.47 98.86
11:49:06 8.88 50.47 98.86
11:49:07 5.52 50.47 98.86
11:49:08 2.91 50.47 98.86
11:49:09 1.92 50.47 98.86
11:49:10 0.46 50.47 98.85
11:49:11 -0.24 50.47 98.85
11:49:12 -1.06 50.47 98.86
11:49:13 -1.58 50.47 98.86
11:49:14 -2.21 50.47 98.85
11:49:15 -2.25 50.47 98.85
11:49:16 -2.89 50.47 98.86
11:49:17 -3.02 50.47 98.86
11:49:18 -3.12 50.47 98.86
11:49:19 -3.67 50.47 98.86
11:49:20 -3.45 50.47 98.86
11:49:21 -3.91 50.47 98.86
11:49:22 -3.85 50.47 98.86
11:49:23 -3.91 50.47 98.86
11:49:24 -3.96 50.47 98.85
11:49:25 -3.77 50.47 98.85
11:49:26 -4.07 50.47 98.85
11:49:27 -4.19 50.47 98.85
11:49:28 -3.89 50.47 98.86
11:49:29 -3.86 50.47 98.85
11:49:30 -3.86 50.47 98.85
11:49:31 -1.19 50.47 98.85
11:49:32 12.08 50.47 98.86
11:49:33 48.46 50.47 98.85
11:49:34 115.70 50.47 98.85
11:49:35 202.45 50.47 98.85
11:49:36 283.16 50.47 98.85
11:49:37 325.79 50.47 98.85
11:49:38 323.53 50.47 98.85
11:49:39 285.70 50.47 98.85
11:49:40 231.46 50.47 98.85
11:49:41 175.97 50.47 98.86
11:49:42 126.02 50.47 98.86
11:49:43 83.44 50.47 98.86
11:49:44 56.19 50.47 98.86
11:49:45 38.59 50.47 98.86
11:49:46 26.97 50.47 98.86
11:49:47 19.36 50.47 98.86
11:49:48 16.46 50.47 98.86
11:49:49 12.16 50.47 98.86
11:49:50 8.92 50.47 98.86
11:49:51 6.71 50.47 98.86
11:49:52 4.81 50.47 98.86
11:49:53 3.04 50.47 98.86
11:49:54 2.22 50.47 98.86
11:49:55 1.22 50.47 98.86
11:49:56 0.14 50.47 98.86
11:49:57 0.21 50.47 98.86
11:49:58 -1.26 50.47 98.86
11:49:59 -1.68 50.47 98.86
11:50:00 -2.06 50.47 98.86
11:50:01 -2.27 50.47 98.86
11:50:02 -2.64 50.47 98.86
11:50:03 -2.30 50.47 98.86
11:50:04 -2.64 50.47 98.86
11:50:05 -3.68 50.47 98.86
11:50:06 -3.70 50.47 98.88
11:50:07 -3.36 50.47 98.86
11:50:08 -3.51 50.47 98.86
11:50:09 -3.81 50.47 98.86
11:50:10 -3.48 50.47 98.86
11:50:11 -3.98 50.47 98.86
11:50:12 -3.56 50.47 98.86
11:50:13 -3.99 50.47 98.86
11:50:14 -3.84 50.47 98.86
11:50:15 -2.75 50.47 98.86
11:50:16 4.34 50.47 98.86
11:50:17 31.09 50.47 98.86
11:50:18 93.03 50.47 98.86
11:50:19 195.11 50.47 98.86
11:50:20 311.41 50.47 98.86
11:50:21 400.55 50.47 98.86
11:50:22 432.48 50.47 98.86
11:50:23 407.84 50.47 98.86
11:50:24 347.12 50.47 98.86
11:50:25 272.45 50.47 98.86
11:50:26 203.60 50.47 98.86
11:50:27 138.11 50.47 98.86
11:50:28 91.01 50.47 98.86
11:50:29 61.67 50.47 98.86
11:50:30 42.62 50.47 98.86
11:50:31 35.80 50.47 98.86
11:50:32 25.18 50.47 98.86
11:50:33 18.41 50.47 98.86
11:50:34 13.21 50.47 98.86
11:50:35 10.52 50.47 98.86
11:50:36 7.20 50.47 98.86
11:50:37 5.46 50.47 98.86
11:50:38 3.95 50.47 98.86
11:50:39 2.51 50.47 98.86
11:50:40 1.28 50.47 98.86
11:50:41 0.62 50.47 98.86
11:50:42 -0.09 50.47 98.86
11:50:43 -0.88 50.47 98.86
11:50:44 -1.27 50.47 98.86
11:50:45 -1.97 50.47 98.86
11:50:46 -1.95 50.47 98.86
11:50:47 -2.21 50.47 98.88
11:50:48 -2.68 50.47 98.88
11:50:49 -2.87 50.47 98.86
11:50:50 -2.86 50.47 98.86
11:50:51 -3.19 50.47 98.86
11:50:52 -3.08 50.47 98.86
11:50:53 -3.01 50.47 98.86
11:50:54 -3.46 50.47 98.86
11:50:55 -3.41 50.47 98.86
11:50:56 -3.66 50.47 98.86
11:50:57 -3.55 50.47 98.86
11:50:58 -3.64 50.47 98.86
11:50:59 0.20 50.47 98.86
11:51:00 15.05 50.47 98.86
11:51:01 53.08 50.47 98.86
11:51:02 119.20 50.47 98.86
11:51:03 199.70 50.47 98.86
11:51:04 267.20 50.47 98.86
11:51:05 298.86 50.47 98.86
11:51:06 288.50 50.47 98.86
11:51:07 249.51 50.47 98.86
11:51:08 197.95 50.47 98.86
11:51:09 147.51 50.47 98.86
11:51:10 103.81 50.47 98.86
11:51:11 66.93 50.47 98.86
11:51:12 43.17 50.47 98.88
11:51:13 28.23 50.47 98.88
11:51:14 18.50 50.47 98.86
11:51:15 15.69 50.47 98.86
11:51:16 10.79 50.47 98.86
11:51:17 6.78 50.47 98.86
11:51:18 4.78 50.47 98.86
11:51:19 3.13 50.47 98.86
11:51:20 1.73 50.47 98.86
11:51:21 0.27 50.47 98.86
11:51:22 -0.21 50.47 98.86
11:51:23 -0.91 50.47 98.86
11:51:24 -1.46 50.47 98.88
11:51:25 -1.98 50.47 98.88
11:51:26 -2.49 50.47 98.88
11:51:27 -2.50 50.47 98.86
11:51:28 -2.92 50.47 98.86
11:51:29 -2.69 50.47 98.86
11:51:30 -3.55 50.47 98.86
11:51:31 -3.45 50.47 98.88
11:51:32 -3.57 50.47 98.86
11:51:33 -3.51 50.47 98.86
11:51:34 -3.50 50.47 98.86
11:51:35 -3.85 50.47 98.86
11:51:36 -3.79 50.47 98.86
11:51:37 -3.78 50.47 98.86
11:51:38 -3.86 50.47 98.86
11:51:39 -3.84 50.47 98.86
11:51:40 -3.56 50.47 98.86
11:51:41 1.74 50.47 98.86
11:51:42 20.39 50.47 98.86
11:51:43 65.53 50.47 98.86
11:51:44 139.59 50.47 98.86
11:51:45 225.12 50.47 98.86
11:51:46 292.76 50.47 98.86
11:51:47 319.02 50.47 98.86
11:51:48 304.61 50.47 98.86
11:51:49 261.53 50.47 98.86
11:51:50 207.22 50.47 98.86
11:51:51 155.80 50.47 98.86
11:51:52 107.88 50.47 98.86
11:51:53 72.25 50.47 98.86
11:51:54 50.31 50.47 98.86
11:51:55 34.25 50.47 98.86
11:51:56 24.15 50.47 98.88
11:51:57 17.67 50.47 98.86
11:51:58 15.04 50.47 98.86
11:51:59 11.62 50.47 98.86
11:52:00 8.27 50.47 98.86
11:52:01 6.44 50.47 98.86
11:52:02 4.78 50.47 98.86
11:52:03 2.85 50.47 98.88
11:52:04 2.11 50.47 98.86
11:52:05 0.59 50.47 98.86
11:52:06 0.55 50.47 98.86
11:52:07 -0.63 50.47 98.86
11:52:08 -0.87 50.47 98.88
11:52:09 -1.26 50.47 98.86
11:52:10 -2.01 50.47 98.86
11:52:11 -2.00 50.47 98.86
11:52:12 -2.50 50.47 98.88
11:52:13 -2.79 50.47 98.88
11:52:14 -3.07 50.47 98.86
11:52:15 -3.15 50.47 98.86
11:52:16 -2.85 50.47 98.86
11:52:17 -3.52 50.47 98.86
11:52:18 -3.30 50.47 98.86
11:52:19 -3.40 50.47 98.86
11:52:20 -3.56 50.47 98.86
11:52:21 -3.60 50.47 98.86
11:52:22 -3.65 50.47 98.86
11:52:23 -3.64 50.47 98.86
11:52:24 0.25 50.47 98.86
11:52:25 15.46 50.47 98.86
11:52:26 58.37 50.47 98.86
11:52:27 138.35 50.47 98.86
11:52:28 243.65 50.47 98.86
11:52:29 340.47 50.47 98.86
11:52:30 391.94 50.47 98.86
11:52:31 390.34 50.47 98.86
11:52:32 344.89 50.47 98.86
11:52:33 279.41 50.47 98.86
11:52:34 213.22 50.47 98.86
11:52:35 151.97 50.47 98.86
11:52:36 100.61 50.47 98.86
11:52:37 68.16 50.47 98.86
11:52:38 46.83 50.47 98.86
11:52:39 32.43 50.47 98.88
11:52:40 23.21 50.47 98.88
11:52:41 17.31 50.47 98.88
11:52:42 14.86 50.47 98.88
11:52:43 10.69 50.47 98.88
11:52:44 8.23 50.47 98.86
11:52:45 5.93 50.47 98.86
11:52:46 4.17 50.47 98.88
11:52:47 2.73 50.47 98.88
11:52:48 1.86 50.47 98.88
11:52:49 0.54 50.47 98.86
11:52:50 -0.18 50.47 98.88
11:52:51 -0.43 50.47 98.88
11:52:52 -1.11 50.47 98.86
11:52:53 -1.38 50.47 98.86
11:52:54 -2.31 50.47 98.86
11:52:55 -1.88 50.47 98.86
11:52:56 -2.64 50.47 98.86
11:52:57 -2.61 50.47 98.88
11:52:58 -3.04 50.47 98.88
11:52:59 -3.04 50.47 98.88
11:53:00 -3.17 50.47 98.88
11:53:01 -3.25 50.47 98.88
11:53:02 -3.43 50.47 98.88
11:53:03 -3.50 50.47 98.88
11:53:04 -3.42 50.47 98.88
11:53:05 -4.06 50.47 98.88
11:53:06 -3.83 50.47 98.88
11:53:07 -3.77 50.47 98.88
11:53:08 -4.03 50.47 98.88
11:53:09 -3.79 50.47 98.88
11:53:10 -4.01 50.47 98.88
11:53:11 -4.02 50.47 98.88
11:53:12 -4.54 50.47 98.88
11:53:13 -4.39 50.47 98.88
11:53:14 -4.19 50.47 98.88
11:53:15 -4.08 50.47 98.88
11:53:16 -4.56 50.47 98.88
11:53:17 -4.02 50.47 98.88
11:53:18 -4.22 50.47 98.88
11:53:19 -4.34 50.47 98.88
11:53:20 -4.14 50.47 98.88
11:53:21 -4.64 50.47 98.88
11:53:22 -4.24 50.47 98.86
11:53:23 -4.22 50.47 98.86
11:53:24 -4.29 50.47 98.88
11:53:25 -4.14 50.47 98.88
11:53:26 -4.37 50.47 98.88
11:53:27 -4.70 50.47 98.88
11:53:28 -4.37 50.47 98.88
11:53:29 -4.57 50.47 98.88
11:53:30 -4.42 50.47 98.86
11:53:31 -4.23 50.47 98.86
11:53:32 -4.36 50.47 98.88
11:53:33 -4.42 50.47 98.88
11:53:34 -4.15 50.47 98.88
11:53:35 -4.53 50.47 98.88
11:53:36 -4.58 50.47 98.88
11:53:37 -4.38 50.47 98.88
11:53:38 -4.72 50.47 98.88
11:53:39 -4.48 50.47 98.88
11:53:40 -4.44 50.47 98.88
11:53:41 -4.55 50.47 98.86
11:53:42 -4.32 50.47 98.86
11:53:43 -4.66 50.47 98.86
11:53:44 -4.25 50.47 98.86
11:53:45 -4.26 50.47 98.86
11:53:46 -4.78 50.47 98.88
11:53:47 -5.20 50.47 98.88
11:53:48 -4.34 50.47 98.86
11:53:49 -4.49 50.47 98.86
11:53:50 -4.61 50.47 98.86
11:53:51 -4.37 50.47 98.88
11:53:52 -4.78 50.47 98.86
11:53:53 -4.39 50.47 98.86
11:53:54 -4.29 50.47 98.88
11:53:55 -4.60 50.47 98.88
11:53:56 -4.52 50.47 98.88
11:53:57 -4.43 50.47 98.88
11:53:58 -4.52 50.47 98.88
11:53:59 -4.58 50.47 98.88
11:54:00 -4.62 50.47 98.88
11:54:01 -5.04 50.47 98.88
11:54:02 -4.49 50.47 98.88
11:54:03 -4.56 50.47 98.88
11:54:04 -4.47 50.47 98.88
11:54:05 -4.52 50.47 98.88
11:54:06 -4.52 50.47 98.88
11:54:07 -4.38 50.47 98.88
11:54:08 -4.59 50.47 98.88
11:54:09 -4.28 50.47 98.88
11:54:10 -4.56 50.47 98.88
11:54:11 -4.59 50.47 98.88
11:54:12 -4.27 50.47 98.88
11:54:13 -4.86 50.47 98.86
11:54:14 -4.30 50.47 98.86
11:54:15 -4.72 50.47 98.88
11:54:16 -4.24 50.47 98.88
11:54:17 -4.53 50.47 98.88
11:54:18 -4.43 50.47 98.88
11:54:19 -4.83 50.47 98.88
11:54:20 -4.60 50.47 98.86
11:54:21 -4.52 50.47 98.86
11:54:22 -4.43 50.47 98.86
11:54:23 -4.38 50.47 98.86
11:54:24 -4.83 50.47 98.86
11:54:25 -4.51 50.47 98.88
11:54:26 -4.78 50.47 98.88
11:54:27 -4.53 50.47 98.88
11:54:28 -4.49 50.47 98.88
11:54:29 -4.34 50.47 98.88
11:54:30 -4.27 50.47 98.88
11:54:31 -4.48 50.47 98.86
11:54:32 -4.68 50.47 98.86
11:54:33 -4.71 50.47 98.88
11:54:34 -4.30 50.47 98.88
11:54:35 -4.60 50.47 98.88
11:54:36 -4.52 50.47 98.88
11:54:37 -4.62 50.47 98.88
11:54:38 -4.45 50.47 98.86
11:54:39 -4.64 50.47 98.86
11:54:40 -4.73 50.47 98.88
11:54:41 -4.28 50.47 98.86
11:54:42 -4.59 50.47 98.86
11:54:43 -4.70 50.47 98.86
11:54:44 -4.37 50.47 98.88
11:54:45 -4.62 50.47 98.88
11:54:46 -4.70 50.47 98.88
11:54:47 -4.85 50.47 98.88
11:54:48 -4.31 50.47 98.88
11:54:49 -4.79 50.47 98.88
11:54:50 -4.64 50.47 98.86
11:54:51 -4.53 50.47 98.86
11:54:52 -4.62 50.47 98.86
11:54:53 -4.68 50.47 98.86
11:54:54 -4.83 50.47 98.86
11:54:55 -4.01 50.47 98.88
11:54:56 -2.18 50.47 98.88
11:54:57 5.19 50.47 98.86
11:54:58 21.69 50.47 98.86
11:54:59 47.12 50.47 98.86
11:55:00 75.63 50.47 98.86
11:55:01 96.83 50.47 98.86
11:55:02 103.05 50.47 98.86
11:55:03 95.74 50.47 98.86
11:55:04 79.85 50.47 98.88
11:55:05 61.70 50.47 98.86
11:55:06 44.08 50.47 98.86
11:55:07 30.01 50.47 98.86
11:55:08 18.21 50.47 98.86
11:55:09 11.27 50.47 98.88
11:55:10 6.74 50.47 98.88
11:55:11 4.16 50.47 98.88
11:55:12 1.90 50.47 98.88
11:55:13 0.63 50.47 98.88
11:55:14 0.35 50.47 98.86
11:55:15 -0.53 50.47 98.86
11:55:16 -1.30 50.47 98.88
11:55:17 -1.84 50.47 98.88
11:55:18 -2.36 50.47 98.88
11:55:19 -2.80 50.47 98.86
11:55:20 -2.66 50.47 98.86
11:55:21 -3.41 50.47 98.88
11:55:22 -3.40 50.47 98.88
11:55:23 -3.28 50.47 98.86
11:55:24 -3.60 50.47 98.88
11:55:25 -4.17 50.47 98.88
11:55:26 -4.26 50.47 98.88
11:55:27 -4.03 50.47 98.88
11:55:28 -4.41 50.47 98.88
11:55:29 -3.75 50.47 98.86
11:55:30 -4.19 50.47 98.86
11:55:31 -4.16 50.47 98.86
11:55:32 -4.43 50.47 98.86
11:55:33 -4.59 50.47 98.86
11:55:34 -4.06 50.47 98.88
11:55:35 -4.06 50.47 98.88
11:55:36 -3.02 50.47 98.86
11:55:37 3.57 50.47 98.86
11:55:38 18.86 50.47 98.88
11:55:39 45.86 50.47 98.88
11:55:40 78.63 50.47 98.88
11:55:41 106.68 50.47 98.88
11:55:42 120.59 50.47 98.88
11:55:43 117.50 50.47 98.86
11:55:44 101.95 50.47 98.86
11:55:45 81.02 50.47 98.86
11:55:46 60.60 50.47 98.86
11:55:47 40.33 50.47 98.86
11:55:48 25.38 50.47 98.88
11:55:49 16.34 50.47 98.88
11:55:50 10.06 50.47 98.88
11:55:51 6.40 50.47 98.88
11:55:52 3.34 50.47 98.88
11:55:53 1.95 50.47 98.88
11:55:54 0.52 50.47 98.88
11:55:55 -0.19 50.47 98.88
11:55:56 -1.17 50.47 98.88
11:55:57 -1.87 50.47 98.88
11:55:58 -1.74 50.47 98.88
11:55:59 -2.42 50.47 98.88
11:56:00 -2.65 50.47 98.88
11:56:01 -3.03 50.47 98.88
11:56:02 -3.65 50.47 98.88
11:56:03 -3.18 50.47 98.88
11:56:04 -3.68 50.47 98.88
11:56:05 -4.21 50.47 98.88
11:56:06 -3.68 50.47 98.88
11:56:07 -3.88 50.47 98.88
11:56:08 -3.72 50.47 98.88
11:56:09 -4.32 50.47 98.88
11:56:10 -3.98 50.47 98.88
11:56:11 -4.37 50.47 98.86
11:56:12 -3.57 50.47 98.86
11:56:13 -1.21 50.47 98.86
11:56:14 6.34 50.47 98.86
11:56:15 20.08 50.47 98.88
11:56:16 38.19 50.47 98.88
11:56:17 54.81 50.47 98.88
11:56:18 63.77 50.47 98.88
11:56:19 64.69 50.47 98.88
11:56:20 60.65 50.47 98.86
11:56:21 50.10 50.47 98.86
11:56:22 37.75 50.47 98.88
11:56:23 26.89 50.47 98.88
11:56:24 16.14 50.47 98.88
11:56:25 9.20 50.47 98.88
11:56:26 4.38 50.47 98.88
11:56:27 1.69 50.47 98.88
11:56:28 -0.11 50.47 98.88
11:56:29 -1.51 50.47 98.88
11:56:30 -2.31 50.47 98.88
11:56:31 -2.71 50.47 98.88
11:56:32 -2.61 50.47 98.86
11:56:33 -3.40 50.47 98.86
11:56:34 -3.97 50.47 98.86
11:56:35 -3.74 50.47 98.88
11:56:36 -3.84 50.47 98.86
11:56:37 -3.93 50.47 98.86
11:56:38 -3.86 50.47 98.88
11:56:39 -4.38 50.47 98.88
11:56:40 -4.17 50.47 98.88
11:56:41 -4.54 50.47 98.88
11:56:42 -4.83 50.47 98.86
11:56:43 -4.19 50.47 98.86
11:56:44 -4.23 50.47 98.86
11:56:45 -4.10 50.47 98.86
11:56:46 -4.72 50.47 98.86
11:56:47 -4.36 50.47 98.86
11:56:48 -4.32 50.47 98.88
11:56:49 -3.64 50.47 98.86
11:56:50 2.15 50.47 98.86
11:56:51 20.23 50.47 98.88
11:56:52 59.09 50.47 98.88
11:56:53 116.43 50.47 98.86
11:56:54 175.96 50.47 98.86
11:56:55 217.40 50.47 98.86
11:56:56 227.29 50.47 98.86
11:56:57 210.23 50.47 98.86
11:56:58 175.86 50.47 98.86
11:56:59 136.23 50.47 98.86
11:57:00 100.15 50.47 98.88
11:57:01 67.28 50.47 98.86
11:57:02 54.97 50.47 98.86
11:57:03 36.38 50.47 98.86
11:57:04 24.52 50.47 98.86
11:57:05 17.25 50.47 98.86
11:57:06 11.40 50.47 98.88
11:57:07 8.13 50.47 98.86
11:57:08 6.03 50.47 98.86
11:57:09 3.93 50.47 98.88
11:57:10 1.97 50.47 98.88
11:57:11 1.25 50.47 98.86
11:57:12 0.10 50.47 98.86
11:57:13 -0.54 50.47 98.88
11:57:14 -0.96 50.47 98.86
11:57:15 -1.43 50.47 98.86
11:57:16 -2.10 50.47 98.88
11:57:17 -2.36 50.47 98.88
11:57:18 -2.88 50.47 98.88
11:57:19 -3.13 50.47 98.88
11:57:20 -2.71 50.47 98.90
11:57:21 -3.45 50.47 98.88
11:57:22 -3.22 50.47 98.88
11:57:23 -3.49 50.47 98.88
11:57:24 -3.55 50.47 98.88
11:57:25 -3.49 50.47 98.88
11:57:26 -3.98 50.47 98.88
11:57:27 -4.16 50.47 98.88
11:57:28 -4.09 50.47 98.88
11:57:29 -3.94 50.47 98.86
11:57:30 -4.28 50.47 98.86
11:57:31 -4.23 50.47 98.88
11:57:32 -2.82 50.47 98.86
11:57:33 2.20 50.47 98.86
11:57:34 20.28 50.47 98.88
11:57:35 58.85 50.47 98.90
11:57:36 117.00 50.47 98.88
11:57:37 177.90 50.47 98.88
11:57:38 220.20 50.47 98.88
11:57:39 229.34 50.47 98.88
11:57:40 210.08 50.47 98.88
11:57:41 173.95 50.47 98.88
11:57:42 132.91 50.47 98.88
11:57:43 95.72 50.47 98.88
11:57:44 61.36 50.47 98.88
11:57:45 37.82 50.47 98.88
11:57:46 29.49 50.47 98.86
11:57:47 18.87 50.47 98.86
11:57:48 10.93 50.47 98.88
11:57:49 6.29 50.47 98.88
11:57:50 3.40 50.47 98.86
11:57:51 1.83 50.47 98.86
11:57:52 0.25 50.47 98.86
11:57:53 -0.70 50.47 98.86
11:57:54 -1.54 50.47 98.88
11:57:55 -2.02 50.47 98.88
11:57:56 -2.48 50.47 98.86
11:57:57 -2.91 50.47 98.86
11:57:58 -3.36 50.47 98.86
11:57:59 -3.38 50.47 98.86
11:58:00 -3.66 50.47 98.86
11:58:01 -3.89 50.47 98.86
11:58:02 -4.01 50.47 98.86
11:58:03 -4.10 50.47 98.86
11:58:04 -3.96 50.47 98.86
11:58:05 -4.16 50.47 98.86
11:58:06 -4.22 50.47 98.86
11:58:07 -3.85 50.47 98.86
11:58:08 -4.19 50.47 98.86
11:58:09 -3.93 50.47 98.86
11:58:10 -4.22 50.47 98.88
11:58:11 -2.14 50.47 98.86
11:58:12 5.44 50.47 98.88
11:58:13 25.16 50.47 98.86
11:58:14 59.31 50.47 98.86
11:58:15 100.75 50.47 98.86
11:58:16 135.98 50.47 98.86
11:58:17 152.59 50.47 98.86
11:58:18 147.17 50.47 98.88
11:58:19 126.68 50.47 98.86
11:58:20 100.15 50.47 98.86
11:58:21 73.55 50.47 98.86
11:58:22 48.85 50.47 98.86
11:58:23 29.97 50.47 98.86
11:58:24 18.36 50.47 98.86
11:58:25 10.49 50.47 98.86
11:58:26 5.92 50.47 98.86
11:58:27 2.98 50.47 98.86
11:58:28 1.33 50.47 98.86
11:58:29 0.90 50.47 98.86
11:58:30 -0.52 50.47 98.86
11:58:31 -1.86 50.47 98.86
11:58:32 -1.90 50.47 98.86
11:58:33 -2.51 50.47 98.86
11:58:34 -3.06 50.47 98.86
11:58:35 -3.41 50.47 98.86
11:58:36 -3.01 50.47 98.86
11:58:37 -3.74 50.47 98.86
11:58:38 -4.03 50.47 98.88
11:58:39 -3.82 50.47 98.86
11:58:40 -4.03 50.47 98.86
11:58:41 -4.21 50.47 98.86
11:58:42 -4.00 50.47 98.86
11:58:43 -4.12 50.47 98.86
11:58:44 -4.32 50.47 98.88
11:58:45 -4.19 50.47 98.86
11:58:46 -4.28 50.47 98.86
11:58:47 -3.29 50.47 98.86
11:58:48 1.05 50.47 98.86
11:58:49 13.69 50.47 98.86
11:58:50 39.19 50.47 98.86
11:58:51 56.07 50.47 98.86
11:58:52 91.33 50.47 98.86
11:58:53 119.57 50.47 98.86
11:58:54 130.35 50.47 98.86
11:58:55 123.48 50.47 98.86
11:58:56 104.42 50.47 98.86
11:58:57 81.24 50.47 98.86
11:58:58 59.23 50.47 98.86
11:58:59 40.91 50.47 98.88
11:59:00 27.92 50.47 98.88
11:59:01 16.79 50.47 98.88
11:59:02 9.28 50.47 98.90
11:59:03 5.59 50.47 98.90
11:59:04 2.49 50.47 98.88
11:59:05 0.94 50.47 98.88
11:59:06 -0.54 50.47 98.88
11:59:07 -1.09 50.47 98.88
11:59:08 -1.86 50.47 98.88
11:59:09 -2.61 50.47 98.88
11:59:10 -3.14 50.47 98.88
11:59:11 -3.26 50.47 98.88
11:59:12 -2.95 50.47 98.88
11:59:13 -3.64 50.47 98.90
11:59:14 -3.54 50.47 98.88
11:59:15 -3.78 50.47 98.88
11:59:16 -4.07 50.47 98.88
11:59:17 -4.00 50.47 98.88
11:59:18 -4.21 50.47 98.90
11:59:19 -4.46 50.47 98.88
11:59:20 -4.14 50.47 98.88
11:59:21 -4.39 50.47 98.88
11:59:22 -4.31 50.47 98.88
11:59:23 -4.32 50.47 98.90
11:59:24 -4.17 50.47 98.90
11:59:25 -4.44 50.47 98.88
11:59:26 -4.59 50.47 98.88
11:59:27 -4.37 50.47 98.88
11:59:28 -3.36 50.47 98.88
11:59:29 1.79 50.47 98.88
11:59:30 19.79 50.47 98.88
11:59:31 57.56 50.47 98.88
11:59:32 114.36 50.47 98.88
11:59:33 173.81 50.47 98.88
11:59:34 198.49 50.47 98.88
11:59:35 225.82 50.47 98.88
11:59:36 220.75 50.47 98.88
11:59:37 192.33 50.47 98.90
11:59:38 153.95 50.47 98.88
11:59:39 113.31 50.47 98.90
11:59:40 74.61 50.47 98.88
11:59:41 48.96 50.47 98.90
11:59:42 31.52 50.47 98.88
11:59:43 20.21 50.47 98.88
11:59:44 12.95 50.47 98.88
11:59:45 8.66 50.47 98.88
11:59:46 5.46 50.47 98.88
11:59:47 2.77 50.47 98.88
11:59:48 1.66 50.47 98.88
11:59:49 0.45 50.47 98.88
11:59:50 -0.57 50.47 98.88
11:59:51 -1.04 50.47 98.88
11:59:52 -1.87 50.47 98.88
11:59:53 -2.32 50.47 98.88
11:59:54 -2.67 50.47 98.88
11:59:55 -2.86 50.47 98.88
11:59:56 -3.03 50.47 98.88
11:59:57 -3.27 50.47 98.88
11:59:58 -3.55 50.47 98.86
11:59:59 -3.79 50.47 98.86
12:00:00 -3.73 50.47 98.86
12:00:01 -3.95 50.47 98.86
12:00:02 -4.07 50.47 98.86
12:00:03 -4.05 50.47 98.86
12:00:04 -4.22 50.47 98.90
12:00:05 -3.96 50.47 98.86
12:00:06 -4.23 50.47 98.86
12:00:07 -4.06 50.47 98.90
12:00:08 -4.07 50.47 98.88
12:00:09 -4.45 50.47 98.88
12:00:10 -4.48 50.47 98.88
12:00:11 -4.25 50.47 98.86
12:00:12 -4.43 50.47 98.86
12:00:13 -4.03 50.47 98.86
12:00:14 -4.43 50.47 98.86
12:00:15 -3.98 50.47 98.86
12:00:16 -4.73 50.47 98.86
12:00:17 -4.63 50.47 98.88
12:00:18 -4.43 50.47 98.88
12:00:19 -4.57 50.47 98.86
12:00:20 -4.68 50.47 98.86
12:00:21 -4.23 50.47 98.86
12:00:22 -4.52 50.47 98.86
12:00:23 -4.50 50.47 98.86
12:00:24 -4.60 50.47 98.88
12:00:25 -4.71 50.47 98.88
12:00:26 -4.31 50.47 98.86
12:00:27 -4.50 50.47 98.86
12:00:28 -4.70 50.47 98.86
12:00:29 -4.66 50.47 98.88
12:00:30 -4.30 50.47 98.86
12:00:31 -4.62 50.47 98.86
12:00:32 -4.92 50.47 98.86
12:00:33 -4.65 50.47 98.86
12:00:34 -4.59 50.47 98.86
12:00:35 -4.60 50.47 98.88
12:00:36 -4.20 50.47 98.86
12:00:37 -4.76 50.47 98.86
12:00:38 -4.36 50.47 98.88
12:00:39 -4.66 50.47 98.88
12:00:40 -4.63 50.47 98.86
12:00:41 -4.56 50.47 98.86
12:00:42 -5.09 50.47 98.90
12:00:43 -4.34 50.47 98.88
12:00:44 -4.33 50.47 98.88
12:00:45 -4.55 50.47 98.86
12:00:46 -5.09 50.47 98.88
12:00:47 -4.73 50.47 98.88
12:00:48 -4.07 50.47 98.88
12:00:49 -4.74 50.47 98.88
12:00:50 -4.37 50.47 98.86
12:00:51 -4.45 50.47 98.88
12:00:52 -4.37 50.47 98.86
12:00:53 -4.83 50.47 98.88
12:00:54 -4.84 50.47 98.88
12:00:55 -5.00 50.47 98.86
12:00:56 -4.55 50.47 98.88
12:00:57 -4.66 50.47 98.86
12:00:58 -4.39 50.47 98.88
12:00:59 -4.79 50.47 98.86
12:01:00 -4.50 50.47 98.86
12:01:01 -4.56 50.47 98.88
12:01:02 -4.45 50.47 98.86
12:01:03 -4.90 50.47 98.86
12:01:04 -4.08 50.47 98.86
12:01:05 -1.72 50.47 98.88
12:01:06 9.60 50.47 98.86
12:01:07 37.54 50.47 98.86
12:01:08 87.97 50.47 98.86
12:01:09 149.44 50.47 98.86
12:01:10 203.62 50.47 98.86
12:01:11 230.82 50.47 98.86
12:01:12 226.39 50.47 98.86
12:01:13 197.53 50.47 98.86
12:01:14 159.02 50.47 98.86
12:01:15 119.74 50.47 98.88
12:01:16 82.55 50.47 98.88
12:01:17 54.39 50.47 98.86
12:01:18 35.44 50.47 98.88
12:01:19 24.34 50.47 98.86
12:01:20 16.48 50.47 98.86
12:01:21 10.90 50.47 98.88
12:01:22 7.72 50.47 98.86
12:01:23 6.72 50.47 98.88
12:01:24 4.16 50.47 98.86
12:01:25 2.39 50.47 98.88
12:01:26 1.19 50.47 98.88
12:01:27 0.49 50.47 98.90
12:01:28 -0.11 50.47 98.88
12:01:29 -1.04 50.47 98.88
12:01:30 -1.27 50.47 98.88
12:01:31 -2.07 50.47 98.90
12:01:32 -2.57 50.47 98.90
12:01:33 -3.15 50.47 98.88
12:01:34 -2.81 50.47 98.86
12:01:35 -3.57 50.47 98.86
12:01:36 -3.23 50.47 98.88
12:01:37 -3.53 50.47 98.88
12:01:38 -3.53 50.47 98.86
12:01:39 -3.91 50.47 98.86
12:01:40 -3.77 50.47 98.86
12:01:41 -3.80 50.47 98.86
12:01:42 -1.62 50.47 98.86
12:01:43 10.00 50.47 98.86
12:01:44 24.39 50.47 98.86
12:01:45 82.06 50.47 98.86
12:01:46 182.88 50.47 98.88
12:01:47 308.56 50.47 98.86
12:01:48 415.68 50.47 98.86
12:01:49 466.03 50.47 98.86
12:01:50 452.97 50.47 98.86
12:01:51 393.12 50.47 98.86
12:01:52 314.55 50.47 98.86
12:01:53 237.11 50.47 98.86
12:01:54 164.56 50.47 98.86
12:01:55 108.61 50.47 98.86
12:01:56 73.11 50.47 98.86
12:01:57 49.93 50.47 98.86
12:01:58 34.86 50.47 98.86
12:01:59 25.46 50.47 98.88
12:02:00 18.77 50.47 98.86
12:02:01 13.12 50.47 98.86
12:02:02 10.17 50.47 98.86
12:02:03 7.57 50.47 98.88
12:02:04 5.79 50.47 98.86
12:02:05 3.65 50.47 98.88
12:02:06 3.52 50.47 98.86
12:02:07 1.96 50.47 98.88
12:02:08 0.98 50.47 98.86
12:02:09 -0.04 50.47 98.86
12:02:10 -0.62 50.47 98.86
12:02:11 -1.23 50.47 98.88
12:02:12 -1.27 50.47 98.88
12:02:13 -2.08 50.47 98.88
12:02:14 -2.04 50.47 98.88
12:02:15 -2.61 50.47 98.86
12:02:16 -2.43 50.47 98.86
12:02:17 -3.22 50.47 98.88
12:02:18 -3.10 50.47 98.86
12:02:19 -3.27 50.47 98.86
12:02:20 -3.25 50.47 98.86
12:02:21 -3.89 50.47 98.86
12:02:22 -3.52 50.47 98.88
12:02:23 -4.12 50.47 98.88
12:02:24 -3.81 50.47 98.86
12:02:25 -3.91 50.47 98.86
12:02:26 -3.02 50.47 98.88
12:02:27 3.60 50.47 98.86
12:02:28 13.13 50.47 98.86
12:02:29 58.60 50.47 98.86
12:02:30 152.96 50.47 98.88
12:02:31 293.56 50.47 98.86
12:02:32 435.23 50.47 98.86
12:02:33 529.73 50.47 98.86
12:02:34 546.92 50.47 98.88
12:02:35 497.68 50.47 98.86
12:02:36 410.66 50.47 98.86
12:02:37 316.18 50.47 98.88
12:02:38 231.25 50.47 98.86
12:02:39 157.01 50.47 98.88
12:02:40 102.70 50.47 98.86
12:02:41 67.42 50.47 98.88
12:02:42 46.17 50.47 98.88
12:02:43 31.63 50.47 98.86
12:02:44 22.05 50.47 98.86
12:02:45 16.20 50.47 98.86
12:02:46 11.66 50.47 98.90
12:02:47 8.55 50.47 98.88
12:02:48 6.10 50.47 98.86
12:02:49 5.43 50.47 98.88
12:02:50 3.50 50.47 98.88
12:02:51 2.31 50.47 98.90
12:02:52 1.01 50.47 98.90
12:02:53 0.20 50.47 98.90
12:02:54 -1.00 50.47 98.88
12:02:55 -1.06 50.47 98.90
12:02:56 -1.41 50.47 98.88
12:02:57 -1.90 50.47 98.88
12:02:58 -1.88 50.47 98.88
12:02:59 -2.88 50.47 98.90
12:03:00 -2.99 50.47 98.88
12:03:01 -3.32 50.47 98.88
12:03:02 -3.18 50.47 98.88
12:03:03 -3.29 50.47 98.86
12:03:04 -3.36 50.47 98.86
12:03:05 -4.05 50.47 98.86
12:03:06 -3.61 50.47 98.86
12:03:07 -3.64 50.47 98.86
12:03:08 -3.23 50.47 98.88
12:03:09 2.22 50.47 98.86
12:03:10 27.78 50.47 98.86
12:03:11 54.88 50.47 98.88
12:03:12 153.07 50.47 98.88
12:03:13 303.27 50.47 98.88
12:03:14 459.45 50.47 98.90
12:03:15 563.54 50.47 98.88
12:03:16 583.16 50.47 98.88
12:03:17 527.89 50.47 98.88
12:03:18 436.49 50.47 98.88
12:03:19 331.59 50.47 98.90
12:03:20 242.90 50.47 98.86
12:03:21 164.68 50.47 98.88
12:03:22 109.42 50.47 98.90
12:03:23 73.91 50.47 98.88
12:03:24 50.97 50.47 98.90
12:03:25 36.74 50.47 98.88
12:03:26 26.96 50.47 98.86
12:03:27 19.71 50.47 98.86
12:03:28 14.87 50.47 98.88
12:03:29 11.87 50.47 98.88
12:03:30 8.75 50.47 98.88
12:03:31 6.43 50.47 98.88
12:03:32 4.83 50.47 98.88
12:03:33 4.05 50.47 98.88
12:03:34 2.91 50.47 98.90
12:03:35 1.97 50.47 98.88
12:03:36 0.72 50.47 98.88
12:03:37 0.56 50.47 98.90
12:03:38 -0.60 50.47 98.90
12:03:39 -1.24 50.47 98.88
12:03:40 -0.95 50.47 98.90
12:03:41 -1.87 50.47 98.88
12:03:42 -1.80 50.47 98.90
12:03:43 -2.67 50.47 98.90
12:03:44 -2.93 50.47 98.88
12:03:45 -3.07 50.47 98.88
12:03:46 -3.18 50.47 98.88
12:03:47 -3.10 50.47 98.88
12:03:48 -3.11 50.47 98.88
12:03:49 -3.19 50.47 98.88
12:03:50 -3.40 50.47 98.88
12:03:51 -3.40 50.47 98.88
12:03:52 -3.10 50.47 98.88
12:03:53 -1.44 50.47 98.88
12:03:54 9.84 50.47 98.90
12:03:55 23.48 50.47 98.90
12:03:56 74.75 50.47 98.88
12:03:57 162.95 50.47 98.88
12:03:58 268.62 50.47 98.86
12:03:59 354.86 50.47 98.86
12:04:00 393.33 50.47 98.86
12:04:01 376.99 50.47 98.88
12:04:02 325.78 50.47 98.88
12:04:03 258.76 50.47 98.88
12:04:04 192.03 50.47 98.88
12:04:05 129.23 50.47 98.90
12:04:06 85.54 50.47 98.88
12:04:07 56.82 50.47 98.88
12:04:08 37.88 50.47 98.88
12:04:09 25.75 50.47 98.90
12:04:10 18.09 50.47 98.88
12:04:11 13.03 50.47 98.88
12:04:12 8.88 50.47 98.88
12:04:13 6.70 50.47 98.90
12:04:14 4.35 50.47 98.88
12:04:15 3.09 50.47 98.88
12:04:16 2.56 50.47 98.90
12:04:17 1.17 50.47 98.88
12:04:18 0.44 50.47 98.88
12:04:19 -0.61 50.47 98.90
12:04:20 -1.12 50.47 98.88
12:04:21 -1.54 50.47 98.90
12:04:22 -1.94 50.47 98.88
12:04:23 -2.31 50.47 98.88
12:04:24 -2.32 50.47 98.90
12:04:25 -2.61 50.47 98.88
12:04:26 -3.02 50.47 98.90
12:04:27 -3.14 50.47 98.90
12:04:28 -3.03 50.47 98.88
12:04:29 -3.55 50.47 98.90
12:04:30 -3.28 50.47 98.88
12:04:31 -3.82 50.47 98.88
12:04:32 -3.50 50.47 98.88
12:04:33 -3.74 50.47 98.90
12:04:34 -3.78 50.47 98.88
12:04:35 -3.12 50.47 98.88
12:04:36 2.56 50.47 98.88
12:04:37 21.97 50.47 98.88
12:04:38 41.76 50.47 98.88
12:04:39 105.51 50.47 98.88
12:04:40 193.22 50.47 98.88
12:04:41 278.42 50.47 98.88
12:04:42 331.54 50.47 98.88
12:04:43 337.14 50.47 98.88
12:04:44 304.89 50.47 98.88
12:04:45 251.12 50.47 98.88
12:04:46 194.15 50.47 98.90
12:04:47 141.36 50.47 98.88
12:04:48 94.80 50.47 98.88
12:04:49 64.23 50.47 98.88
12:04:50 44.58 50.47 98.88
12:04:51 30.95 50.47 98.88
12:04:52 22.24 50.47 98.90
12:04:53 16.70 50.47 98.90
12:04:54 12.19 50.47 98.90
12:04:55 9.06 50.47 98.88
12:04:56 6.84 50.47 98.88
12:04:57 4.66 50.47 98.90
12:04:58 3.46 50.47 98.88
12:04:59 2.11 50.47 98.90
12:05:00 1.62 50.47 98.88
12:05:01 1.06 50.47 98.90
12:05:02 -0.16 50.47 98.90
12:05:03 -0.71 50.47 98.88
12:05:04 -1.00 50.47 98.88
12:05:05 -1.68 50.47 98.90
12:05:06 -2.00 50.47 98.88
12:05:07 -2.55 50.47 98.90
12:05:08 -2.86 50.47 98.90
12:05:09 -2.69 50.47 98.88
12:05:10 -3.40 50.47 98.88
12:05:11 -3.08 50.47 98.90
12:05:12 -3.12 50.47 98.88
12:05:13 -3.90 50.47 98.90
12:05:14 -3.42 50.47 98.90
12:05:15 -3.76 50.47 98.90
12:05:16 -3.79 50.47 98.90
12:05:17 -2.96 50.47 98.88
12:05:18 2.77 50.47 98.88
12:05:19 30.90 50.47 98.88
12:05:20 106.00 50.47 98.88
12:05:21 167.45 50.47 98.90
12:05:22 335.37 50.47 98.90
12:05:23 516.12 50.47 98.90
12:05:24 645.94 50.47 98.88
12:05:25 682.69 50.47 98.88
12:05:26 635.08 50.47 98.90
12:05:27 536.04 50.47 98.88
12:05:28 420.34 50.47 98.90
12:05:29 315.21 50.47 98.88
12:05:30 219.34 50.47 98.90
12:05:31 149.34 50.47 98.88
12:05:32 102.33 50.47 98.90
12:05:33 73.17 50.47 98.88
12:05:34 53.32 50.47 98.88
12:05:35 40.34 50.47 98.88
12:05:36 31.20 50.47 98.90
12:05:37 24.52 50.47 98.90
12:05:38 19.54 50.47 98.90
12:05:39 15.27 50.47 98.90
12:05:40 12.38 50.47 98.90
12:05:41 9.86 50.47 98.88
12:05:42 7.52 50.47 98.88
12:05:43 6.70 50.47 98.90
12:05:44 4.99 50.47 98.90
12:05:45 3.52 50.47 98.88
12:05:46 2.66 50.47 98.88
12:05:47 1.55 50.47 98.90
12:05:48 0.77 50.47 98.90
12:05:49 0.12 50.47 98.88
12:05:50 -0.22 50.47 98.88
12:05:51 -1.05 50.47 98.88
12:05:52 -1.14 50.47 98.88
12:05:53 -1.43 50.47 98.88
12:05:54 -2.23 50.47 98.88
12:05:55 -1.80 50.47 98.90
12:05:56 -2.36 50.47 98.88
12:05:57 -2.33 50.47 98.88
12:05:58 -3.00 50.47 98.88
12:05:59 -3.20 50.47 98.88
12:06:00 -3.04 50.47 98.90
12:06:01 -2.68 50.47 98.88
12:06:02 -3.25 50.47 98.90
12:06:03 -1.82 50.47 98.88
12:06:04 5.18 50.47 98.90
12:06:05 15.84 50.47 98.88
12:06:06 63.97 50.47 98.88
12:06:07 160.28 50.47 98.88
12:06:08 296.16 50.47 98.90
12:06:09 430.15 50.47 98.88
12:06:10 512.94 50.47 98.88
12:06:11 522.77 50.47 98.88
12:06:12 472.29 50.47 98.90
12:06:13 388.81 50.47 98.90
12:06:14 300.51 50.47 98.90
12:06:15 213.15 50.47 98.88
12:06:16 142.95 50.47 98.88
12:06:17 96.61 50.47 98.90
12:06:18 65.84 50.47 98.90
12:06:19 45.51 50.47 98.88
12:06:20 32.76 50.47 98.88
12:06:21 24.39 50.47 98.88
12:06:22 17.81 50.47 98.90
12:06:23 13.61 50.47 98.90
12:06:24 10.55 50.47 98.90
12:06:25 7.31 50.47 98.88
12:06:26 5.86 50.47 98.90
12:06:27 5.03 50.47 98.88
12:06:28 3.56 50.47 98.90
12:06:29 2.32 50.47 98.90
12:06:30 0.76 50.47 98.88
12:06:31 0.26 50.47 98.90
12:06:32 -0.24 50.47 98.90
12:06:33 -0.58 50.47 98.90
12:06:34 -1.25 50.47 98.88
12:06:35 -1.75 50.47 98.88
12:06:36 -1.79 50.47 98.90
12:06:37 -2.70 50.47 98.88
12:06:38 -2.34 50.47 98.90
12:06:39 -2.50 50.47 98.88
12:06:40 -2.89 50.47 98.88
12:06:41 -3.15 50.47 98.88
12:06:42 -3.22 50.47 98.88
12:06:43 -3.48 50.47 98.90
12:06:44 -3.64 50.47 98.90
12:06:45 -3.59 50.47 98.88
12:06:46 -3.45 50.47 98.88
12:06:47 -3.56 50.47 98.90
12:06:48 -3.68 50.47 98.88
12:06:49 -3.96 50.47 98.88
12:06:50 -3.55 50.47 98.90
12:06:51 -4.13 50.47 98.88
12:06:52 -3.90 50.47 98.88
12:06:53 -4.18 50.47 98.90
12:06:54 -3.95 50.47 98.90
12:06:55 -4.10 50.47 98.88
12:06:56 -4.27 50.47 98.88
12:06:57 -4.30 50.47 98.88
12:06:58 -4.08 50.47 98.90
12:06:59 -4.26 50.47 98.90
12:07:00 -4.50 50.47 98.90
12:07:01 -4.33 50.47 98.88
12:07:02 -4.17 50.47 98.88
12:07:03 -4.44 50.47 98.90
12:07:04 -4.09 50.47 98.90
12:07:05 -4.43 50.47 98.90
12:07:06 -4.58 50.47 98.88
12:07:07 -4.31 50.47 98.88
12:07:08 -4.07 50.47 98.88
12:07:09 -4.77 50.47 98.88
12:07:10 -4.65 50.47 98.90
12:07:11 -4.03 50.47 98.90
12:07:12 -4.39 50.47 98.88
12:07:13 -4.59 50.47 98.88
12:07:14 -4.55 50.47 98.88
12:07:15 -4.51 50.47 98.88
12:07:16 -4.55 50.47 98.88
12:07:17 -4.54 50.47 98.90
12:07:18 -4.27 50.47 98.90
12:07:19 -4.48 50.47 98.90
12:07:20 -4.60 50.47 98.90
12:07:21 -4.57 50.47 98.90
12:07:22 -4.43 50.47 98.88
12:07:23 -4.24 50.47 98.88
12:07:24 -4.46 50.47 98.88
12:07:25 -4.24 50.47 98.88
12:07:26 -4.53 50.47 98.90
12:07:27 -4.55 50.47 98.90
12:07:28 -4.53 50.47 98.88
12:07:29 -4.51 50.47 98.90
12:07:30 -4.20 50.47 98.88
12:07:31 -4.83 50.47 98.90
12:07:32 -4.41 50.47 98.88
12:07:33 -4.87 50.47 98.90
12:07:34 -4.75 50.47 98.90
12:07:35 -4.25 50.47 98.88
12:07:36 -4.42 50.47 98.90
12:07:37 -4.41 50.47 98.90
12:07:38 -4.64 50.47 98.88
12:07:39 -4.63 50.47 98.88
12:07:40 -4.44 50.47 98.90
12:07:41 -4.60 50.47 98.90
12:07:42 -4.34 50.47 98.88
12:07:43 -3.33 50.47 98.90
12:07:44 1.98 50.47 98.90
12:07:45 16.21 50.47 98.90
12:07:46 43.42 50.47 98.88
12:07:47 79.09 50.47 98.88
12:07:48 113.19 50.47 98.88
12:07:49 132.67 50.47 98.90
12:07:50 133.13 50.47 98.90
12:07:51 117.93 50.47 98.88
12:07:52 95.60 50.47 98.88
12:07:53 83.23 50.47 98.86
12:07:54 58.02 50.47 98.88
12:07:55 37.02 50.47 98.90
12:07:56 22.88 50.47 98.90
12:07:57 14.36 50.47 98.90
12:07:58 7.72 50.47 98.88
12:07:59 4.47 50.47 98.90
12:08:00 2.01 50.47 98.90
12:08:01 0.63 50.47 98.88
12:08:02 -0.62 50.47 98.90
12:08:03 -1.47 50.47 98.90
12:08:04 -2.12 50.47 98.88
12:08:05 -2.84 50.47 98.88
12:08:06 -2.59 50.47 98.88
12:08:07 -3.12 50.47 98.90
12:08:08 -3.64 50.47 98.90
12:08:09 -3.58 50.47 98.88
12:08:10 -4.31 50.47 98.90
12:08:11 -3.65 50.47 98.90
12:08:12 -4.04 50.47 98.90
12:08:13 -4.15 50.47 98.88
12:08:14 -4.16 50.47 98.88
12:08:15 -4.06 50.47 98.90
12:08:16 -4.25 50.47 98.88
12:08:17 -3.92 50.47 98.88
12:08:18 -4.54 50.47 98.90
12:08:19 -4.02 50.47 98.90
12:08:20 -4.42 50.47 98.88
12:08:21 -4.15 50.47 98.90
12:08:22 -2.05 50.47 98.90
12:08:23 8.39 50.47 98.90
12:08:24 40.73 50.47 98.90
12:08:25 107.19 50.47 98.88
12:08:26 202.17 50.47 98.88
12:08:27 298.04 50.47 98.90
12:08:28 359.87 50.47 98.90
12:08:29 370.80 50.47 98.90
12:08:30 338.74 50.47 98.88
12:08:31 278.92 50.47 98.88
12:08:32 215.90 50.47 98.88
12:08:33 154.51 50.47 98.90
12:08:34 101.10 50.47 98.88
12:08:35 66.64 50.47 98.90
12:08:36 43.93 50.47 98.90
12:08:37 35.89 50.47 98.90
12:08:38 23.85 50.47 98.90
12:08:39 16.56 50.47 98.88
12:08:40 11.62 50.47 98.90
12:08:41 8.17 50.47 98.90
12:08:42 5.26 50.47 98.88
12:08:43 3.57 50.47 98.88
12:08:44 1.97 50.47 98.90
12:08:45 0.57 50.47 98.88
12:08:46 0.10 50.47 98.90
12:08:47 -0.72 50.47 98.90
12:08:48 -1.40 50.47 98.90
12:08:49 -1.71 50.47 98.88
12:08:50 -2.13 50.47 98.88
12:08:51 -2.54 50.47 98.88
12:08:52 -2.79 50.47 98.88
12:08:53 -3.35 50.47 98.88
12:08:54 -3.44 50.47 98.88
12:08:55 -3.25 50.47 98.88
12:08:56 -3.76 50.47 98.90
12:08:57 -3.65 50.47 98.90
12:08:58 -3.49 50.47 98.88
12:08:59 -3.39 50.47 98.90
12:09:00 -4.20 50.47 98.90
12:09:01 -4.10 50.47 98.90
12:09:02 -4.00 50.47 98.90
12:09:03 -3.28 50.47 98.90
12:09:04 -0.99 50.47 98.90
12:09:05 8.30 50.47 98.88
12:09:06 26.79 50.47 98.90
12:09:07 54.42 50.47 98.90
12:09:08 83.71 50.47 98.88
12:09:09 103.67 50.47 98.90
12:09:10 108.58 50.47 98.90
12:09:11 100.38 50.47 98.90
12:09:12 83.09 50.47 98.90
12:09:13 64.29 50.47 98.90
12:09:14 45.32 50.47 98.88
12:09:15 29.01 50.47 98.88
12:09:16 18.51 50.47 98.88
12:09:17 11.79 50.47 98.90
12:09:18 7.30 50.47 98.90
12:09:19 4.55 50.47 98.90
12:09:20 3.08 50.47 98.90
12:09:21 1.45 50.47 98.90
12:09:22 0.05 50.47 98.88
12:09:23 -0.69 50.47 98.90
12:09:24 -1.23 50.47 98.90
12:09:25 -1.73 50.47 98.90
12:09:26 -2.34 50.47 98.90
12:09:27 -2.82 50.47 98.90
12:09:28 -3.09 50.47 98.90
12:09:29 -3.54 50.47 98.90
12:09:30 -3.37 50.47 98.88
12:09:31 -3.38 50.47 98.90
12:09:32 -3.97 50.47 98.90
12:09:33 -3.74 50.47 98.90
12:09:34 -4.05 50.47 98.90
12:09:35 -3.97 50.47 98.88
12:09:36 -4.09 50.47 98.88
12:09:37 -4.18 50.47 98.90
12:09:38 -3.58 50.47 98.90
12:09:39 -2.73 50.47 98.90
12:09:40 1.51 50.47 98.88
12:09:41 15.19 50.47 98.88
12:09:42 26.71 50.47 98.90
12:09:43 57.03 50.47 98.90
12:09:44 92.51 50.47 98.90
12:09:45 118.48 50.47 98.90
12:09:46 128.42 50.47 98.90
12:09:47 120.65 50.47 98.90
12:09:48 101.83 50.47 98.88
12:09:49 79.65 50.47 98.88
12:09:50 57.19 50.47 98.90
12:09:51 37.08 50.47 98.88
12:09:52 23.32 50.47 98.90
12:09:53 15.12 50.47 98.90
12:09:54 9.23 50.47 98.89
12:09:55 5.43 50.47 98.88
12:09:56 2.89 50.47 98.90
12:09:57 1.21 50.47 98.90
12:09:58 0.21 50.47 98.90
12:09:59 -0.54 50.47 98.90
12:10:00 -1.36 50.47 98.88
12:10:01 -2.14 50.47 98.88
12:10:02 -2.38 50.47 98.90
12:10:03 -2.67 50.47 98.88
12:10:04 -2.57 50.47 98.90
12:10:05 -3.72 50.47 98.91
12:10:06 -3.28 50.47 98.88
12:10:07 -3.33 50.47 98.88
12:10:08 -4.12 50.47 98.90
12:10:09 -3.92 50.47 98.90
12:10:10 -3.96 50.47 98.90
12:10:11 -3.87 50.47 98.90
12:10:12 -4.29 50.47 98.90
12:10:13 -3.82 50.47 98.90
12:10:14 -3.85 50.47 98.90
12:10:15 -1.80 50.47 98.90
12:10:16 6.48 50.47 98.90
12:10:17 27.04 50.47 98.90
12:10:18 61.60 50.47 98.90
12:10:19 102.18 50.47 98.88
12:10:20 136.22 50.47 98.90
12:10:21 150.67 50.47 98.90
12:10:22 145.55 50.47 98.90
12:10:23 124.06 50.47 98.90
12:10:24 97.41 50.47 98.90
12:10:25 83.98 50.47 98.90
12:10:26 59.41 50.47 98.90
12:10:27 37.44 50.47 98.90
12:10:28 22.55 50.47 98.88
12:10:29 13.18 50.47 98.90
12:10:30 8.03 50.47 98.91
12:10:31 4.29 50.47 98.90
12:10:32 1.94 50.47 98.90
12:10:33 0.57 50.47 98.90
12:10:34 -0.74 50.47 98.90
12:10:35 -1.49 50.47 98.90
12:10:36 -2.25 50.47 98.90
12:10:37 -2.70 50.47 98.88
12:10:38 -3.05 50.47 98.90
12:10:39 -3.47 50.47 98.88
12:10:40 -3.44 50.47 98.90
12:10:41 -3.72 50.47 98.88
12:10:42 -3.90 50.47 98.90
12:10:43 -4.27 50.47 98.90
12:10:44 -4.12 50.47 98.90
12:10:45 -4.18 50.47 98.88
12:10:46 -4.08 50.47 98.90
12:10:47 -3.99 50.47 98.88
12:10:48 -3.95 50.47 98.90
12:10:49 -4.26 50.47 98.90
12:10:50 -4.34 50.47 98.90
12:10:51 -3.86 50.47 98.90
12:10:52 -0.76 50.47 98.90
12:10:53 10.77 50.47 98.90
12:10:54 36.43 50.47 98.90
12:10:55 76.51 50.47 98.90
12:10:56 121.60 50.47 98.90
12:10:57 154.05 50.47 98.90
12:10:58 166.09 50.47 98.90
12:10:59 155.14 50.47 98.88
12:11:00 129.90 50.47 98.90
12:11:01 100.54 50.47 98.90
12:11:02 73.06 50.47 98.88
12:11:03 50.08 50.47 98.88
12:11:04 30.72 50.47 98.90
12:11:05 19.05 50.47 98.88
12:11:06 11.09 50.47 98.90
12:11:07 6.55 50.47 98.90
12:11:08 3.46 50.47 98.90
12:11:09 2.54 50.47 98.88
12:11:10 0.79 50.47 98.91
12:11:11 -0.36 50.47 98.89
12:11:12 -1.10 50.47 98.88
12:11:13 -1.80 50.47 98.90
12:11:14 -2.40 50.47 98.88
12:11:15 -2.98 50.47 98.90
12:11:16 -3.17 50.47 98.88
12:11:17 -3.47 50.47 98.88
12:11:18 -3.34 50.47 98.90
12:11:19 -3.72 50.47 98.90
12:11:20 -3.86 50.47 98.90
12:11:21 -4.12 50.47 98.88
12:11:22 -4.22 50.47 98.90
12:11:23 -4.02 50.47 98.90
12:11:24 -3.94 50.47 98.90
12:11:25 -4.36 50.47 98.90
12:11:26 -4.11 50.47 98.90
12:11:27 -4.25 50.47 98.88
12:11:28 -4.45 50.47 98.88
12:11:29 -4.06 50.47 98.90
12:11:30 -3.35 50.47 98.88
12:11:31 -0.50 50.47 98.88
12:11:32 5.33 50.47 98.88
12:11:33 14.22 50.47 98.88
12:11:34 23.66 50.47 98.90
12:11:35 29.79 50.47 98.88
12:11:36 31.73 50.47 98.90
12:11:37 28.80 50.47 98.88
12:11:38 22.82 50.47 98.90
12:11:39 17.06 50.47 98.88
12:11:40 10.25 50.47 98.90
12:11:41 5.32 50.47 98.88
12:11:42 2.22 50.47 98.90
12:11:43 0.15 50.47 98.90
12:11:44 -1.57 50.47 98.90
12:11:45 -2.25 50.47 98.90
12:11:46 -2.79 50.47 98.90
12:11:47 -3.17 50.47 98.90
12:11:48 -3.48 50.47 98.88
12:11:49 -3.88 50.47 98.90
12:11:50 -3.79 50.47 98.88
12:11:51 -3.74 50.47 98.88
12:11:52 -4.09 50.47 98.90
12:11:53 -4.26 50.47 98.90
12:11:54 -4.24 50.47 98.90
12:11:55 -4.41 50.47 98.91
12:11:56 -4.76 50.47 98.89
12:11:57 -4.32 50.47 98.89
12:11:58 -4.41 50.47 98.88
12:11:59 -4.37 50.47 98.90
12:12:00 -4.60 50.47 98.90
12:12:01 -4.28 50.47 98.88
12:12:02 -5.01 50.47 98.88
12:12:03 -4.22 50.47 98.90
12:12:04 -4.86 50.47 98.90
12:12:05 -4.09 50.47 98.90
12:12:06 -1.81 50.47 98.88
12:12:07 9.32 50.47 98.88
12:12:08 37.80 50.47 98.90
12:12:09 89.53 50.47 98.90
12:12:10 154.58 50.47 98.88
12:12:11 212.22 50.47 98.90
12:12:12 242.84 50.47 98.88
12:12:13 239.06 50.47 98.88
12:12:14 226.50 50.47 98.90
12:12:15 190.55 50.47 98.90
12:12:16 148.33 50.47 98.90
12:12:17 108.76 50.47 98.88
12:12:18 71.41 50.47 98.90
12:12:19 47.53 50.47 98.90
12:12:20 31.17 50.47 98.90
12:12:21 20.60 50.47 98.89
12:12:22 13.98 50.47 98.90
12:12:23 9.56 50.47 98.88
12:12:24 5.98 50.47 98.90
12:12:25 4.34 50.47 98.90
12:12:26 2.44 50.47 98.90
12:12:27 1.02 50.47 98.90
12:12:28 0.09 50.47 98.90
12:12:29 -0.53 50.47 98.88
12:12:30 -1.31 50.47 98.90
12:12:31 -1.84 50.47 98.90
12:12:32 -2.10 50.47 98.90
12:12:33 -2.43 50.47 98.90
12:12:34 -2.93 50.47 98.90
12:12:35 -2.51 50.47 98.90
12:12:36 -3.65 50.47 98.89
12:12:37 -3.38 50.47 98.90
12:12:38 -3.62 50.47 98.88
12:12:39 -3.78 50.47 98.91
12:12:40 -3.93 50.47 98.90
12:12:41 -3.77 50.47 98.90
12:12:42 -4.16 50.47 98.90
12:12:43 -3.95 50.47 98.88
12:12:44 -4.16 50.47 98.90
12:12:45 -4.30 50.47 98.88
12:12:46 -4.56 50.47 98.88
12:12:47 -4.13 50.47 98.90
12:12:48 -4.22 50.47 98.90
12:12:49 -4.38 50.47 98.90
12:12:50 -4.44 50.47 98.90
12:12:51 -4.31 50.47 98.90
12:12:52 -4.86 50.47 98.88
12:12:53 -4.47 50.47 98.90
12:12:54 -4.24 50.47 98.90
12:12:55 -4.72 50.47 98.90
12:12:56 -4.61 50.47 98.91
12:12:57 -4.45 50.47 98.90
12:12:58 -4.74 50.47 98.88
12:12:59 -4.59 50.47 98.91
12:13:00 -4.56 50.47 98.90
12:13:01 -4.66 50.47 98.88
12:13:02 -4.65 50.47 98.88
12:13:03 -4.85 50.47 98.90
12:13:04 -4.46 50.47 98.88
12:13:05 -4.73 50.47 98.90
12:13:06 -4.60 50.47 98.90
12:13:07 -4.63 50.47 98.90
12:13:08 -4.78 50.47 98.88
12:13:09 -4.89 50.47 98.90
12:13:11 -4.92 50.47 98.90
12:13:12 -4.35 50.47 98.90
12:13:13 -4.76 50.47 98.90
12:13:14 -4.72 50.47 98.88
12:13:15 -4.70 50.47 98.90
12:13:16 -4.88 50.47 98.90
12:13:17 -4.63 50.47 98.90
12:13:18 -4.92 50.47 98.90
12:13:19 -4.54 50.47 98.90
12:13:20 -4.77 50.47 98.90
12:13:21 -4.58 50.47 98.90
12:13:22 -4.60 50.47 98.90
12:13:23 -4.89 50.47 98.90
12:13:24 -5.13 50.47 98.91
12:13:25 -4.32 50.47 98.90
12:13:26 -4.84 50.47 98.90
12:13:27 -4.54 50.47 98.90
12:13:28 -4.84 50.47 98.90
12:13:29 -4.66 50.47 98.90
12:13:30 -4.67 50.47 98.91
12:13:31 -4.90 50.47 98.91
12:13:32 -4.57 50.47 98.88
12:13:33 -3.91 50.47 98.90
12:13:34 1.53 50.47 98.90
12:13:35 21.20 50.47 98.90
12:13:36 65.73 50.47 98.88
12:13:37 136.95 50.47 98.90
12:13:38 217.94 50.47 98.88
12:13:39 280.82 50.47 98.88
12:13:40 304.13 50.47 98.90
12:13:41 288.65 50.47 98.90
12:13:42 246.66 50.47 98.90
12:13:43 194.25 50.47 98.90
12:13:44 144.48 50.47 98.90
12:13:45 119.02 50.47 98.90
12:13:46 78.56 50.47 98.88
12:13:47 51.77 50.47 98.90
12:13:48 34.57 50.47 98.88
12:13:49 23.05 50.47 98.90
12:13:50 15.75 50.47 98.88
12:13:51 10.80 50.47 98.88
12:13:52 7.51 50.47 98.90
12:13:53 4.76 50.47 98.90
12:13:54 3.22 50.47 98.90
12:13:55 1.96 50.47 98.91
12:13:56 0.53 50.47 98.90
12:13:57 -0.08 50.47 98.90
12:13:58 -0.88 50.47 98.90
12:13:59 -1.36 50.47 98.88
12:14:00 -1.92 50.47 98.88
12:14:01 -2.67 50.47 98.88
12:14:02 -2.45 50.47 98.90
12:14:03 -3.63 50.47 98.91
12:14:04 -3.36 50.47 98.91
12:14:05 -3.01 50.47 98.90
12:14:06 -3.90 50.47 98.90
12:14:07 -3.71 50.47 98.90
12:14:08 -3.77 50.47 98.88
12:14:09 -3.99 50.47 98.90
12:14:10 -3.84 50.47 98.88
12:14:11 -4.08 50.47 98.90
12:14:12 -3.66 50.47 98.90
12:14:13 -2.35 50.47 98.88
12:14:14 7.65 50.47 98.90
12:14:15 42.91 50.47 98.90
12:14:16 121.53 50.47 98.88
12:14:17 245.49 50.47 98.90
12:14:18 383.64 50.47 98.90
12:14:19 484.95 50.47 98.90
12:14:20 519.38 50.47 98.90
12:14:21 485.85 50.47 98.88
12:14:22 412.18 50.47 98.90
12:14:23 321.97 50.47 98.90
12:14:24 239.78 50.47 98.90
12:14:25 164.67 50.47 98.90
12:14:26 106.92 50.47 98.91
12:14:27 71.13 50.47 98.88
12:14:28 57.81 50.47 98.90
12:14:29 38.94 50.47 98.90
12:14:30 26.83 50.47 98.88
12:14:31 18.75 50.47 98.90
12:14:32 13.85 50.47 98.90
12:14:33 9.67 50.47 98.90
12:14:34 7.04 50.47 98.90
12:14:35 4.77 50.47 98.88
12:14:36 3.07 50.47 98.90
12:14:37 1.95 50.47 98.90
12:14:38 0.84 50.47 98.90
12:14:39 -0.26 50.47 98.90
12:14:40 -0.44 50.47 98.91
12:14:41 -1.51 50.47 98.91
12:14:42 -1.61 50.47 98.90
12:14:43 -2.39 50.47 98.90
12:14:44 -2.88 50.47 98.91
12:14:45 -2.70 50.47 98.88
12:14:46 -3.22 50.47 98.90
12:14:47 -2.78 50.47 98.88
12:14:48 -3.58 50.47 98.88
12:14:49 -3.45 50.47 98.88
12:14:50 -3.53 50.47 98.90
12:14:51 -3.22 50.47 98.90
12:14:52 -3.85 50.47 98.90
12:14:53 -3.87 50.47 98.90
12:14:54 -2.39 50.47 98.90
12:14:55 5.99 50.47 98.90
12:14:56 31.95 50.47 98.90
12:14:57 82.97 50.47 98.88
12:14:58 156.59 50.47 98.88
12:14:59 229.65 50.47 98.88
12:15:00 276.81 50.47 98.90
12:15:01 283.96 50.47 98.90
12:15:02 257.08 50.47 98.90
12:15:03 211.96 50.47 98.90
12:15:04 161.56 50.47 98.88
12:15:05 115.30 50.47 98.88
12:15:06 74.07 50.47 98.90
12:15:07 46.95 50.47 98.88
12:15:08 29.67 50.47 98.90
12:15:09 18.88 50.47 98.88
12:15:10 12.32 50.47 98.90
12:15:11 7.60 50.47 98.90
12:15:12 6.31 50.47 98.90
12:15:13 3.74 50.47 98.88
12:15:14 1.67 50.47 98.90
12:15:15 0.57 50.47 98.90
12:15:16 -0.51 50.47 98.90
12:15:17 -1.59 50.47 98.90
12:15:18 -1.78 50.47 98.90
12:15:19 -2.12 50.47 98.90
12:15:20 -2.63 50.47 98.91
12:15:21 -3.04 50.47 98.91
12:15:22 -3.67 50.47 98.91
12:15:23 -3.59 50.47 98.90
12:15:24 -3.72 50.47 98.88
12:15:25 -3.65 50.47 98.90
12:15:26 -3.89 50.47 98.90
12:15:27 -3.96 50.47 98.90
12:15:28 -4.09 50.47 98.90
12:15:29 -4.32 50.47 98.88
12:15:30 -3.70 50.47 98.90
12:15:31 -1.80 50.47 98.90
12:15:32 10.73 50.47 98.90
12:15:33 52.90 50.47 98.90
12:15:34 91.89 50.47 98.90
12:15:35 210.82 50.47 98.88
12:15:36 363.53 50.47 98.90
12:15:37 500.98 50.47 98.90
12:15:38 571.84 50.47 98.90
12:15:39 564.22 50.47 98.90
12:15:40 498.20 50.47 98.90
12:15:41 405.02 50.47 98.90
12:15:42 308.92 50.47 98.90
12:15:43 223.09 50.47 98.90
12:15:44 148.71 50.47 98.90
12:15:45 100.15 50.47 98.90
12:15:46 68.74 50.47 98.88
12:15:47 47.96 50.47 98.88
12:15:48 34.10 50.47 98.90
12:15:49 25.23 50.47 98.90
12:15:50 18.96 50.47 98.90
12:15:51 14.23 50.47 98.90
12:15:52 10.50 50.47 98.90
12:15:53 8.60 50.47 98.90
12:15:54 5.96 50.47 98.90
12:15:55 5.06 50.47 98.90
12:15:56 3.73 50.47 98.90
12:15:57 2.51 50.47 98.90
12:15:58 1.80 50.47 98.90
12:15:59 0.19 50.47 98.90
12:16:00 -0.08 50.47 98.90
12:16:01 -1.04 50.47 98.90
12:16:02 -1.21 50.47 98.90
12:16:03 -1.42 50.47 98.90
12:16:04 -1.99 50.47 98.90
12:16:05 -2.45 50.47 98.90
12:16:06 -2.51 50.47 98.88
12:16:07 -3.27 50.47 98.90
12:16:08 -2.74 50.47 98.90
12:16:09 -3.11 50.47 98.90
12:16:10 -2.87 50.47 98.90
12:16:11 -3.34 50.47 98.88
12:16:12 -3.21 50.47 98.90
12:16:13 -3.72 50.47 98.90
12:16:14 -3.34 50.47 98.90
12:16:15 1.73 50.47 98.90
12:16:16 19.61 50.47 98.90
12:16:17 39.48 50.47 98.90
12:16:18 104.14 50.47 98.90
12:16:19 202.38 50.47 98.90
12:16:20 302.81 50.47 98.90
12:16:21 372.47 50.47 98.90
12:16:22 389.36 50.47 98.90
12:16:23 358.90 50.47 98.90
12:16:24 300.49 50.47 98.90
12:16:25 234.26 50.47 98.88
12:16:26 173.02 50.47 98.90
12:16:27 116.54 50.47 98.90
12:16:28 77.95 50.47 98.90
12:16:29 52.45 50.47 98.90
12:16:30 36.16 50.47 98.90
12:16:31 25.48 50.47 98.90
12:16:32 18.25 50.47 98.90
12:16:33 13.35 50.47 98.90
12:16:34 9.92 50.47 98.90
12:16:35 7.10 50.47 98.90
12:16:36 5.10 50.47 98.90
12:16:37 3.71 50.47 98.90
12:16:38 2.15 50.47 98.88
12:16:39 1.73 50.47 98.88
12:16:40 0.63 50.47 98.88
12:16:41 0.02 50.47 98.90
12:16:42 -0.47 50.47 98.90
12:16:43 -1.33 50.47 98.88
12:16:44 -1.63 50.47 98.90
12:16:45 -2.39 50.47 98.90
12:16:46 -2.35 50.47 98.90
12:16:47 -2.67 50.47 98.88
12:16:48 -3.08 50.47 98.90
12:16:49 -3.09 50.47 98.88
12:16:50 -3.13 50.47 98.90
12:16:51 -3.49 50.47 98.90
12:16:52 -3.67 50.47 98.88
12:16:53 -3.43 50.47 98.90
12:16:54 -3.60 50.47 98.90
12:16:55 -3.77 50.47 98.90
12:16:56 -3.81 50.47 98.88
12:16:57 -3.80 50.47 98.90
12:16:58 -4.21 50.47 98.88
12:16:59 -3.80 50.47 98.90
12:17:00 -3.78 50.47 98.90
12:17:01 -3.86 50.47 98.90
12:17:02 -4.58 50.47 98.90
12:17:03 -3.91 50.47 98.90
12:17:04 -4.21 50.47 98.90
12:17:05 -4.25 50.47 98.90
12:17:06 -4.38 50.47 98.90
12:17:07 -4.57 50.47 98.90
12:17:08 -4.12 50.47 98.90
12:17:09 -4.38 50.47 98.88
12:17:10 -4.75 50.47 98.90
12:17:11 -4.20 50.47 98.88
12:17:12 -4.31 50.47 98.90
12:17:13 -4.72 50.47 98.90
12:17:14 -4.24 50.47 98.90
12:17:15 -4.60 50.47 98.88
12:17:16 -4.65 50.47 98.90
12:17:17 -4.45 50.47 98.90
12:17:18 -4.21 50.47 98.90
12:17:19 -4.50 50.47 98.90
12:17:20 -4.25 50.47 98.90
12:17:21 -4.89 50.47 98.90
12:17:22 -4.62 50.47 98.90
12:17:23 -3.91 50.47 98.90
12:17:24 -0.99 50.47 98.90
12:17:25 8.83 50.47 98.90
12:17:26 32.28 50.47 98.90
12:17:27 67.97 50.47 98.90
12:17:28 106.75 50.47 98.90
12:17:29 135.86 50.47 98.90
12:17:30 145.35 50.47 98.90
12:17:31 135.04 50.47 98.90
12:17:32 113.75 50.47 98.90
12:17:33 87.83 50.47 98.90
12:17:34 63.27 50.47 98.88
12:17:35 40.42 50.47 98.90
12:17:36 25.71 50.47 98.90
12:17:37 15.74 50.47 98.88
12:17:38 9.15 50.47 98.90
12:17:39 5.33 50.47 98.90
12:17:40 3.03 50.47 98.90
12:17:41 1.50 50.47 98.90
12:17:42 0.08 50.47 98.88
12:17:43 -0.95 50.47 98.90
12:17:44 -1.60 50.47 98.88
12:17:45 -1.94 50.47 98.90
12:17:46 -2.59 50.47 98.90
12:17:47 -2.77 50.47 98.90
12:17:48 -2.84 50.47 98.88
12:17:49 -3.03 50.47 98.90
12:17:50 -3.90 50.47 98.88
12:17:51 -3.99 50.47 98.90
12:17:52 -3.88 50.47 98.90
12:17:53 -3.99 50.47 98.90
12:17:54 -4.40 50.47 98.90
12:17:55 -4.17 50.47 98.90
12:17:56 -4.22 50.47 98.90
12:17:57 -4.25 50.47 98.90
12:17:58 -4.63 50.47 98.90
12:17:59 -4.13 50.47 98.90
12:18:00 -3.40 50.47 98.88
12:18:01 1.77 50.47 98.88
12:18:02 17.00 50.47 98.90
12:18:03 48.61 50.47 98.88
12:18:04 93.90 50.47 98.90
12:18:05 118.05 50.47 98.90
12:18:06 158.41 50.47 98.90
12:18:07 176.81 50.47 98.90
12:18:08 171.43 50.47 98.90
12:18:09 147.62 50.47 98.90
12:18:10 118.12 50.47 98.90
12:18:11 83.47 50.47 98.88
12:18:12 54.53 50.47 98.90
12:18:13 34.80 50.47 98.90
12:18:14 21.58 50.47 98.88
12:18:15 12.80 50.47 98.90
12:18:16 7.79 50.47 98.90
12:18:17 4.84 50.47 98.88
12:18:18 2.10 50.47 98.90
12:18:19 0.66 50.47 98.90
12:18:20 -0.13 50.47 98.88
12:18:21 -1.22 50.47 98.90
12:18:22 -1.99 50.47 98.90
12:18:23 -2.59 50.47 98.90
12:18:24 -2.86 50.47 98.90
12:18:25 -2.89 50.47 98.90
12:18:26 -2.74 50.47 98.90
12:18:27 -3.38 50.47 98.90
12:18:28 -3.95 50.47 98.91
12:18:29 -4.10 50.47 98.88
12:18:30 -3.96 50.47 98.90
12:18:31 -4.10 50.47 98.90
12:18:32 -3.96 50.47 98.90
12:18:33 -3.94 50.47 98.88
12:18:34 -4.29 50.47 98.90
12:18:35 -4.26 50.47 98.88
12:18:36 -4.05 50.47 98.88
12:18:37 -3.03 50.47 98.88
12:18:38 4.61 50.47 98.90
12:18:39 26.85 50.47 98.90
12:18:40 75.40 50.47 98.90
12:18:41 146.72 50.47 98.90
12:18:42 221.58 50.47 98.90
12:18:43 272.84 50.47 98.90
12:18:44 284.26 50.47 98.88
12:18:45 260.27 50.47 98.90
12:18:46 215.66 50.47 98.90
12:18:47 165.57 50.47 98.90
12:18:48 120.02 50.47 98.88
12:18:49 98.60 50.47 98.90
12:18:50 61.90 50.47 98.90
12:18:51 39.38 50.47 98.90
12:18:52 24.93 50.47 98.90
12:18:53 15.91 50.47 98.90
12:18:54 10.43 50.47 98.90
12:18:55 6.40 50.47 98.90
12:18:56 4.12 50.47 98.90
12:18:57 1.98 50.47 98.90
12:18:58 1.17 50.47 98.90
12:18:59 -0.32 50.47 98.90
12:19:00 -1.32 50.47 98.90
12:19:01 -1.72 50.47 98.90
12:19:02 -2.11 50.47 98.90
12:19:03 -2.64 50.47 98.90
12:19:04 -2.90 50.47 98.88
12:19:05 -3.18 50.47 98.90
12:19:06 -3.64 50.47 98.90
12:19:07 -3.59 50.47 98.90
12:19:08 -3.88 50.47 98.88
12:19:09 -3.73 50.47 98.90
12:19:10 -4.04 50.47 98.90
12:19:11 -4.00 50.47 98.88
12:19:12 -3.95 50.47 98.90
12:19:13 -3.88 50.47 98.90
12:19:14 -4.27 50.47 98.90
12:19:15 -4.22 50.47 98.90
12:19:16 -4.12 50.47 98.90
12:19:17 -2.05 50.47 98.90
12:19:18 4.66 50.47 98.90
12:19:19 18.96 50.47 98.90
12:19:20 41.73 50.47 98.90
12:19:21 66.71 50.47 98.90
12:19:22 85.72 50.47 98.90
12:19:23 92.57 50.47 98.90
12:19:24 86.48 50.47 98.90
12:19:25 72.23 50.47 98.88
12:19:26 55.61 50.47 98.90
12:19:27 40.34 50.47 98.90
12:19:28 26.10 50.47 98.90
12:19:29 16.03 50.47 98.90
12:19:30 9.12 50.47 98.90
12:19:31 4.80 50.47 98.90
12:19:32 3.39 50.47 98.90
12:19:33 1.56 50.47 98.90
12:19:34 0.14 50.47 98.90
12:19:35 -1.28 50.47 98.90
12:19:36 -1.63 50.47 98.90
12:19:37 -2.46 50.47 98.88
12:19:38 -2.94 50.47 98.90
12:19:39 -2.93 50.47 98.90
12:19:40 -3.06 50.47 98.90
12:19:41 -3.60 50.47 98.90
12:19:42 -3.47 50.47 98.90
12:19:43 -3.62 50.47 98.90
12:19:44 -4.45 50.47 98.90
12:19:45 -4.19 50.47 98.88
12:19:46 -4.29 50.47 98.90
12:19:47 -4.20 50.47 98.90
12:19:48 -4.53 50.47 98.88
12:19:49 -4.32 50.47 98.90
12:19:50 -4.45 50.47 98.88
12:19:51 -4.20 50.47 98.88
12:19:52 -4.38 50.47 98.90
12:19:53 -4.14 50.47 98.90
12:19:54 -2.35 50.47 98.90
12:19:55 5.50 50.47 98.90
12:19:56 29.30 50.47 98.90
12:19:57 75.39 50.47 98.90
12:19:58 138.50 50.47 98.90
12:19:59 199.98 50.47 98.90
12:20:00 237.74 50.47 98.90
12:20:01 242.46 50.47 98.90
12:20:02 218.53 50.47 98.88
12:20:03 179.36 50.47 98.90
12:20:04 138.71 50.47 98.90
12:20:05 96.04 50.47 98.90
12:20:06 63.69 50.47 98.90
12:20:07 41.71 50.47 98.90
12:20:08 27.05 50.47 98.90
12:20:09 17.78 50.47 98.90
12:20:10 12.12 50.47 98.90
12:20:11 8.55 50.47 98.90
12:20:12 4.99 50.47 98.90
12:20:13 3.51 50.47 98.88
12:20:14 1.85 50.47 98.90
12:20:15 0.80 50.47 98.88
12:20:16 0.02 50.47 98.90
12:20:17 -0.63 50.47 98.90
12:20:18 -1.37 50.47 98.90
12:20:19 -2.05 50.47 98.90
12:20:20 -2.57 50.47 98.90
12:20:21 -2.50 50.47 98.90
12:20:22 -2.85 50.47 98.90
12:20:23 -2.94 50.47 98.90
12:20:24 -3.65 50.47 98.90
12:20:25 -3.19 50.47 98.90
12:20:26 -3.62 50.47 98.90
12:20:27 -3.62 50.47 98.90
12:20:28 -3.83 50.47 98.90
12:20:29 -4.15 50.47 98.90
12:20:30 -4.41 50.47 98.90
12:20:31 -3.90 50.47 98.88
12:20:32 -4.16 50.47 98.90
12:20:33 -4.12 50.47 98.90
12:20:34 -4.16 50.47 98.90
12:20:35 -4.32 50.47 98.90
12:20:36 -4.46 50.47 98.90
12:20:37 -4.40 50.47 98.90
12:20:38 -4.46 50.47 98.90
12:20:39 -4.36 50.47 98.90
12:20:40 -4.68 50.47 98.90
12:20:41 -4.50 50.47 98.90
12:20:42 -4.64 50.47 98.90
12:20:43 -4.54 50.47 98.90
12:20:44 -4.47 50.47 98.90
12:20:45 -4.63 50.47 98.90
12:20:46 -4.46 50.47 98.90
12:20:47 -4.40 50.47 98.90
12:20:48 -4.78 50.47 98.90
12:20:49 -4.18 50.47 98.90
12:20:50 -4.34 50.47 98.90
12:20:51 -4.46 50.47 98.90
12:20:52 -4.75 50.47 98.90
12:20:53 -4.76 50.47 98.90
12:20:54 -4.45 50.47 98.90
12:20:55 -4.58 50.47 98.90
12:20:56 -5.03 50.47 98.90
12:20:57 -4.58 50.47 98.90
12:20:58 -4.51 50.47 98.88
12:20:59 -4.72 50.47 98.90
12:21:00 -4.86 50.47 98.90
12:21:01 -4.32 50.47 98.90
12:21:02 -4.20 50.47 98.88
12:21:03 -1.48 50.47 98.88
12:21:04 4.35 50.47 98.90
12:21:05 15.26 50.47 98.90
12:21:06 29.37 50.47 98.88
12:21:07 42.36 50.47 98.90
12:21:08 49.79 50.47 98.90
12:21:09 49.00 50.47 98.88
12:21:10 42.89 50.47 98.90
12:21:11 34.23 50.47 98.90
12:21:12 24.44 50.47 98.90
12:21:13 15.48 50.47 98.90
12:21:14 8.79 50.47 98.90
12:21:15 4.87 50.47 98.90
12:21:16 1.77 50.47 98.90
12:21:17 0.30 50.47 98.90
12:21:18 -1.15 50.47 98.90
12:21:19 -1.81 50.47 98.90
12:21:20 -2.64 50.47 98.90
12:21:21 -2.93 50.47 98.90
12:21:22 -3.12 50.47 98.90
12:21:23 -3.68 50.47 98.90
12:21:24 -3.35 50.47 98.90
12:21:25 -3.57 50.47 98.90
12:21:26 -4.12 50.47 98.90
12:21:27 -4.38 50.47 98.90
12:21:28 -4.17 50.47 98.90
12:21:29 -3.78 50.47 98.90
12:21:30 -4.29 50.47 98.90
12:21:31 -4.48 50.47 98.90
12:21:32 -4.32 50.47 98.88
12:21:33 -4.34 50.47 98.90
12:21:34 -4.04 50.47 98.90
12:21:35 -3.19 50.47 98.90
12:21:36 5.41 50.47 98.90
12:21:37 28.90 50.47 98.90
12:21:38 75.99 50.47 98.90
12:21:39 140.43 50.47 98.90
12:21:40 203.97 50.47 98.90
12:21:41 242.45 50.47 98.90
12:21:42 246.44 50.47 98.90
12:21:43 237.12 50.47 98.90
12:21:44 201.75 50.47 98.90
12:21:45 159.15 50.47 98.88
12:21:46 114.30 50.47 98.90
12:21:47 76.00 50.47 98.90
12:21:48 49.30 50.47 98.88
12:21:49 31.82 50.47 98.90
12:21:50 21.34 50.47 98.90
12:21:51 13.78 50.47 98.90
12:21:52 9.06 50.47 98.90
12:21:53 6.17 50.47 98.90
12:21:54 3.52 50.47 98.90
12:21:55 2.05 50.47 98.88
12:21:56 1.11 50.47 98.90
12:21:57 0.35 50.47 98.90
12:21:58 -0.89 50.47 98.90
12:21:59 -1.56 50.47 98.90
12:22:00 -1.69 50.47 98.90
12:22:01 -2.70 50.47 98.88
12:22:02 -3.28 50.47 98.90
12:22:03 -3.02 50.47 98.90
12:22:04 -3.20 50.47 98.90
12:22:05 -3.42 50.47 98.90
12:22:06 -3.75 50.47 98.88
12:22:07 -3.34 50.47 98.90
12:22:08 -3.84 50.47 98.90
12:22:09 -3.65 50.47 98.88
12:22:10 -3.83 50.47 98.90
12:22:11 -2.35 50.47 98.90
12:22:12 9.18 50.47 98.90
12:22:13 55.58 50.47 98.90
12:22:14 171.47 50.47 98.90
12:22:15 374.25 50.47 98.90
12:22:16 623.30 50.47 98.90
12:22:17 827.15 50.47 98.88
12:22:18 919.97 50.47 98.90
12:22:19 892.13 50.47 98.90
12:22:20 775.76 50.47 98.90
12:22:21 621.89 50.47 98.90
12:22:22 471.59 50.47 98.90
12:22:23 324.21 50.47 98.90
12:22:24 215.78 50.47 98.90
12:22:25 145.34 50.47 98.90
12:22:26 120.18 50.47 98.88
12:22:27 82.33 50.47 98.90
12:22:28 57.94 50.47 98.90
12:22:29 42.38 50.47 98.90
12:22:30 31.58 50.47 98.90
12:22:31 24.09 50.47 98.90
12:22:32 18.21 50.47 98.90
12:22:33 14.06 50.47 98.88
12:22:34 11.46 50.47 98.90
12:22:35 8.28 50.47 98.90
12:22:36 6.52 50.47 98.90
12:22:37 4.71 50.47 98.90
12:22:38 3.28 50.47 98.88
12:22:39 2.22 50.47 98.90
12:22:40 1.26 50.47 98.90
12:22:41 0.42 50.47 98.90
12:22:42 -0.02 50.47 98.90
12:22:43 -0.87 50.47 98.90
12:22:44 -0.71 50.47 98.90
12:22:45 -1.91 50.47 98.90
12:22:46 -2.17 50.47 98.90
12:22:47 -2.38 50.47 98.90
12:22:48 -2.41 50.47 98.90
12:22:49 -2.35 50.47 98.90
12:22:50 -2.38 50.47 98.90
12:22:51 -2.80 50.47 98.90
12:22:52 -3.01 50.47 98.90
12:22:53 -3.12 50.47 98.90
12:22:54 -3.16 50.47 98.90
12:22:55 -2.75 50.47 98.90
12:22:56 3.86 50.47 98.88
12:22:57 28.80 50.47 98.90
12:22:58 89.91 50.47 98.90
12:22:59 195.32 50.47 98.90
12:23:00 323.72 50.47 98.90
12:23:01 428.96 50.47 98.90
12:23:02 477.46 50.47 98.90
12:23:03 461.06 50.47 98.90
12:23:04 399.30 50.47 98.90
12:23:05 318.45 50.47 98.90
12:23:06 237.69 50.47 98.90
12:23:07 160.00 50.47 98.90
12:23:08 105.86 50.47 98.90
12:23:09 86.21 50.47 98.90
12:23:10 57.51 50.47 98.90
12:23:11 38.88 50.47 98.90
12:23:12 26.68 50.47 98.90
12:23:13 18.83 50.47 98.90
12:23:14 13.86 50.47 98.90
12:23:15 9.98 50.47 98.90
12:23:16 7.21 50.47 98.90
12:23:17 4.60 50.47 98.90
12:23:18 3.25 50.47 98.90
12:23:19 2.18 50.47 98.90
12:23:20 0.91 50.47 98.88
12:23:21 -0.08 50.47 98.90
12:23:22 -0.47 50.47 98.90
12:23:23 -1.19 50.47 98.88
12:23:24 -2.03 50.47 98.90
12:23:25 -2.28 50.47 98.88
12:23:26 -2.39 50.47 98.90
12:23:27 -2.70 50.47 98.90
12:23:28 -2.99 50.47 98.90
12:23:29 -2.74 50.47 98.90
12:23:30 -2.64 50.47 98.90
12:23:31 -2.94 50.47 98.90
12:23:32 -3.57 50.47 98.90
12:23:33 -3.44 50.47 98.88
12:23:34 -3.91 50.47 98.90
12:23:35 -1.91 50.47 98.90
12:23:36 6.69 50.47 98.90
12:23:37 33.01 50.47 98.90
12:23:38 91.27 50.47 98.90
12:23:39 176.77 50.47 98.90
12:23:40 268.43 50.47 98.90
12:23:41 331.53 50.47 98.90
12:23:42 348.57 50.47 98.90
12:23:43 320.81 50.47 98.90
12:23:44 268.89 50.47 98.90
12:23:45 208.37 50.47 98.90
12:23:46 148.31 50.47 98.90
12:23:47 97.76 50.47 98.90
12:23:48 63.35 50.47 98.90
12:23:49 41.39 50.47 98.90
12:23:50 27.29 50.47 98.88
12:23:51 17.55 50.47 98.88
12:23:52 12.14 50.47 98.90
12:23:53 10.02 50.47 98.90
12:23:54 6.47 50.47 98.90
12:23:55 4.18 50.47 98.90
12:23:56 2.28 50.47 98.90
12:23:57 1.51 50.47 98.90
12:23:58 0.01 50.47 98.90
12:23:59 -0.70 50.47 98.90
12:24:00 -1.45 50.47 98.90
12:24:01 -1.61 50.47 98.90
12:24:02 -1.96 50.47 98.90
12:24:03 -2.52 50.47 98.90
12:24:04 -3.24 50.47 98.90
12:24:05 -3.13 50.47 98.90
12:24:06 -3.46 50.47 98.90
12:24:07 -3.10 50.47 98.88
12:24:08 -3.50 50.47 98.90
12:24:09 -3.91 50.47 98.90
12:24:10 -3.79 50.47 98.90
12:24:11 -3.89 50.47 98.90
12:24:12 -3.80 50.47 98.90
12:24:13 -4.06 50.47 98.90
12:24:14 -4.01 50.47 98.90
12:24:15 -4.23 50.47 98.90
12:24:16 -4.08 50.47 98.90
12:24:17 -3.97 50.47 98.90
12:24:18 -4.46 50.47 98.90
12:24:19 -4.05 50.47 98.90
12:24:20 -4.13 50.47 98.90
12:24:21 -4.17 50.47 98.90
12:24:22 -4.54 50.47 98.90
12:24:23 -4.36 50.47 98.90
12:24:24 -4.35 50.47 98.90
12:24:25 -4.00 50.47 98.90
12:24:26 -4.93 50.47 98.90
12:24:27 -4.19 50.47 98.90
12:24:28 -4.51 50.47 98.90
12:24:29 -4.90 50.47 98.90
12:24:30 -4.24 50.47 98.91
12:24:31 -4.51 50.47 98.90
12:24:32 -4.11 50.47 98.90
12:24:33 -4.51 50.47 98.90
12:24:34 -4.82 50.47 98.89
12:24:35 -4.44 50.47 98.90
12:24:36 -4.71 50.47 98.90
12:24:37 -4.52 50.47 98.90
12:24:38 -4.33 50.47 98.90
12:24:39 -4.40 50.47 98.90
12:24:40 -4.61 50.47 98.90
12:24:41 -4.67 50.47 98.90
12:24:42 -4.41 50.47 98.90
12:24:43 -4.41 50.47 98.90
12:24:44 -1.75 50.47 98.90
12:24:45 7.13 50.47 98.88
12:24:46 29.49 50.47 98.90
12:24:47 67.94 50.47 98.90
12:24:48 113.72 50.47 98.90
12:24:49 151.64 50.47 98.90
12:24:50 168.27 50.47 98.90
12:24:51 162.84 50.47 98.90
12:24:52 140.70 50.47 98.90
12:24:53 110.49 50.47 98.90
12:24:54 81.59 50.47 98.90
12:24:55 54.00 50.47 98.90
12:24:56 33.69 50.47 98.90
12:24:57 21.26 50.47 98.90
12:24:58 16.77 50.47 98.90
12:24:59 10.46 50.47 98.90
12:25:00 6.31 50.47 98.90
12:25:01 3.33 50.47 98.90
12:25:02 1.78 50.47 98.90
12:25:03 0.62 50.47 98.90
12:25:04 -0.78 50.47 98.90
12:25:05 -1.28 50.47 98.90
12:25:06 -1.64 50.47 98.90
12:25:07 -2.54 50.47 98.90
12:25:08 -2.92 50.47 98.90
12:25:09 -2.84 50.47 98.90
12:25:10 -3.77 50.47 98.88
12:25:11 -3.44 50.47 98.90
12:25:12 -3.85 50.47 98.90
12:25:13 -3.73 50.47 98.90
12:25:14 -3.82 50.47 98.90
12:25:15 -4.13 50.47 98.90
12:25:16 -4.17 50.47 98.90
12:25:17 -3.98 50.47 98.90
12:25:18 -4.30 50.47 98.88
12:25:19 -3.75 50.47 98.90
12:25:20 -3.03 50.47 98.88
12:25:21 2.85 50.47 98.90
12:25:22 20.15 50.47 98.90
12:25:23 54.59 50.47 98.90
12:25:24 102.76 50.47 98.90
12:25:25 150.85 50.47 98.90
12:25:26 180.42 50.47 98.90
12:25:27 184.19 50.47 98.90
12:25:28 166.15 50.47 98.90
12:25:29 135.80 50.47 98.90
12:25:30 102.76 50.47 98.90
12:25:31 71.94 50.47 98.90
12:25:32 45.58 50.47 98.90
12:25:33 28.00 50.47 98.90
12:25:34 17.35 50.47 98.90
12:25:35 9.96 50.47 98.90
12:25:36 5.74 50.47 98.90
12:25:37 2.85 50.47 98.90
12:25:38 1.03 50.47 98.90
12:25:39 0.04 50.47 98.90
12:25:40 -1.27 50.47 98.88
12:25:41 -1.64 50.47 98.90
12:25:42 -2.11 50.47 98.90
12:25:43 -2.73 50.47 98.90
12:25:44 -2.50 50.47 98.90
12:25:45 -3.50 50.47 98.90
12:25:46 -3.51 50.47 98.90
12:25:47 -3.13 50.47 98.90
12:25:48 -4.35 50.47 98.90
12:25:49 -3.95 50.47 98.90
12:25:50 -4.33 50.47 98.90
12:25:51 -3.85 50.47 98.90
12:25:52 -4.27 50.47 98.90
12:25:53 -4.22 50.47 98.90
12:25:54 -4.32 50.47 98.90
12:25:55 -4.47 50.47 98.88
12:25:56 -4.27 50.47 98.88
12:25:57 -4.05 50.47 98.90
12:25:58 -3.78 50.47 98.90
12:25:59 -0.68 50.47 98.90
12:26:00 7.49 50.47 98.90
12:26:01 24.05 50.47 98.90
12:26:02 45.91 50.47 98.90
12:26:03 56.65 50.47 98.90
12:26:04 74.21 50.47 98.90
12:26:05 80.94 50.47 98.90
12:26:06 76.31 50.47 98.90
12:26:07 64.24 50.47 98.90
12:26:08 49.17 50.47 98.90
12:26:09 34.85 50.47 98.88
12:26:10 21.41 50.47 98.88
12:26:11 12.43 50.47 98.90
12:26:12 7.06 50.47 98.90
12:26:13 3.12 50.47 98.90
12:26:14 0.97 50.47 98.90
12:26:15 -0.88 50.47 98.90
12:26:16 -1.46 50.47 98.90
12:26:17 -2.03 50.47 98.90
12:26:18 -2.78 50.47 98.90
12:26:19 -3.32 50.47 98.88
12:26:20 -2.96 50.47 98.88
12:26:21 -3.36 50.47 98.90
12:26:22 -4.00 50.47 98.90
12:26:23 -3.86 50.47 98.90
12:26:24 -4.45 50.47 98.90
12:26:25 -4.50 50.47 98.90
12:26:26 -4.38 50.47 98.88
12:26:27 -4.17 50.47 98.88
12:26:28 -4.32 50.47 98.88
12:26:29 -4.39 50.47 98.88
12:26:30 -4.19 50.47 98.88
12:26:31 -4.53 50.47 98.88
12:26:32 -4.24 50.47 98.88
12:26:33 -4.44 50.47 98.90
12:26:34 -3.64 50.47 98.90
12:26:35 1.03 50.47 98.88
12:26:36 13.93 50.47 98.88
12:26:37 41.59 50.47 98.88
12:26:38 80.00 50.47 98.90
12:26:39 120.78 50.47 98.88
12:26:40 146.39 50.47 98.86
12:26:41 151.98 50.47 98.88
12:26:42 138.45 50.47 98.90
12:26:43 115.26 50.47 98.88
12:26:44 86.74 50.47 98.88
12:26:45 62.52 50.47 98.88
12:26:46 51.55 50.47 98.88
12:26:47 32.05 50.47 98.90
12:26:48 19.64 50.47 98.90
12:26:49 11.66 50.47 98.90
12:26:50 6.73 50.47 98.90
12:26:51 3.47 50.47 98.90
12:26:52 0.97 50.47 98.90
12:26:53 0.18 50.47 98.90
12:26:54 -1.12 50.47 98.90
12:26:55 -1.28 50.47 98.90
12:26:56 -2.21 50.47 98.90
12:26:57 -3.43 50.47 98.90
12:26:58 -2.99 50.47 98.90
12:26:59 -3.42 50.47 98.90
12:27:00 -3.62 50.47 98.90
12:27:01 -3.57 50.47 98.90
12:27:02 -4.16 50.47 98.90
12:27:03 -3.82 50.47 98.90
12:27:04 -4.38 50.47 98.90
12:27:05 -4.34 50.47 98.90
12:27:06 -4.44 50.47 98.90
12:27:07 -4.22 50.47 98.88
12:27:08 -4.57 50.47 98.88
12:27:09 -4.14 50.47 98.88
12:27:10 -4.52 50.47 98.90
12:27:11 -3.85 50.47 98.88
12:27:12 -3.58 50.47 98.88
12:27:13 1.52 50.47 98.88
12:27:14 16.35 50.47 98.90
12:27:15 48.57 50.47 98.88
12:27:16 96.00 50.47 98.90
12:27:17 145.69 50.47 98.90
12:27:18 179.41 50.47 98.90
12:27:19 188.72 50.47 98.90
12:27:20 173.93 50.47 98.88
12:27:21 144.38 50.47 98.88
12:27:22 110.93 50.47 98.90
12:27:23 79.89 50.47 98.90
12:27:24 51.85 50.47 98.90
12:27:25 33.09 50.47 98.90
12:27:26 20.27 50.47 98.90
12:27:27 12.72 50.47 98.90
12:27:28 8.13 50.47 98.90
12:27:29 4.53 50.47 98.90
12:27:30 3.53 50.47 98.90
12:27:31 1.47 50.47 98.90
12:27:32 0.33 50.47 98.90
12:27:33 -0.47 50.47 98.90
12:27:34 -1.53 50.47 98.90
12:27:35 -1.83 50.47 98.90
12:27:36 -2.65 50.47 98.90
