"2016-04-26 at 16:10"
Time(H:M:S) CO2(ppm) CellTemp(c) CellPres(kPa)
16:10:23 -5.08 50.47 98.13
16:10:24 -4.97 50.47 98.11
16:10:25 -4.94 50.47 98.13
16:10:26 -5.30 50.47 98.13
16:10:27 -5.25 50.47 98.11
16:10:28 -4.70 50.47 98.11
16:10:29 -5.39 50.47 98.13
16:10:30 -4.70 50.47 98.11
16:10:31 -4.86 50.47 98.11
16:10:32 -4.85 50.47 98.11
16:10:33 -5.16 50.47 98.11
16:10:34 -5.08 50.47 98.13
16:10:35 -4.87 50.47 98.13
16:10:36 -4.75 50.47 98.11
16:10:37 -5.19 50.47 98.11
16:10:38 -4.74 50.47 98.13
16:10:39 -4.86 50.47 98.13
16:10:40 -4.94 50.47 98.13
16:10:41 -4.93 50.47 98.11
16:10:42 -5.12 50.47 98.13
16:10:43 -5.07 50.47 98.13
16:10:44 -5.02 50.47 98.13
16:10:45 -5.26 50.47 98.13
16:10:46 -4.72 50.47 98.13
16:10:47 -4.73 50.47 98.13
16:10:48 -4.94 50.47 98.13
16:10:49 -4.66 50.47 98.13
16:10:50 -4.58 50.47 98.13
16:10:51 -5.15 50.47 98.13
16:10:52 -5.15 50.47 98.13
16:10:53 -4.95 50.47 98.14
16:10:54 -4.76 50.47 98.14
16:10:55 -4.86 50.47 98.11
16:10:56 -5.01 50.47 98.13
16:10:57 -4.94 50.47 98.11
16:10:58 -4.78 50.47 98.13
16:10:59 -4.58 50.47 98.13
16:11:00 -3.43 50.47 98.13
16:11:01 3.44 50.47 98.13
16:11:02 24.74 50.47 98.13
16:11:03 68.28 50.47 98.13
16:11:04 99.07 50.47 98.13
16:11:05 165.22 50.47 98.11
16:11:06 217.79 50.47 98.13
16:11:07 239.45 50.47 98.13
16:11:08 226.15 50.47 98.13
16:11:09 191.80 50.47 98.11
16:11:10 147.28 50.47 98.11
16:11:11 100.94 50.47 98.13
16:11:12 65.26 50.47 98.13
16:11:13 41.80 50.47 98.13
16:11:14 26.80 50.47 98.11
16:11:15 17.05 50.47 98.13
16:11:16 11.28 50.47 98.11
16:11:17 7.25 50.47 98.13
16:11:18 4.37 50.47 98.13
16:11:19 2.69 50.47 98.13
16:11:20 1.30 50.47 98.13
16:11:21 0.19 50.47 98.13
16:11:22 -0.79 50.47 98.13
16:11:23 -1.62 50.47 98.13
16:11:24 -2.03 50.47 98.11
16:11:25 -2.57 50.47 98.13
16:11:26 -2.93 50.47 98.13
16:11:27 -3.01 50.47 98.11
16:11:28 -3.29 50.47 98.11
16:11:29 -3.49 50.47 98.11
16:11:30 -3.81 50.47 98.11
16:11:31 -3.80 50.47 98.13
16:11:32 -4.22 50.47 98.13
16:11:33 -4.22 50.47 98.13
16:11:34 -4.22 50.47 98.13
16:11:35 -4.08 50.47 98.12
16:11:36 -4.42 50.47 98.12
16:11:37 -4.24 50.47 98.13
16:11:38 -3.63 50.47 98.11
16:11:39 0.49 50.47 98.13
16:11:40 13.15 50.47 98.13
16:11:41 38.90 50.47 98.13
16:11:42 78.55 50.47 98.13
16:11:43 119.73 50.47 98.13
16:11:44 140.72 50.47 98.11
16:11:45 135.76 50.47 98.13
16:11:46 113.07 50.47 98.13
16:11:47 84.09 50.47 98.13
16:11:48 70.19 50.47 98.13
16:11:49 47.19 50.47 98.11
16:11:50 31.50 50.47 98.13
16:11:51 20.13 50.47 98.13
16:11:52 13.25 50.47 98.13
16:11:53 8.68 50.47 98.13
16:11:54 5.53 50.47 98.11
16:11:55 3.33 50.47 98.13
16:11:56 1.97 50.47 98.11
16:11:57 0.53 50.47 98.13
16:11:58 -0.26 50.47 98.13
16:11:59 -1.13 50.47 98.13
16:12:00 -1.91 50.47 98.13
16:12:01 -2.02 50.47 98.13
16:12:02 -2.27 50.47 98.13
16:12:03 -2.99 50.47 98.11
16:12:04 -3.34 50.47 98.13
16:12:05 -3.67 50.47 98.13
16:12:06 -3.62 50.47 98.13
16:12:07 -3.28 50.47 98.13
16:12:08 -4.18 50.47 98.11
16:12:09 -3.89 50.47 98.13
16:12:10 -3.94 50.47 98.11
16:12:11 -3.98 50.47 98.13
16:12:12 -4.42 50.47 98.13
16:12:13 -3.83 50.47 98.11
16:12:14 -2.20 50.47 98.13
16:12:15 3.79 50.47 98.13
16:12:16 17.05 50.47 98.13
16:12:17 36.51 50.47 98.13
16:12:18 58.11 50.47 98.11
16:12:19 72.06 50.47 98.12
16:12:20 75.89 50.47 98.12
16:12:21 68.95 50.47 98.13
16:12:22 55.76 50.47 98.13
16:12:23 39.93 50.47 98.13
16:12:24 25.22 50.47 98.13
16:12:25 14.92 50.47 98.11
16:12:26 8.01 50.47 98.13
16:12:27 4.27 50.47 98.13
16:12:28 1.15 50.47 98.13
16:12:29 0.04 50.47 98.10
16:12:30 -1.54 50.47 98.12
16:12:31 -1.88 50.47 98.10
16:12:32 -2.59 50.47 98.13
16:12:33 -2.63 50.47 98.13
16:12:34 -3.53 50.47 98.11
16:12:35 -3.75 50.47 98.11
16:12:36 -3.91 50.47 98.11
16:12:37 -4.05 50.47 98.12
16:12:38 -3.93 50.47 98.10
16:12:39 -4.57 50.47 98.12
16:12:40 -4.43 50.47 98.10
16:12:41 -4.30 50.47 98.12
16:12:42 -4.46 50.47 98.12
16:12:43 -4.67 50.47 98.12
16:12:44 -4.17 50.47 98.12
16:12:45 -2.30 50.47 98.12
16:12:46 2.05 50.47 98.12
16:12:47 12.07 50.47 98.12
16:12:48 24.91 50.47 98.12
16:12:49 36.08 50.47 98.12
16:12:50 43.16 50.47 98.10
16:12:51 43.51 50.47 98.12
16:12:52 36.79 50.47 98.10
16:12:53 31.71 50.47 98.12
16:12:54 21.73 50.47 98.12
16:12:55 13.55 50.47 98.10
16:12:56 7.24 50.47 98.12
16:12:57 3.32 50.47 98.12
16:12:58 0.65 50.47 98.12
16:12:59 -1.22 50.47 98.12
16:13:00 -2.23 50.47 98.12
16:13:01 -2.81 50.47 98.12
16:13:02 -3.49 50.47 98.12
16:13:03 -3.50 50.47 98.12
16:13:04 -3.62 50.47 98.12
16:13:05 -3.94 50.47 98.12
16:13:06 -4.35 50.47 98.12
16:13:07 -4.41 50.47 98.12
16:13:08 -4.33 50.47 98.12
16:13:09 -4.59 50.47 98.12
16:13:10 -4.60 50.47 98.12
16:13:11 -4.94 50.47 98.12
16:13:12 -4.46 50.47 98.12
16:13:13 -4.81 50.47 98.12
16:13:14 -4.76 50.47 98.12
16:13:15 -4.68 50.47 98.10
16:13:16 -4.54 50.47 98.12
16:13:17 -5.34 50.47 98.12
16:13:18 -5.15 50.47 98.12
16:13:19 -4.89 50.47 98.12
16:13:20 -4.86 50.47 98.12
16:13:21 -4.55 50.47 98.12
16:13:22 -5.03 50.47 98.10
16:13:23 -4.75 50.47 98.13
16:13:24 -4.81 50.47 98.12
16:13:25 -5.04 50.47 98.12
16:13:26 -4.72 50.47 98.12
16:13:27 -4.76 50.47 98.12
16:13:28 -4.72 50.47 98.12
16:13:29 -4.87 50.47 98.12
16:13:30 -5.04 50.47 98.12
16:13:31 -4.92 50.47 98.10
16:13:32 -4.66 50.47 98.12
16:13:33 -3.90 50.47 98.12
16:13:34 -1.54 50.47 98.12
16:13:35 2.70 50.47 98.12
16:13:36 5.35 50.47 98.10
16:13:37 13.02 50.47 98.12
16:13:38 18.04 50.47 98.10
16:13:39 18.85 50.47 98.12
16:13:40 15.82 50.47 98.12
16:13:41 11.46 50.47 98.12
16:13:42 7.01 50.47 98.12
16:13:43 2.60 50.47 98.12
16:13:44 0.23 50.47 98.12
16:13:45 -1.08 50.47 98.10
16:13:46 -2.36 50.47 98.12
16:13:47 -3.43 50.47 98.12
16:13:48 -3.55 50.47 98.10
16:13:49 -3.81 50.47 98.12
16:13:50 -3.88 50.47 98.10
16:13:51 -3.86 50.47 98.12
16:13:52 -4.40 50.47 98.12
16:13:53 -4.55 50.47 98.12
16:13:54 -4.90 50.47 98.12
16:13:55 -4.79 50.47 98.12
16:13:56 -4.49 50.47 98.12
16:13:57 -5.01 50.47 98.12
16:13:58 -5.12 50.47 98.12
16:13:59 -4.73 50.47 98.12
16:14:00 -4.86 50.47 98.12
16:14:01 -4.81 50.47 98.12
16:14:02 -5.01 50.47 98.12
16:14:03 -4.62 50.47 98.12
16:14:04 -5.03 50.47 98.12
16:14:05 -4.76 50.47 98.12
16:14:06 -4.51 50.47 98.12
16:14:07 -5.25 50.47 98.12
16:14:08 -5.14 50.47 98.12
16:14:09 -4.99 50.47 98.12
16:14:10 -4.80 50.47 98.12
16:14:11 -5.08 50.47 98.10
16:14:12 -4.65 50.47 98.12
16:14:13 -4.95 50.47 98.12
16:14:14 -5.10 50.47 98.12
16:14:15 -4.85 50.47 98.10
16:14:16 -4.38 50.47 98.12
16:14:17 -5.22 50.47 98.12
16:14:18 -4.99 50.47 98.12
16:14:19 -4.85 50.47 98.12
16:14:20 -4.92 50.47 98.12
16:14:21 -4.81 50.47 98.12
16:14:22 -4.79 50.47 98.12
16:14:23 -4.74 50.47 98.12
16:14:24 -5.21 50.47 98.10
16:14:25 -4.76 50.47 98.12
16:14:26 -4.93 50.47 98.10
16:14:27 -5.17 50.47 98.12
16:14:28 -5.16 50.47 98.12
16:14:29 -4.94 50.47 98.10
16:14:30 -4.98 50.47 98.10
16:14:31 -4.83 50.47 98.12
16:14:32 -4.96 50.47 98.10
16:14:33 -4.65 50.47 98.10
16:14:34 -5.15 50.47 98.12
16:14:35 -4.76 50.47 98.12
16:14:36 -5.17 50.47 98.12
16:14:37 -4.65 50.47 98.12
16:14:38 -4.95 50.47 98.12
16:14:39 -5.02 50.47 98.12
16:14:40 -5.00 50.47 98.10
16:14:41 -5.12 50.47 98.10
16:14:42 -4.93 50.47 98.10
16:14:43 -5.02 50.47 98.12
16:14:44 -4.73 50.47 98.12
16:14:45 -5.00 50.47 98.10
16:14:46 -5.30 50.47 98.10
16:14:47 -4.93 50.47 98.12
16:14:48 -4.84 50.47 98.12
16:14:49 -5.09 50.47 98.12
16:14:50 -5.01 50.47 98.12
16:14:51 -5.14 50.47 98.10
16:14:52 -5.10 50.47 98.10
16:14:53 -5.07 50.47 98.12
16:14:54 -4.98 50.47 98.12
16:14:55 -5.10 50.47 98.10
16:14:56 -4.97 50.47 98.12
16:14:57 -5.02 50.47 98.12
16:14:58 -5.00 50.47 98.12
16:14:59 -4.90 50.47 98.12
16:15:00 -5.20 50.47 98.12
16:15:01 -5.10 50.47 98.10
16:15:02 -4.91 50.47 98.10
16:15:03 -4.98 50.47 98.10
16:15:04 -4.95 50.47 98.12
16:15:05 -5.01 50.47 98.10
16:15:06 -5.11 50.47 98.08
16:15:07 -4.76 50.47 98.10
16:15:08 -4.64 50.47 98.10
16:15:09 -4.72 50.47 98.10
16:15:10 -4.48 50.47 98.12
16:15:11 -2.58 50.47 98.12
16:15:12 0.19 50.47 98.12
16:15:13 5.58 50.47 98.10
16:15:14 10.03 50.47 98.08
16:15:15 14.70 50.47 98.10
16:15:16 15.48 50.47 98.10
16:15:17 13.74 50.47 98.10
16:15:18 10.39 50.47 98.10
16:15:19 5.62 50.47 98.10
16:15:20 2.19 50.47 98.12
16:15:21 -0.06 50.47 98.12
16:15:22 -1.65 50.47 98.12
16:15:23 -2.98 50.47 98.12
16:15:24 -3.24 50.47 98.12
16:15:25 -3.33 50.47 98.12
16:15:26 -4.19 50.47 98.12
16:15:27 -4.08 50.47 98.12
16:15:28 -4.38 50.47 98.10
16:15:29 -4.89 50.47 98.10
16:15:30 -4.63 50.47 98.10
16:15:31 -4.66 50.47 98.10
16:15:32 -4.72 50.47 98.10
16:15:33 -4.61 50.47 98.10
16:15:34 -4.51 50.47 98.10
16:15:35 -4.83 50.47 98.10
16:15:36 -4.75 50.47 98.10
16:15:37 -4.83 50.47 98.10
16:15:38 -4.65 50.47 98.10
16:15:39 2.09 50.47 98.10
16:15:40 36.26 50.47 98.08
16:15:41 146.87 50.47 98.10
16:15:42 382.34 50.47 98.10
16:15:43 727.40 50.47 98.10
16:15:44 1069.40 50.47 98.10
16:15:45 1281.57 50.47 98.10
16:15:46 1312.17 50.47 98.10
16:15:47 1264.74 50.47 98.10
16:15:48 1090.62 50.47 98.10
16:15:49 866.09 50.47 98.10
16:15:50 646.47 50.47 98.10
16:15:51 464.68 50.47 98.10
16:15:52 327.84 50.47 98.10
16:15:53 229.15 50.47 98.10
16:15:54 161.39 50.47 98.10
16:15:55 115.81 50.47 98.10
16:15:56 80.92 50.47 98.10
16:15:57 56.78 50.47 98.10
16:15:58 41.83 50.47 98.10
16:15:59 30.89 50.47 98.10
16:16:00 23.93 50.47 98.10
16:16:01 18.50 50.47 98.08
16:16:02 14.78 50.47 98.10
16:16:03 11.22 50.47 98.10
16:16:04 8.68 50.47 98.10
16:16:05 6.43 50.47 98.10
16:16:06 5.16 50.47 98.10
16:16:07 3.66 50.47 98.10
16:16:08 3.09 50.47 98.10
16:16:09 1.90 50.47 98.10
16:16:10 0.92 50.47 98.10
16:16:11 0.55 50.47 98.10
16:16:12 -0.73 50.47 98.10
16:16:13 -0.86 50.47 98.10
16:16:14 -1.36 50.47 98.10
16:16:15 -2.00 50.47 98.08
16:16:16 -1.92 50.47 98.10
16:16:17 -2.87 50.47 98.10
16:16:18 -2.72 50.47 98.10
16:16:19 -2.88 50.47 98.10
16:16:20 -3.01 50.47 98.10
16:16:21 -3.37 50.47 98.10
16:16:22 -3.53 50.47 98.10
16:16:23 -3.39 50.47 98.08
16:16:24 -3.57 50.47 98.10
16:16:25 -3.14 50.47 98.10
16:16:26 0.08 50.47 98.10
16:16:27 24.01 50.47 98.10
16:16:28 107.51 50.47 98.10
16:16:29 298.47 50.47 98.08
16:16:30 441.00 50.47 98.10
16:16:31 771.76 50.47 98.10
16:16:32 1062.95 50.47 98.10
16:16:33 1213.03 50.47 98.10
16:16:34 1195.80 50.47 98.10
16:16:35 1053.46 50.47 98.10
16:16:36 847.56 50.47 98.10
16:16:37 644.40 50.47 98.10
16:16:38 467.88 50.47 98.10
16:16:39 333.87 50.47 98.10
16:16:40 234.95 50.47 98.10
16:16:41 167.67 50.47 98.08
16:16:42 120.64 50.47 98.10
16:16:43 89.03 50.47 98.10
16:16:44 65.84 50.47 98.08
16:16:45 47.55 50.47 98.10
16:16:46 35.96 50.47 98.10
16:16:47 28.13 50.47 98.10
16:16:48 21.81 50.47 98.10
16:16:49 17.47 50.47 98.10
16:16:50 13.94 50.47 98.10
16:16:51 11.05 50.47 98.10
16:16:52 9.83 50.47 98.10
16:16:53 7.56 50.47 98.10
16:16:54 6.07 50.47 98.10
16:16:55 4.34 50.47 98.10
16:16:56 3.22 50.47 98.10
16:16:57 2.21 50.47 98.10
16:16:58 1.17 50.47 98.10
16:16:59 0.68 50.47 98.10
16:17:00 -0.08 50.47 98.10
16:17:01 -0.88 50.47 98.10
16:17:02 -1.06 50.47 98.08
16:17:03 -1.87 50.47 98.10
16:17:04 -1.85 50.47 98.10
16:17:05 -2.61 50.47 98.10
16:17:06 -2.79 50.47 98.10
16:17:07 -2.74 50.47 98.10
16:17:08 -3.10 50.47 98.10
16:17:09 -3.11 50.47 98.10
16:17:10 -3.06 50.47 98.08
16:17:11 -3.35 50.47 98.10
16:17:12 -3.41 50.47 98.10
16:17:13 -3.33 50.47 98.10
16:17:14 -2.38 50.47 98.10
16:17:15 4.76 50.47 98.10
16:17:16 37.48 50.47 98.10
16:17:17 132.55 50.47 98.08
16:17:18 314.61 50.47 98.10
16:17:19 557.11 50.47 98.10
16:17:20 776.00 50.47 98.10
16:17:21 894.47 50.47 98.10
16:17:22 884.54 50.47 98.10
16:17:23 778.01 50.47 98.10
16:17:24 625.07 50.47 98.10
16:17:25 471.91 50.47 98.10
16:17:26 340.66 50.47 98.10
16:17:27 239.16 50.47 98.10
16:17:28 167.16 50.47 98.10
16:17:29 116.05 50.47 98.08
16:17:30 82.58 50.47 98.09
16:17:31 59.20 50.47 98.09
16:17:32 41.33 50.47 98.09
16:17:33 29.35 50.47 98.10
16:17:34 21.23 50.47 98.10
16:17:35 18.03 50.47 98.10
16:17:36 13.93 50.47 98.10
16:17:37 10.30 50.47 98.10
16:17:38 7.68 50.47 98.10
16:17:39 5.59 50.47 98.10
16:17:40 3.89 50.47 98.10
16:17:41 2.81 50.47 98.10
16:17:42 1.62 50.47 98.10
16:17:43 0.89 50.47 98.10
16:17:44 0.32 50.47 98.10
16:17:45 -0.65 50.47 98.09
16:17:46 -1.19 50.47 98.09
16:17:47 -1.40 50.47 98.10
16:17:48 -2.14 50.47 98.10
16:17:49 -2.54 50.47 98.10
16:17:50 -2.79 50.47 98.09
16:17:51 -2.74 50.47 98.09
16:17:52 -3.24 50.47 98.09
16:17:53 -2.86 50.47 98.10
16:17:54 -3.10 50.47 98.10
16:17:55 -3.38 50.47 98.10
16:17:56 -3.74 50.47 98.10
16:17:57 -3.60 50.47 98.10
16:17:58 -0.52 50.47 98.10
16:17:59 14.02 50.47 98.08
16:18:00 63.13 50.47 98.08
16:18:01 170.73 50.47 98.10
16:18:02 330.22 50.47 98.10
16:18:03 496.74 50.47 98.10
16:18:04 608.44 50.47 98.09
16:18:05 631.88 50.47 98.09
16:18:06 578.43 50.47 98.09
16:18:07 480.71 50.47 98.09
16:18:08 372.88 50.47 98.09
16:18:09 274.97 50.47 98.09
16:18:10 196.90 50.47 98.09
16:18:11 139.42 50.47 98.09
16:18:12 99.20 50.47 98.09
16:18:13 70.42 50.47 98.09
16:18:14 47.94 50.47 98.09
16:18:15 34.26 50.47 98.09
16:18:16 25.53 50.47 98.09
16:18:17 18.98 50.47 98.09
16:18:18 14.28 50.47 98.09
16:18:19 12.53 50.47 98.09
16:18:20 9.73 50.47 98.09
16:18:21 7.35 50.47 98.09
16:18:22 5.18 50.47 98.09
16:18:23 4.18 50.47 98.09
16:18:24 2.48 50.47 98.09
16:18:25 1.88 50.47 98.09
16:18:26 0.54 50.47 98.09
16:18:27 0.06 50.47 98.09
16:18:28 -0.79 50.47 98.09
16:18:29 -0.89 50.47 98.09
16:18:30 -1.50 50.47 98.09
16:18:31 -2.32 50.47 98.09
16:18:32 -2.46 50.47 98.09
16:18:33 -2.48 50.47 98.09
16:18:34 -2.61 50.47 98.09
16:18:35 -3.14 50.47 98.09
16:18:36 -3.19 50.47 98.09
16:18:37 -3.07 50.47 98.07
16:18:38 -3.42 50.47 98.09
16:18:39 -3.34 50.47 98.09
16:18:40 -1.74 50.47 98.09
16:18:41 12.59 50.47 98.09
16:18:42 82.19 50.47 98.09
16:18:43 285.31 50.47 98.09
16:18:44 685.99 50.47 98.09
16:18:45 1216.02 50.47 98.09
16:18:46 1685.78 50.47 98.09
16:18:47 1943.11 50.47 98.09
16:18:48 1931.57 50.47 98.09
16:18:49 1718.26 50.47 98.09
16:18:50 1402.00 50.47 98.09
16:18:51 1067.73 50.47 98.09
16:18:52 781.74 50.47 98.09
16:18:53 554.45 50.47 98.09
16:18:54 391.45 50.47 98.09
16:18:55 274.66 50.47 98.09
16:18:56 195.92 50.47 98.09
16:18:57 142.96 50.47 98.09
16:18:58 106.22 50.47 98.09
16:18:59 78.67 50.47 98.09
16:19:00 58.15 50.47 98.09
16:19:01 44.26 50.47 98.09
16:19:02 39.07 50.47 98.09
16:19:03 31.10 50.47 98.09
16:19:04 24.72 50.47 98.09
16:19:05 20.01 50.47 98.09
16:19:06 16.21 50.47 98.09
16:19:07 12.82 50.47 98.09
16:19:08 10.54 50.47 98.09
16:19:09 8.71 50.47 98.07
16:19:10 6.56 50.47 98.09
16:19:11 5.37 50.47 98.09
16:19:12 4.02 50.47 98.09
16:19:13 2.78 50.47 98.09
16:19:14 2.12 50.47 98.09
16:19:15 1.21 50.47 98.09
16:19:16 0.61 50.47 98.09
16:19:17 -0.14 50.47 98.09
16:19:18 -0.40 50.47 98.09
16:19:19 -0.98 50.47 98.09
16:19:20 -1.11 50.47 98.09
16:19:21 -1.77 50.47 98.09
16:19:22 -1.98 50.47 98.09
16:19:23 -2.32 50.47 98.09
16:19:24 -2.10 50.47 98.09
16:19:25 -2.50 50.47 98.09
16:19:26 -3.21 50.47 98.09
16:19:27 -2.85 50.47 98.09
16:19:28 -3.25 50.47 98.08
16:19:29 -3.24 50.47 98.08
16:19:30 -3.27 50.47 98.08
16:19:31 -3.26 50.47 98.06
16:19:32 -0.20 50.47 98.09
16:19:33 21.05 50.47 98.08
16:19:34 102.87 50.47 98.08
16:19:35 305.08 50.47 98.08
16:19:36 646.49 50.47 98.08
16:19:37 1039.91 50.47 98.09
16:19:38 1335.89 50.47 98.09
16:19:39 1443.26 50.47 98.09
16:19:40 1364.09 50.47 98.09
16:19:41 1166.06 50.47 98.08
16:19:42 921.15 50.47 98.08
16:19:43 690.37 50.47 98.08
16:19:44 499.38 50.47 98.08
16:19:45 422.11 50.47 98.08
16:19:46 301.61 50.47 98.08
16:19:47 216.39 50.47 98.08
16:19:48 158.07 50.47 98.08
16:19:49 117.67 50.47 98.08
16:19:50 89.91 50.47 98.08
16:19:51 67.12 50.47 98.08
16:19:52 50.91 50.47 98.08
16:19:53 40.54 50.47 98.09
16:19:54 32.41 50.47 98.08
16:19:55 25.79 50.47 98.08
16:19:56 21.12 50.47 98.09
16:19:57 17.23 50.47 98.09
16:19:58 14.03 50.47 98.09
16:19:59 11.38 50.47 98.09
16:20:00 9.56 50.47 98.09
16:20:01 7.16 50.47 98.09
16:20:02 5.91 50.47 98.09
16:20:03 4.46 50.47 98.08
16:20:04 3.68 50.47 98.08
16:20:05 1.98 50.47 98.08
16:20:06 1.40 50.47 98.06
16:20:07 0.72 50.47 98.08
16:20:08 0.68 50.47 98.08
16:20:09 -0.38 50.47 98.08
16:20:10 -0.54 50.47 98.08
16:20:11 -0.84 50.47 98.08
16:20:12 -1.98 50.47 98.08
16:20:13 -2.14 50.47 98.06
16:20:14 -1.85 50.47 98.08
16:20:15 -2.27 50.47 98.08
16:20:16 -2.49 50.47 98.08
16:20:17 -2.69 50.47 98.06
16:20:18 -2.66 50.47 98.08
16:20:19 -3.12 50.47 98.08
16:20:20 -2.63 50.47 98.08
16:20:21 3.40 50.47 98.08
16:20:22 37.74 50.47 98.08
16:20:23 152.69 50.47 98.08
16:20:24 411.26 50.47 98.08
16:20:25 801.78 50.47 98.08
16:20:26 1205.66 50.47 98.08
16:20:27 1471.51 50.47 98.08
16:20:28 1531.04 50.47 98.08
16:20:29 1488.51 50.47 98.08
16:20:30 1302.27 50.47 98.08
16:20:31 1048.22 50.47 98.08
16:20:32 798.23 50.47 98.08
16:20:33 584.37 50.47 98.08
16:20:34 420.89 50.47 98.08
16:20:35 301.96 50.47 98.08
16:20:36 220.65 50.47 98.08
16:20:37 162.77 50.47 98.08
16:20:38 123.13 50.47 98.08
16:20:39 95.26 50.47 98.08
16:20:40 71.54 50.47 98.06
16:20:41 55.85 50.47 98.08
16:20:42 44.62 50.47 98.08
16:20:43 36.14 50.47 98.08
16:20:44 29.35 50.47 98.08
16:20:45 24.21 50.47 98.06
16:20:46 19.67 50.47 98.08
16:20:47 16.65 50.47 98.08
16:20:48 13.66 50.47 98.08
16:20:49 10.95 50.47 98.08
16:20:50 9.32 50.47 98.08
16:20:51 8.22 50.47 98.08
16:20:52 6.48 50.47 98.08
16:20:53 5.25 50.47 98.08
16:20:54 3.91 50.47 98.08
16:20:55 2.72 50.47 98.08
16:20:56 2.04 50.47 98.08
16:20:57 1.36 50.47 98.08
16:20:58 0.08 50.47 98.08
16:20:59 -0.11 50.47 98.08
16:21:00 -0.38 50.47 98.08
16:21:01 -0.80 50.47 98.08
16:21:02 -1.36 50.47 98.08
16:21:03 -1.98 50.47 98.08
16:21:04 -2.08 50.47 98.08
16:21:05 -2.10 50.47 98.08
16:21:06 -2.17 50.47 98.08
16:21:07 -2.46 50.47 98.08
16:21:08 -2.79 50.47 98.08
16:21:09 -3.11 50.47 98.08
16:21:10 -2.62 50.47 98.08
16:21:11 -2.39 50.47 98.08
16:21:12 -0.37 50.47 98.08
16:21:13 15.84 50.47 98.08
16:21:14 82.05 50.47 98.08
16:21:15 249.39 50.47 98.08
16:21:16 534.24 50.47 98.08
16:21:17 870.92 50.47 98.08
16:21:18 1131.00 50.47 98.08
16:21:19 1235.95 50.47 98.08
16:21:20 1179.56 50.47 98.08
16:21:21 1012.76 50.47 98.06
16:21:22 805.09 50.47 98.08
16:21:23 604.46 50.47 98.08
16:21:24 440.01 50.47 98.08
16:21:25 302.64 50.47 98.08
16:21:26 202.34 50.47 98.08
16:21:27 139.37 50.47 98.08
16:21:28 99.23 50.47 98.08
16:21:29 72.99 50.47 98.08
16:21:30 54.45 50.47 98.08
16:21:31 42.49 50.47 98.08
16:21:32 33.22 50.47 98.08
16:21:33 27.13 50.47 98.08
16:21:34 23.83 50.47 98.08
16:21:35 18.82 50.47 98.08
16:21:36 15.23 50.47 98.08
16:21:37 12.57 50.47 98.08
16:21:38 9.76 50.47 98.08
16:21:39 7.79 50.47 98.08
16:21:40 6.20 50.47 98.08
16:21:41 4.84 50.47 98.08
16:21:42 3.21 50.47 98.08
16:21:43 2.47 50.47 98.08
16:21:44 1.53 50.47 98.08
16:21:45 0.87 50.47 98.08
16:21:46 0.01 50.47 98.08
16:21:47 -0.40 50.47 98.08
16:21:48 -0.68 50.47 98.08
16:21:49 -0.96 50.47 98.08
16:21:50 -1.62 50.47 98.08
16:21:51 -1.81 50.47 98.08
16:21:52 -1.75 50.47 98.06
16:21:53 -2.68 50.47 98.08
16:21:54 -2.27 50.47 98.08
16:21:55 -2.46 50.47 98.08
16:21:56 -2.71 50.47 98.08
16:21:57 -2.74 50.47 98.08
16:21:58 -2.79 50.47 98.08
16:21:59 -3.37 50.47 98.08
16:22:00 -3.13 50.47 98.08
16:22:01 -3.29 50.47 98.08
16:22:02 -3.53 50.47 98.08
16:22:03 -3.83 50.47 98.08
16:22:04 -3.58 50.47 98.08
16:22:05 -3.66 50.47 98.08
16:22:06 -3.68 50.47 98.08
16:22:07 -4.08 50.47 98.08
16:22:08 -3.86 50.47 98.08
16:22:09 -3.64 50.47 98.08
16:22:10 -3.85 50.47 98.08
16:22:11 -4.09 50.47 98.06
16:22:12 -4.18 50.47 98.08
16:22:13 -4.12 50.47 98.08
16:22:14 -3.86 50.47 98.08
16:22:15 -4.12 50.47 98.08
16:22:16 -3.86 50.47 98.08
16:22:17 -4.04 50.47 98.08
16:22:18 -4.28 50.47 98.08
16:22:19 -4.46 50.47 98.08
16:22:20 -4.24 50.47 98.08
16:22:21 -4.30 50.47 98.08
16:22:22 -3.90 50.47 98.08
16:22:23 -4.36 50.47 98.08
16:22:24 -4.06 50.47 98.08
16:22:25 -4.42 50.47 98.08
16:22:26 -4.44 50.47 98.08
16:22:27 -4.10 50.47 98.08
16:22:28 -4.65 50.47 98.08
16:22:29 -4.51 50.47 98.08
16:22:30 -4.32 50.47 98.08
16:22:31 -4.76 50.47 98.08
16:22:32 -4.34 50.47 98.08
16:22:33 -4.48 50.47 98.08
16:22:34 -4.37 50.47 98.08
16:22:35 -4.55 50.47 98.08
16:22:36 -4.42 50.47 98.08
16:22:37 -4.30 50.47 98.08
16:22:38 -4.31 50.47 98.08
16:22:39 -4.41 50.47 98.08
16:22:40 -4.50 50.47 98.08
16:22:41 -4.67 50.47 98.08
16:22:42 -4.64 50.47 98.06
16:22:43 -4.65 50.47 98.06
16:22:44 -4.32 50.47 98.08
16:22:45 -4.47 50.47 98.06
16:22:46 -4.32 50.47 98.08
16:22:47 -4.53 50.47 98.08
16:22:48 -4.39 50.47 98.08
16:22:49 -4.65 50.47 98.08
16:22:50 -4.37 50.47 98.08
16:22:51 -4.43 50.47 98.08
16:22:52 -4.70 50.47 98.08
16:22:53 -4.40 50.47 98.08
16:22:54 -4.45 50.47 98.08
16:22:55 -4.62 50.47 98.08
16:22:56 -4.78 50.47 98.08
16:22:57 -4.45 50.47 98.08
16:22:58 -4.40 50.47 98.08
16:22:59 -4.93 50.47 98.08
16:23:00 -4.62 50.47 98.08
16:23:01 -4.55 50.47 98.08
16:23:02 -4.87 50.47 98.08
16:23:03 -4.77 50.47 98.08
16:23:04 -4.86 50.47 98.08
16:23:05 -4.60 50.47 98.08
16:23:06 -4.55 50.47 98.08
16:23:07 -4.69 50.47 98.08
16:23:08 -4.97 50.47 98.08
16:23:09 -4.29 50.47 98.08
16:23:10 -4.18 50.47 98.08
16:23:11 -2.38 50.47 98.08
16:23:12 7.40 50.47 98.08
16:23:13 31.29 50.47 98.08
16:23:14 75.17 50.47 98.08
16:23:15 129.59 50.47 98.08
16:23:16 176.03 50.47 98.08
16:23:17 200.22 50.47 98.08
16:23:18 193.43 50.47 98.08
16:23:19 168.91 50.47 98.08
16:23:20 132.94 50.47 98.08
16:23:21 99.01 50.47 98.08
16:23:22 82.20 50.47 98.08
16:23:23 52.78 50.47 98.08
16:23:24 33.21 50.47 98.08
16:23:25 20.97 50.47 98.08
16:23:26 12.43 50.47 98.08
16:23:27 7.95 50.47 98.08
16:23:28 5.00 50.47 98.08
16:23:29 2.07 50.47 98.08
16:23:30 1.22 50.47 98.08
16:23:31 -0.48 50.47 98.08
16:23:32 -0.63 50.47 98.08
16:23:33 -1.90 50.47 98.08
16:23:34 -2.27 50.47 98.08
16:23:35 -2.46 50.47 98.08
16:23:36 -3.02 50.47 98.08
16:23:37 -3.25 50.47 98.08
16:23:38 -3.44 50.47 98.08
16:23:39 -3.87 50.47 98.08
16:23:40 -3.64 50.47 98.08
16:23:41 -4.26 50.47 98.08
16:23:42 -4.25 50.47 98.08
16:23:43 -4.04 50.47 98.08
16:23:44 -3.72 50.47 98.08
16:23:45 -4.08 50.47 98.08
16:23:46 -3.94 50.47 98.08
16:23:47 -4.12 50.47 98.08
16:23:48 -2.37 50.47 98.08
16:23:49 4.94 50.47 98.08
16:23:50 22.44 50.47 98.08
16:23:51 51.64 50.47 98.08
16:23:52 86.71 50.47 98.08
16:23:53 114.30 50.47 98.08
16:23:54 126.14 50.47 98.08
16:23:55 120.57 50.47 98.08
16:23:56 102.21 50.47 98.08
16:23:57 80.17 50.47 98.08
16:23:58 58.34 50.47 98.08
16:23:59 37.98 50.47 98.08
16:24:00 24.10 50.47 98.08
16:24:01 14.93 50.47 98.08
16:24:02 9.53 50.47 98.08
16:24:03 5.40 50.47 98.08
16:24:04 3.18 50.47 98.08
16:24:05 1.24 50.47 98.08
16:24:06 0.75 50.47 98.08
16:24:07 -0.59 50.47 98.08
16:24:08 -1.23 50.47 98.08
16:24:09 -1.73 50.47 98.08
16:24:10 -2.33 50.47 98.08
16:24:11 -2.75 50.47 98.08
16:24:12 -2.98 50.47 98.08
16:24:13 -3.03 50.47 98.08
16:24:14 -3.61 50.47 98.08
16:24:15 -3.86 50.47 98.08
16:24:16 -3.63 50.47 98.08
16:24:17 -4.05 50.47 98.08
16:24:18 -3.97 50.47 98.08
16:24:19 -4.29 50.47 98.08
16:24:20 -4.35 50.47 98.08
16:24:21 -4.08 50.47 98.08
16:24:22 -4.15 50.47 98.08
16:24:23 -4.01 50.47 98.08
16:24:24 -0.00 50.47 98.08
16:24:25 13.40 50.47 98.08
16:24:26 44.00 50.47 98.08
16:24:27 92.91 50.47 98.08
16:24:28 120.03 50.47 98.08
16:24:29 169.82 50.47 98.08
16:24:30 196.89 50.47 98.08
16:24:31 197.04 50.47 98.08
16:24:32 173.78 50.47 98.08
16:24:33 140.20 50.47 98.08
16:24:34 105.24 50.47 98.08
16:24:35 76.02 50.47 98.08
16:24:36 49.54 50.47 98.08
16:24:37 31.17 50.47 98.08
16:24:38 20.01 50.47 98.08
16:24:39 13.70 50.47 98.08
16:24:40 8.38 50.47 98.08
16:24:41 5.61 50.47 98.08
16:24:42 3.14 50.47 98.08
16:24:43 1.50 50.47 98.08
16:24:44 0.31 50.47 98.08
16:24:45 -0.25 50.47 98.08
16:24:46 -1.16 50.47 98.08
16:24:47 -1.98 50.47 98.08
16:24:48 -1.81 50.47 98.08
16:24:49 -2.67 50.47 98.08
16:24:50 -2.56 50.47 98.08
16:24:51 -3.10 50.47 98.08
16:24:52 -3.28 50.47 98.08
16:24:53 -3.55 50.47 98.08
16:24:54 -3.74 50.47 98.08
16:24:55 -3.62 50.47 98.08
16:24:56 -3.91 50.47 98.08
16:24:57 -4.19 50.47 98.08
16:24:58 -4.08 50.47 98.08
16:24:59 -4.04 50.47 98.08
16:25:00 -4.21 50.47 98.08
16:25:01 -4.14 50.47 98.08
16:25:02 -3.84 50.47 98.08
16:25:03 0.82 50.47 98.06
16:25:04 15.15 50.47 98.08
16:25:05 44.59 50.47 98.08
16:25:06 87.98 50.47 98.08
16:25:07 132.06 50.47 98.08
16:25:08 161.48 50.47 98.08
16:25:09 168.33 50.47 98.08
16:25:10 153.45 50.47 98.08
16:25:11 140.98 50.47 98.08
16:25:12 112.50 50.47 98.08
16:25:13 83.74 50.47 98.08
16:25:14 57.44 50.47 98.08
16:25:15 36.85 50.47 98.08
16:25:16 23.62 50.47 98.08
16:25:17 15.15 50.47 98.08
16:25:18 9.98 50.47 98.08
16:25:19 6.14 50.47 98.08
16:25:20 3.96 50.47 98.08
16:25:21 2.21 50.47 98.08
16:25:22 0.55 50.47 98.08
16:25:23 0.04 50.47 98.08
16:25:24 -0.77 50.47 98.08
16:25:25 -1.91 50.47 98.08
16:25:26 -2.23 50.47 98.08
16:25:27 -2.03 50.47 98.08
16:25:28 -2.66 50.47 98.08
16:25:29 -3.41 50.47 98.08
16:25:30 -3.59 50.47 98.08
16:25:31 -3.34 50.47 98.08
16:25:32 -3.92 50.47 98.08
16:25:33 -4.02 50.47 98.08
16:25:34 -3.68 50.47 98.08
16:25:35 -4.23 50.47 98.08
16:25:36 -4.18 50.47 98.08
16:25:37 -4.24 50.47 98.08
16:25:38 -3.84 50.47 98.08
16:25:39 -0.81 50.47 98.08
16:25:40 11.66 50.47 98.08
16:25:41 44.49 50.47 98.08
16:25:42 104.09 50.47 98.08
16:25:43 177.00 50.47 98.08
16:25:44 240.28 50.47 98.08
16:25:45 271.18 50.47 98.08
16:25:46 263.88 50.47 98.08
16:25:47 228.22 50.47 98.08
16:25:48 181.52 50.47 98.08
16:25:49 134.84 50.47 98.08
16:25:50 89.81 50.47 98.08
16:25:51 57.31 50.47 98.08
16:25:52 36.30 50.47 98.08
16:25:53 23.64 50.47 98.08
16:25:54 18.69 50.47 98.08
16:25:55 11.78 50.47 98.08
16:25:56 7.43 50.47 98.08
16:25:57 4.31 50.47 98.08
16:25:58 2.51 50.47 98.08
16:25:59 1.18 50.47 98.08
16:26:00 -0.14 50.47 98.08
16:26:01 -0.77 50.47 98.08
16:26:02 -1.70 50.47 98.08
16:26:03 -2.28 50.47 98.08
16:26:04 -2.58 50.47 98.08
16:26:05 -2.73 50.47 98.08
16:26:06 -3.40 50.47 98.08
16:26:07 -3.35 50.47 98.08
16:26:08 -3.82 50.47 98.08
16:26:09 -3.72 50.47 98.08
16:26:10 -4.11 50.47 98.08
16:26:11 -4.18 50.47 98.06
16:26:12 -4.01 50.47 98.06
16:26:13 -3.90 50.47 98.06
16:26:14 -4.03 50.47 98.06
16:26:15 -2.62 50.47 98.06
16:26:16 -0.22 50.47 98.06
16:26:17 15.86 50.47 98.06
16:26:18 58.01 50.47 98.06
16:26:19 136.31 50.47 98.06
16:26:20 234.59 50.47 98.06
16:26:21 322.07 50.47 98.06
16:26:22 367.23 50.47 98.06
16:26:23 359.77 50.47 98.06
16:26:24 315.65 50.47 98.06
16:26:25 251.59 50.47 98.08
16:26:26 190.22 50.47 98.06
16:26:27 136.30 50.47 98.06
16:26:28 89.36 50.47 98.06
16:26:29 58.21 50.47 98.06
16:26:30 38.26 50.47 98.06
16:26:31 26.51 50.47 98.06
16:26:32 17.90 50.47 98.06
16:26:33 12.01 50.47 98.06
16:26:34 8.47 50.47 98.06
16:26:35 5.88 50.47 98.06
16:26:36 3.71 50.47 98.06
16:26:37 2.69 50.47 98.06
16:26:38 1.77 50.47 98.06
16:26:39 0.34 50.47 98.06
16:26:40 -0.53 50.47 98.06
16:26:41 -0.66 50.47 98.06
16:26:42 -1.29 50.47 98.06
16:26:43 -2.05 50.47 98.06
16:26:44 -2.43 50.47 98.06
16:26:45 -2.84 50.47 98.06
16:26:46 -2.81 50.47 98.06
16:26:47 -3.20 50.47 98.04
16:26:48 -3.59 50.47 98.06
16:26:49 -3.61 50.47 98.06
16:26:50 -3.51 50.47 98.06
16:26:51 -3.53 50.47 98.06
16:26:52 -4.02 50.47 98.06
16:26:53 -3.89 50.47 98.06
16:26:54 -1.84 50.47 98.06
16:26:55 5.73 50.47 98.06
16:26:56 24.79 50.47 98.06
16:26:57 60.10 50.47 98.06
16:26:58 104.35 50.47 98.06
16:26:59 125.71 50.47 98.06
16:27:00 157.23 50.47 98.06
16:27:01 166.54 50.47 98.06
16:27:02 154.62 50.47 98.06
16:27:03 130.28 50.47 98.06
16:27:04 101.42 50.47 98.06
16:27:05 74.90 50.47 98.06
16:27:06 53.18 50.47 98.06
16:27:07 34.67 50.47 98.06
16:27:08 22.16 50.47 98.06
16:27:09 15.75 50.47 98.06
16:27:10 9.97 50.47 98.06
16:27:11 6.63 50.47 98.06
16:27:12 4.60 50.47 98.06
16:27:13 2.63 50.47 98.06
16:27:14 1.67 50.47 98.06
16:27:15 0.09 50.47 98.06
16:27:16 -0.60 50.47 98.06
16:27:17 -1.28 50.47 98.06
16:27:18 -1.83 50.47 98.06
16:27:19 -2.06 50.47 98.06
16:27:20 -2.56 50.47 98.06
16:27:21 -2.91 50.47 98.06
16:27:22 -2.76 50.47 98.06
16:27:23 -3.43 50.47 98.06
16:27:24 -3.57 50.47 98.06
16:27:25 -3.83 50.47 98.06
16:27:26 -3.83 50.47 98.06
16:27:27 -3.90 50.47 98.04
16:27:28 -3.88 50.47 98.05
16:27:29 -3.79 50.47 98.05
16:27:30 -4.38 50.47 98.05
16:27:31 -4.16 50.47 98.05
16:27:32 -4.57 50.47 98.05
16:27:33 -4.31 50.47 98.05
16:27:34 -3.05 50.47 98.06
16:27:35 1.12 50.47 98.06
16:27:36 12.48 50.47 98.05
16:27:37 31.32 50.47 98.05
16:27:38 53.51 50.47 98.05
16:27:39 72.15 50.47 98.05
16:27:40 81.25 50.47 98.05
16:27:41 78.65 50.47 98.05
16:27:42 67.61 50.47 98.05
16:27:43 60.30 50.47 98.05
16:27:44 45.47 50.47 98.06
16:27:45 31.32 50.47 98.05
16:27:46 19.86 50.47 98.05
16:27:47 11.70 50.47 98.06
16:27:48 6.69 50.47 98.06
16:27:49 3.72 50.47 98.05
16:27:50 1.68 50.47 98.05
16:27:51 -0.18 50.47 98.06
16:27:52 -0.94 50.47 98.06
16:27:53 -1.61 50.47 98.06
16:27:54 -2.05 50.47 98.04
16:27:55 -2.38 50.47 98.06
16:27:56 -3.22 50.47 98.05
16:27:57 -3.26 50.47 98.05
16:27:58 -3.14 50.47 98.05
16:27:59 -4.01 50.47 98.05
16:28:00 -4.04 50.47 98.05
16:28:01 -4.11 50.47 98.05
16:28:02 -4.26 50.47 98.05
16:28:03 -4.24 50.47 98.05
16:28:04 -4.22 50.47 98.06
16:28:05 -4.23 50.47 98.06
16:28:06 -4.49 50.47 98.05
16:28:07 -4.77 50.47 98.05
16:28:08 -4.69 50.47 98.05
16:28:09 -4.24 50.47 98.05
16:28:10 -4.56 50.47 98.05
16:28:11 -4.50 50.47 98.05
16:28:12 -4.78 50.47 98.05
16:28:13 -4.66 50.47 98.06
16:28:14 -4.69 50.47 98.06
16:28:15 -4.64 50.47 98.06
16:28:16 -5.00 50.47 98.06
16:28:17 -4.76 50.47 98.05
16:28:18 -4.77 50.47 98.05
16:28:19 -4.67 50.47 98.05
16:28:20 -4.64 50.47 98.05
16:28:21 -4.58 50.47 98.05
16:28:22 -4.78 50.47 98.05
16:28:23 -4.72 50.47 98.05
16:28:24 -4.52 50.47 98.05
16:28:25 -5.03 50.47 98.05
16:28:26 -5.01 50.47 98.05
16:28:27 -5.01 50.47 98.05
16:28:28 -4.69 50.47 98.05
16:28:29 -4.75 50.47 98.05
16:28:30 -4.81 50.47 98.05
16:28:31 -4.91 50.47 98.05
16:28:32 -4.87 50.47 98.05
16:28:33 -4.37 50.47 98.05
16:28:34 -4.91 50.47 98.05
16:28:35 -4.71 50.47 98.05
16:28:36 -4.94 50.47 98.05
16:28:37 -4.63 50.47 98.05
16:28:38 -4.97 50.47 98.05
16:28:39 -5.18 50.47 98.05
16:28:40 -4.91 50.47 98.05
16:28:41 -4.55 50.47 98.05
16:28:42 -4.81 50.47 98.05
16:28:43 -4.99 50.47 98.05
16:28:44 -4.75 50.47 98.05
16:28:45 -5.05 50.47 98.05
16:28:46 -5.01 50.47 98.05
16:28:47 -4.85 50.47 98.05
16:28:48 -5.07 50.47 98.05
16:28:49 -4.88 50.47 98.05
16:28:50 -4.52 50.47 98.05
16:28:51 -5.12 50.47 98.05
16:28:52 -5.03 50.47 98.05
16:28:53 -4.72 50.47 98.05
16:28:54 -5.00 50.47 98.05
16:28:55 -4.69 50.47 98.05
16:28:56 -4.84 50.47 98.05
16:28:57 -4.91 50.47 98.05
16:28:58 -5.08 50.47 98.05
16:28:59 -4.66 50.47 98.05
16:29:00 -4.59 50.47 98.05
16:29:01 -5.11 50.47 98.05
16:29:02 -4.85 50.47 98.05
16:29:03 -4.93 50.47 98.05
16:29:04 -5.17 50.47 98.05
16:29:05 -4.80 50.47 98.05
16:29:06 -4.75 50.47 98.05
16:29:07 -5.10 50.47 98.05
16:29:08 -4.58 50.47 98.05
16:29:09 -4.78 50.47 98.05
16:29:10 -4.70 50.47 98.05
16:29:11 -4.99 50.47 98.05
16:29:12 -4.68 50.47 98.05
16:29:13 -4.85 50.47 98.05
16:29:14 -4.86 50.47 98.05
16:29:15 -4.50 50.47 98.05
16:29:16 -4.96 50.47 98.05
16:29:17 -5.13 50.47 98.05
16:29:18 -4.87 50.47 98.05
16:29:19 -4.38 50.47 98.05
16:29:20 -4.92 50.47 98.05
16:29:21 -4.84 50.47 98.05
16:29:22 -5.08 50.47 98.05
16:29:23 -5.12 50.47 98.05
16:29:24 -4.79 50.47 98.05
16:29:25 -5.07 50.47 98.05
16:29:26 -4.74 50.47 98.05
16:29:27 -4.75 50.47 98.05
16:29:28 -4.84 50.47 98.05
16:29:29 -4.16 50.47 98.05
16:29:30 0.41 50.47 98.05
16:29:31 6.06 50.47 98.05
16:29:32 32.05 50.47 98.05
16:29:33 82.52 50.47 98.05
16:29:34 151.39 50.47 98.05
16:29:35 218.52 50.47 98.05
16:29:36 257.76 50.47 98.05
16:29:37 261.56 50.47 98.05
16:29:38 233.46 50.47 98.05
16:29:39 190.15 50.47 98.05
16:29:40 144.95 50.47 98.05
16:29:41 105.31 50.47 98.05
16:29:42 70.46 50.47 98.05
16:29:43 45.75 50.47 98.05
16:29:44 30.15 50.47 98.05
16:29:45 20.34 50.47 98.05
16:29:46 13.52 50.47 98.05
16:29:47 9.82 50.47 98.05
16:29:48 7.01 50.47 98.05
16:29:49 4.30 50.47 98.05
16:29:50 3.20 50.47 98.05
16:29:51 1.41 50.47 98.05
16:29:52 0.37 50.47 98.05
16:29:53 -0.03 50.47 98.05
16:29:54 -0.99 50.47 98.05
16:29:55 -1.54 50.47 98.05
16:29:56 -1.87 50.47 98.05
16:29:57 -2.58 50.47 98.05
16:29:58 -2.57 50.47 98.05
16:29:59 -3.41 50.47 98.06
16:30:00 -3.68 50.47 98.05
16:30:01 -3.27 50.47 98.05
16:30:02 -4.22 50.47 98.05
16:30:03 -3.81 50.47 98.05
16:30:04 -3.86 50.47 98.05
16:30:05 -4.13 50.47 98.05
16:30:06 -3.97 50.47 98.05
16:30:07 -4.27 50.47 98.05
16:30:08 -3.84 50.47 98.05
16:30:09 2.28 50.47 98.05
16:30:10 32.87 50.47 98.05
16:30:11 127.80 50.47 98.05
16:30:12 326.26 50.47 98.05
16:30:13 612.61 50.47 98.05
16:30:14 894.50 50.47 98.05
16:30:15 1000.78 50.47 98.05
16:30:16 1103.69 50.47 98.05
16:30:17 1064.35 50.47 98.05
16:30:18 923.68 50.47 98.05
16:30:19 742.83 50.47 98.05
16:30:20 563.97 50.47 98.05
16:30:21 417.24 50.47 98.05
16:30:22 284.43 50.47 98.05
16:30:23 195.41 50.47 98.05
16:30:24 138.33 50.47 98.05
16:30:25 100.95 50.47 98.05
16:30:26 75.60 50.47 98.05
16:30:27 57.83 50.47 98.05
16:30:28 45.94 50.47 98.05
16:30:29 36.15 50.47 98.05
16:30:30 29.07 50.47 98.05
16:30:31 23.74 50.47 98.05
16:30:32 19.05 50.47 98.05
16:30:33 15.48 50.47 98.05
16:30:34 12.48 50.47 98.05
16:30:35 10.03 50.47 98.05
16:30:36 8.06 50.47 98.05
16:30:37 7.00 50.47 98.05
16:30:38 5.25 50.47 98.05
16:30:39 4.10 50.47 98.05
16:30:40 2.77 50.47 98.05
16:30:41 2.29 50.47 98.05
16:30:42 0.53 50.47 98.05
16:30:43 0.35 50.47 98.05
16:30:44 0.34 50.47 98.05
16:30:45 -0.79 50.47 98.05
16:30:46 -1.16 50.47 98.05
16:30:47 -1.77 50.47 98.05
16:30:48 -1.81 50.47 98.06
16:30:49 -2.52 50.47 98.06
16:30:50 -2.26 50.47 98.06
16:30:51 -2.49 50.47 98.06
16:30:52 -2.66 50.47 98.06
16:30:53 -3.21 50.47 98.06
16:30:54 -3.11 50.47 98.05
16:30:55 -3.08 50.47 98.05
16:30:56 -2.42 50.47 98.05
16:30:57 -0.06 50.47 98.05
16:30:58 5.74 50.47 98.05
16:30:59 39.20 50.47 98.05
16:31:00 134.14 50.47 98.05
16:31:01 320.75 50.47 98.05
16:31:02 579.20 50.47 98.05
16:31:03 819.26 50.47 98.05
16:31:04 954.58 50.47 98.05
16:31:05 956.65 50.47 98.05
16:31:06 851.08 50.47 98.05
16:31:07 693.09 50.47 98.05
16:31:08 525.07 50.47 98.05
16:31:09 382.25 50.47 98.05
16:31:10 252.86 50.47 98.05
16:31:11 165.30 50.47 98.05
16:31:12 109.40 50.47 98.05
16:31:13 74.38 50.47 98.05
16:31:14 50.88 50.47 98.05
16:31:15 36.36 50.47 98.05
16:31:16 26.43 50.47 98.05
16:31:17 20.27 50.47 98.05
16:31:18 15.21 50.47 98.05
16:31:19 11.20 50.47 98.05
16:31:20 9.92 50.47 98.06
16:31:21 7.18 50.47 98.06
16:31:22 5.79 50.47 98.06
16:31:23 3.38 50.47 98.05
16:31:24 2.19 50.47 98.05
16:31:25 1.35 50.47 98.06
16:31:26 0.55 50.47 98.05
16:31:27 -0.42 50.47 98.05
16:31:28 -0.83 50.47 98.06
16:31:29 -1.13 50.47 98.06
16:31:30 -1.51 50.47 98.05
16:31:31 -2.23 50.47 98.05
16:31:32 -2.45 50.47 98.06
16:31:33 -2.98 50.47 98.05
16:31:34 -2.63 50.47 98.05
16:31:35 -3.09 50.47 98.05
16:31:36 -3.26 50.47 98.06
16:31:37 -3.34 50.47 98.05
16:31:38 -3.75 50.47 98.05
16:31:39 -3.61 50.47 98.05
16:31:40 -3.56 50.47 98.05
16:31:41 -1.41 50.47 98.05
16:31:42 2.13 50.47 98.05
16:31:43 25.47 50.47 98.05
16:31:44 93.93 50.47 98.05
16:31:45 223.59 50.47 98.05
16:31:46 404.10 50.47 98.05
16:31:47 570.61 50.47 98.05
16:31:48 665.79 50.47 98.05
16:31:49 669.26 50.47 98.05
16:31:50 598.07 50.47 98.05
16:31:51 490.33 50.47 98.05
16:31:52 374.37 50.47 98.05
16:31:53 277.24 50.47 98.05
16:31:54 192.19 50.47 98.05
16:31:55 128.30 50.47 98.06
16:31:56 88.25 50.47 98.06
16:31:57 61.87 50.47 98.06
16:31:58 44.98 50.47 98.06
16:31:59 32.99 50.47 98.06
16:32:00 25.29 50.47 98.06
16:32:01 19.16 50.47 98.06
16:32:02 15.10 50.47 98.06
16:32:03 13.62 50.47 98.06
16:32:04 10.33 50.47 98.06
16:32:05 8.02 50.47 98.06
16:32:06 6.29 50.47 98.06
16:32:07 4.44 50.47 98.05
16:32:08 2.90 50.47 98.05
16:32:09 1.94 50.47 98.06
16:32:10 1.18 50.47 98.06
16:32:11 0.11 50.47 98.06
16:32:12 -0.18 50.47 98.06
16:32:13 -0.89 50.47 98.06
16:32:14 -1.65 50.47 98.06
16:32:15 -1.46 50.47 98.06
16:32:16 -2.36 50.47 98.06
16:32:17 -2.57 50.47 98.06
16:32:18 -2.88 50.47 98.06
16:32:19 -2.91 50.47 98.06
16:32:20 -3.01 50.47 98.06
16:32:21 -3.18 50.47 98.06
16:32:22 -3.84 50.47 98.06
16:32:23 -3.61 50.47 98.06
16:32:24 -3.07 50.47 98.06
16:32:25 -1.96 50.47 98.05
16:32:26 7.16 50.47 98.05
16:32:27 50.05 50.47 98.06
16:32:28 167.07 50.47 98.06
16:32:29 383.45 50.47 98.05
16:32:30 662.68 50.47 98.05
16:32:31 906.04 50.47 98.06
16:32:32 1028.81 50.47 98.06
16:32:33 1011.73 50.47 98.05
16:32:34 888.08 50.47 98.05
16:32:35 715.68 50.47 98.05
16:32:36 542.68 50.47 98.05
16:32:37 392.34 50.47 98.05
16:32:38 261.35 50.47 98.05
16:32:39 172.83 50.47 98.05
16:32:40 116.11 50.47 98.06
16:32:41 80.36 50.47 98.06
16:32:42 57.05 50.47 98.06
16:32:43 41.56 50.47 98.06
16:32:44 31.28 50.47 98.06
16:32:45 23.95 50.47 98.06
16:32:46 18.28 50.47 98.06
16:32:47 16.18 50.47 98.06
16:32:48 12.76 50.47 98.06
16:32:49 9.51 50.47 98.06
16:32:50 7.67 50.47 98.06
16:32:51 5.55 50.47 98.06
16:32:52 4.01 50.47 98.06
16:32:53 2.63 50.47 98.06
16:32:54 1.63 50.47 98.06
16:32:55 0.95 50.47 98.06
16:32:56 0.25 50.47 98.06
16:32:57 -0.29 50.47 98.06
16:32:58 -0.98 50.47 98.06
16:32:59 -1.19 50.47 98.06
16:33:00 -2.18 50.47 98.06
16:33:01 -2.04 50.47 98.06
16:33:02 -2.25 50.47 98.06
16:33:03 -2.79 50.47 98.06
16:33:04 -2.54 50.47 98.06
16:33:05 -3.09 50.47 98.06
16:33:06 -3.17 50.47 98.06
16:33:07 -3.43 50.47 98.06
16:33:08 -3.67 50.47 98.06
16:33:09 -3.21 50.47 98.06
16:33:10 -1.30 50.47 98.06
16:33:11 10.77 50.47 98.06
16:33:12 53.70 50.47 98.06
16:33:13 153.60 50.47 98.06
16:33:14 313.96 50.47 98.06
16:33:15 494.89 50.47 98.06
16:33:16 630.57 50.47 98.06
16:33:17 676.40 50.47 98.06
16:33:18 636.18 50.47 98.06
16:33:19 541.87 50.47 98.06
16:33:20 428.41 50.47 98.06
16:33:21 323.26 50.47 98.06
16:33:22 227.24 50.47 98.06
16:33:23 153.62 50.47 98.06
16:33:24 106.31 50.47 98.06
16:33:25 75.64 50.47 98.06
16:33:26 55.74 50.47 98.06
16:33:27 41.75 50.47 98.06
16:33:28 32.47 50.47 98.06
16:33:29 25.44 50.47 98.06
16:33:30 22.61 50.47 98.06
16:33:31 17.88 50.47 98.06
16:33:32 14.53 50.47 98.06
16:33:33 11.37 50.47 98.06
16:33:34 9.02 50.47 98.06
16:33:35 6.99 50.47 98.06
16:33:36 5.23 50.47 98.06
16:33:37 4.05 50.47 98.06
16:33:38 2.11 50.47 98.06
16:33:39 1.49 50.47 98.06
16:33:40 1.13 50.47 98.06
16:33:41 -0.16 50.47 98.06
16:33:42 -0.27 50.47 98.06
16:33:43 -0.89 50.47 98.06
16:33:44 -1.53 50.47 98.06
16:33:45 -1.47 50.47 98.06
16:33:46 -1.75 50.47 98.06
16:33:47 -2.32 50.47 98.06
16:33:48 -2.61 50.47 98.06
16:33:49 -2.91 50.47 98.06
16:33:50 -2.97 50.47 98.06
16:33:51 -3.27 50.47 98.06
16:33:52 -3.20 50.47 98.06
16:33:53 -3.36 50.47 98.06
16:33:54 -3.19 50.47 98.06
16:33:55 -3.84 50.47 98.06
16:33:56 -3.64 50.47 98.06
16:33:57 -2.89 50.47 98.06
16:33:58 0.22 50.47 98.06
16:33:59 17.63 50.47 98.06
16:34:00 71.36 50.47 98.06
16:34:01 182.38 50.47 98.06
16:34:02 340.75 50.47 98.06
16:34:03 501.50 50.47 98.06
16:34:04 603.72 50.47 98.06
16:34:05 623.18 50.47 98.06
16:34:06 569.18 50.47 98.06
16:34:07 474.29 50.47 98.06
16:34:08 371.37 50.47 98.06
16:34:09 266.51 50.47 98.06
16:34:10 182.63 50.47 98.06
16:34:11 126.51 50.47 98.06
16:34:12 88.58 50.47 98.06
16:34:13 63.39 50.47 98.06
16:34:14 53.95 50.47 98.06
16:34:15 40.83 50.47 98.06
16:34:16 31.42 50.47 98.06
16:34:17 24.78 50.47 98.06
16:34:18 19.09 50.47 98.06
16:34:19 15.29 50.47 98.06
16:34:20 12.29 50.47 98.06
16:34:21 9.40 50.47 98.06
16:34:22 7.32 50.47 98.06
16:34:23 4.83 50.47 98.06
16:34:24 4.35 50.47 98.06
16:34:25 2.82 50.47 98.06
16:34:26 1.60 50.47 98.06
16:34:27 1.04 50.47 98.06
16:34:28 0.27 50.47 98.06
16:34:29 -0.61 50.47 98.06
16:34:30 -1.03 50.47 98.06
16:34:31 -0.88 50.47 98.06
16:34:32 -1.98 50.47 98.06
16:34:33 -2.29 50.47 98.06
16:34:34 -2.44 50.47 98.06
16:34:35 -2.36 50.47 98.06
16:34:36 -2.80 50.47 98.06
16:34:37 -2.72 50.47 98.06
16:34:38 -3.21 50.47 98.06
16:34:39 -3.07 50.47 98.06
16:34:40 -3.19 50.47 98.06
16:34:41 -3.21 50.47 98.06
16:34:42 -2.10 50.47 98.06
16:34:43 5.22 50.47 98.06
16:34:44 32.26 50.47 98.06
16:34:45 94.92 50.47 98.06
16:34:46 194.67 50.47 98.06
16:34:47 305.88 50.47 98.06
16:34:48 390.41 50.47 98.06
16:34:49 419.25 50.47 98.06
16:34:50 394.81 50.47 98.06
16:34:51 334.69 50.47 98.06
16:34:52 263.55 50.47 98.06
16:34:53 196.54 50.47 98.06
16:34:54 133.77 50.47 98.06
16:34:55 88.46 50.47 98.06
16:34:56 60.33 50.47 98.06
16:34:57 50.16 50.47 98.06
16:34:58 34.63 50.47 98.06
16:34:59 24.55 50.47 98.06
16:35:00 17.96 50.47 98.06
16:35:01 13.41 50.47 98.06
16:35:02 10.09 50.47 98.06
16:35:03 7.50 50.47 98.06
16:35:04 5.27 50.47 98.08
16:35:05 3.85 50.47 98.08
16:35:06 2.24 50.47 98.08
16:35:07 0.94 50.47 98.08
16:35:08 0.87 50.47 98.06
16:35:09 -0.11 50.47 98.06
16:35:10 -0.86 50.47 98.06
16:35:11 -1.68 50.47 98.08
16:35:12 -1.65 50.47 98.08
16:35:13 -2.24 50.47 98.08
16:35:14 -2.52 50.47 98.08
16:35:15 -2.74 50.47 98.08
16:35:16 -2.97 50.47 98.08
16:35:17 -3.06 50.47 98.06
16:35:18 -3.39 50.47 98.06
16:35:19 -3.56 50.47 98.08
16:35:20 -3.68 50.47 98.08
16:35:21 -3.57 50.47 98.08
16:35:22 -4.15 50.47 98.08
16:35:23 -4.12 50.47 98.08
16:35:24 -3.77 50.47 98.08
16:35:25 -3.71 50.47 98.08
16:35:26 -4.23 50.47 98.08
16:35:27 -3.90 50.47 98.08
16:35:28 -4.27 50.47 98.08
16:35:29 -4.15 50.47 98.08
16:35:30 -4.55 50.47 98.08
16:35:31 -3.96 50.47 98.08
16:35:32 -4.24 50.47 98.08
16:35:33 -4.01 50.47 98.08
16:35:34 -4.44 50.47 98.08
16:35:35 -4.46 50.47 98.08
16:35:36 -4.52 50.47 98.08
16:35:37 -4.17 50.47 98.08
16:35:38 -4.33 50.47 98.08
16:35:39 -4.45 50.47 98.08
16:35:40 -4.64 50.47 98.08
16:35:41 -4.61 50.47 98.08
16:35:42 -4.32 50.47 98.08
16:35:43 -4.50 50.47 98.08
16:35:44 -4.59 50.47 98.08
16:35:45 -4.91 50.47 98.08
16:35:46 -4.58 50.47 98.08
16:35:47 -4.61 50.47 98.08
16:35:48 -4.77 50.47 98.08
16:35:49 -4.54 50.47 98.08
16:35:50 -4.53 50.47 98.08
16:35:51 -4.85 50.47 98.08
16:35:52 -4.42 50.47 98.08
16:35:53 -4.63 50.47 98.08
16:35:54 -4.82 50.47 98.08
16:35:55 -4.75 50.47 98.08
16:35:56 -4.86 50.47 98.08
16:35:57 -4.44 50.47 98.08
16:35:58 -4.75 50.47 98.08
16:35:59 -4.99 50.47 98.08
16:36:00 -4.81 50.47 98.08
16:36:01 -4.62 50.47 98.08
16:36:02 -4.55 50.47 98.08
16:36:03 -4.56 50.47 98.08
16:36:04 -4.37 50.47 98.08
16:36:05 -4.61 50.47 98.08
16:36:06 -4.94 50.47 98.08
16:36:07 -5.01 50.47 98.08
16:36:08 -3.84 50.47 98.08
16:36:09 0.70 50.47 98.08
16:36:10 16.27 50.47 98.08
16:36:11 51.02 50.47 98.08
16:36:12 104.97 50.47 98.08
16:36:13 165.15 50.47 98.08
16:36:14 210.20 50.47 98.08
16:36:15 226.45 50.47 98.08
16:36:16 214.04 50.47 98.08
16:36:17 181.81 50.47 98.08
16:36:18 144.71 50.47 98.08
16:36:19 106.79 50.47 98.08
16:36:20 72.52 50.47 98.08
16:36:21 48.32 50.47 98.08
16:36:22 32.51 50.47 98.08
16:36:23 22.29 50.47 98.08
16:36:24 18.58 50.47 98.08
16:36:25 12.79 50.47 98.08
16:36:26 9.28 50.47 98.08
16:36:27 6.41 50.47 98.08
16:36:28 4.20 50.47 98.08
16:36:29 2.70 50.47 98.09
16:36:30 1.43 50.47 98.09
16:36:31 0.12 50.47 98.09
16:36:32 -0.33 50.47 98.08
16:36:33 -1.06 50.47 98.08
16:36:34 -1.57 50.47 98.09
16:36:35 -2.22 50.47 98.09
16:36:36 -2.59 50.47 98.09
16:36:37 -3.01 50.47 98.09
16:36:38 -3.20 50.47 98.09
16:36:39 -3.36 50.47 98.09
16:36:40 -3.47 50.47 98.09
16:36:41 -3.60 50.47 98.09
16:36:42 -3.72 50.47 98.09
16:36:43 -3.83 50.47 98.09
16:36:44 -3.83 50.47 98.09
16:36:45 -4.09 50.47 98.09
16:36:46 -4.19 50.47 98.09
16:36:47 -3.40 50.47 98.09
16:36:48 -0.15 50.47 98.08
16:36:49 13.55 50.47 98.08
16:36:50 46.43 50.47 98.09
16:36:51 101.67 50.47 98.09
16:36:52 168.01 50.47 98.09
16:36:53 222.02 50.47 98.09
16:36:54 246.09 50.47 98.09
16:36:55 236.42 50.47 98.09
16:36:56 203.38 50.47 98.09
16:36:57 160.63 50.47 98.09
16:36:58 119.12 50.47 98.09
16:36:59 82.76 50.47 98.09
16:37:00 52.68 50.47 98.09
16:37:01 32.93 50.47 98.09
16:37:02 20.41 50.47 98.09
16:37:03 13.00 50.47 98.09
16:37:04 7.96 50.47 98.09
16:37:05 4.09 50.47 98.09
16:37:06 1.78 50.47 98.09
16:37:07 1.14 50.47 98.09
16:37:08 0.21 50.47 98.09
16:37:09 -0.91 50.47 98.09
16:37:10 -1.41 50.47 98.09
16:37:11 -2.35 50.47 98.09
16:37:12 -2.20 50.47 98.09
16:37:13 -3.06 50.47 98.09
16:37:14 -3.50 50.47 98.09
16:37:15 -3.67 50.47 98.09
16:37:16 -3.81 50.47 98.09
16:37:17 -3.87 50.47 98.09
16:37:18 -4.08 50.47 98.09
16:37:19 -3.98 50.47 98.09
16:37:20 -4.20 50.47 98.09
16:37:21 -4.00 50.47 98.09
16:37:22 -4.37 50.47 98.09
16:37:23 -4.30 50.47 98.09
16:37:24 -4.39 50.47 98.09
16:37:25 -4.10 50.47 98.09
16:37:26 -2.29 50.47 98.09
16:37:27 6.13 50.47 98.09
16:37:28 36.41 50.47 98.09
16:37:29 63.97 50.47 98.09
16:37:30 148.50 50.47 98.09
16:37:31 255.08 50.47 98.09
16:37:32 351.90 50.47 98.09
16:37:33 402.03 50.47 98.09
16:37:34 398.63 50.47 98.09
16:37:35 353.84 50.47 98.09
16:37:36 286.61 50.47 98.09
16:37:37 220.97 50.47 98.09
16:37:38 157.05 50.47 98.09
16:37:39 105.22 50.47 98.10
16:37:40 71.49 50.47 98.10
16:37:41 49.41 50.47 98.09
16:37:42 34.37 50.47 98.09
16:37:43 24.34 50.47 98.09
16:37:44 18.08 50.47 98.10
16:37:45 13.37 50.47 98.10
16:37:46 9.85 50.47 98.10
16:37:47 7.60 50.47 98.10
16:37:48 5.29 50.47 98.10
16:37:49 3.92 50.47 98.10
16:37:50 2.12 50.47 98.10
16:37:51 1.45 50.47 98.10
16:37:52 0.71 50.47 98.10
16:37:53 0.09 50.47 98.10
16:37:54 -0.88 50.47 98.10
16:37:55 -1.16 50.47 98.10
16:37:56 -1.72 50.47 98.10
16:37:57 -2.89 50.47 98.10
16:37:58 -2.41 50.47 98.10
16:37:59 -3.11 50.47 98.10
16:38:00 -3.10 50.47 98.10
16:38:01 -2.93 50.47 98.10
16:38:02 -3.61 50.47 98.10
16:38:03 -3.47 50.47 98.10
16:38:04 -3.44 50.47 98.10
16:38:05 -3.76 50.47 98.10
16:38:06 -3.06 50.47 98.10
16:38:07 3.04 50.47 98.10
16:38:08 19.14 50.47 98.09
16:38:09 52.99 50.47 98.09
16:38:10 102.41 50.47 98.10
16:38:11 152.39 50.47 98.10
16:38:12 171.78 50.47 98.10
16:38:13 192.45 50.47 98.10
16:38:14 185.69 50.47 98.10
16:38:15 160.76 50.47 98.10
16:38:16 127.58 50.47 98.10
16:38:17 94.16 50.47 98.10
16:38:18 62.60 50.47 98.10
16:38:19 40.00 50.47 98.10
16:38:20 25.44 50.47 98.10
16:38:21 16.07 50.47 98.10
16:38:22 10.19 50.47 98.10
16:38:23 6.63 50.47 98.10
16:38:24 3.89 50.47 98.10
16:38:25 1.87 50.47 98.10
16:38:26 1.16 50.47 98.10
16:38:27 -0.63 50.47 98.10
16:38:28 -1.00 50.47 98.10
16:38:29 -1.50 50.47 98.10
16:38:30 -2.08 50.47 98.10
16:38:31 -2.42 50.47 98.10
16:38:32 -3.29 50.47 98.10
16:38:33 -3.28 50.47 98.10
16:38:34 -3.44 50.47 98.10
16:38:35 -3.62 50.47 98.10
16:38:36 -3.73 50.47 98.10
16:38:37 -3.79 50.47 98.10
16:38:38 -4.04 50.47 98.10
16:38:39 -3.95 50.47 98.10
16:38:40 -4.09 50.47 98.10
16:38:41 -4.44 50.47 98.10
16:38:42 -2.59 50.47 98.10
16:38:43 3.96 50.47 98.10
16:38:44 24.58 50.47 98.10
16:38:45 66.32 50.47 98.10
16:38:46 124.15 50.47 98.10
16:38:47 181.60 50.47 98.10
16:38:48 219.23 50.47 98.10
16:38:49 225.29 50.47 98.10
16:38:50 205.81 50.47 98.10
16:38:51 170.81 50.47 98.10
16:38:52 132.88 50.47 98.10
16:38:53 93.30 50.47 98.10
16:38:54 61.80 50.47 98.12
16:38:55 41.34 50.47 98.12
16:38:56 33.78 50.47 98.12
16:38:57 22.18 50.47 98.12
16:38:58 15.09 50.47 98.12
16:38:59 10.38 50.47 98.12
16:39:00 7.28 50.47 98.12
16:39:01 5.32 50.47 98.12
16:39:02 2.80 50.47 98.12
16:39:03 1.72 50.47 98.12
16:39:04 0.20 50.47 98.12
16:39:05 -0.20 50.47 98.12
16:39:06 -1.10 50.47 98.12
16:39:07 -1.46 50.47 98.12
16:39:08 -2.31 50.47 98.12
16:39:09 -2.53 50.47 98.12
16:39:10 -3.15 50.47 98.12
16:39:11 -2.95 50.47 98.12
16:39:12 -3.36 50.47 98.12
16:39:13 -3.41 50.47 98.12
16:39:14 -3.63 50.47 98.12
16:39:15 -3.64 50.47 98.12
16:39:16 -3.87 50.47 98.12
16:39:17 -3.34 50.47 98.12
16:39:18 -2.54 50.47 98.12
16:39:19 5.91 50.47 98.12
16:39:20 37.41 50.47 98.12
16:39:21 113.69 50.47 98.12
16:39:22 240.24 50.47 98.12
16:39:23 389.26 50.47 98.12
16:39:24 506.08 50.47 98.12
16:39:25 554.50 50.47 98.12
16:39:26 529.63 50.47 98.12
16:39:27 456.07 50.47 98.12
16:39:28 361.75 50.47 98.12
16:39:29 272.16 50.47 98.12
16:39:30 195.89 50.47 98.12
16:39:31 128.64 50.47 98.12
16:39:32 86.39 50.47 98.12
16:39:33 58.59 50.47 98.12
16:39:34 40.67 50.47 98.12
16:39:35 28.86 50.47 98.12
16:39:36 21.32 50.47 98.12
16:39:37 15.75 50.47 98.12
16:39:38 11.50 50.47 98.12
16:39:39 10.38 50.47 98.12
16:39:40 7.34 50.47 98.12
16:39:41 5.46 50.47 98.12
16:39:42 3.51 50.47 98.12
16:39:43 1.99 50.47 98.12
16:39:44 1.17 50.47 98.12
16:39:45 0.60 50.47 98.12
16:39:46 -0.52 50.47 98.12
16:39:47 -0.89 50.47 98.12
16:39:48 -1.32 50.47 98.12
16:39:49 -2.40 50.47 98.12
16:39:50 -2.63 50.47 98.13
16:39:51 -2.54 50.47 98.13
16:39:52 -3.04 50.47 98.13
16:39:53 -3.06 50.47 98.13
16:39:54 -3.01 50.47 98.13
16:39:55 -3.23 50.47 98.12
16:39:56 -3.20 50.47 98.12
16:39:57 -3.84 50.47 98.12
16:39:58 -4.26 50.47 98.12
16:39:59 -2.47 50.47 98.12
16:40:00 2.07 50.47 98.12
16:40:01 8.25 50.47 98.12
16:40:02 33.44 50.47 98.12
16:40:03 78.79 50.47 98.12
16:40:04 136.35 50.47 98.12
16:40:05 186.94 50.47 98.12
16:40:06 213.20 50.47 98.12
16:40:07 211.01 50.47 98.12
16:40:08 185.17 50.47 98.12
16:40:09 149.18 50.47 98.12
16:40:10 111.65 50.47 98.12
16:40:11 74.89 50.47 98.13
16:40:12 48.78 50.47 98.13
16:40:13 32.27 50.47 98.13
16:40:14 20.81 50.47 98.12
16:40:15 13.74 50.47 98.12
16:40:16 8.90 50.47 98.13
16:40:17 5.83 50.47 98.12
16:40:18 4.25 50.47 98.12
16:40:19 2.12 50.47 98.12
16:40:20 0.74 50.47 98.12
16:40:21 -0.38 50.47 98.13
16:40:22 -0.91 50.47 98.13
16:40:23 -0.82 50.47 98.13
16:40:24 -1.71 50.47 98.13
16:40:26 -2.74 50.47 98.13
16:40:27 -3.29 50.47 98.13
16:40:28 -3.48 50.47 98.13
16:40:29 -3.11 50.47 98.13
16:40:30 -3.27 50.47 98.13
16:40:31 -3.37 50.47 98.13
16:40:32 -3.61 50.47 98.13
16:40:33 -4.06 50.47 98.13
16:40:34 -3.75 50.47 98.13
16:40:35 -2.00 50.47 98.13
16:40:36 9.97 50.47 98.13
16:40:37 54.22 50.47 98.13
16:40:38 157.77 50.47 98.13
16:40:39 328.54 50.47 98.13
16:40:40 525.27 50.47 98.13
16:40:41 678.03 50.47 98.12
16:40:42 739.32 50.47 98.12
16:40:43 706.35 50.47 98.13
16:40:44 609.41 50.47 98.13
16:40:45 490.06 50.47 98.13
16:40:46 364.78 50.47 98.13
16:40:47 252.75 50.47 98.13
16:40:48 174.76 50.47 98.13
16:40:49 121.13 50.47 98.13
16:40:50 85.59 50.47 98.13
16:40:51 62.31 50.47 98.13
16:40:52 54.00 50.47 98.13
16:40:53 41.47 50.47 98.13
16:40:54 31.72 50.47 98.13
16:40:55 25.00 50.47 98.13
16:40:56 19.71 50.47 98.13
16:40:57 15.71 50.47 98.13
16:40:58 12.36 50.47 98.13
16:40:59 9.60 50.47 98.13
16:41:00 7.88 50.47 98.13
16:41:01 5.92 50.47 98.13
16:41:02 4.41 50.47 98.13
16:41:03 3.08 50.47 98.13
16:41:04 1.46 50.47 98.13
16:41:05 0.77 50.47 98.13
16:41:06 0.41 50.47 98.13
16:41:07 -0.10 50.47 98.13
16:41:08 -0.88 50.47 98.13
16:41:09 -1.44 50.47 98.13
16:41:10 -1.45 50.47 98.13
16:41:11 -2.07 50.47 98.13
16:41:12 -2.35 50.47 98.13
16:41:13 -2.57 50.47 98.13
16:41:14 -2.76 50.47 98.13
16:41:15 -2.95 50.47 98.13
16:41:16 -3.10 50.47 98.13
16:41:17 -3.16 50.47 98.13
16:41:18 -2.90 50.47 98.13
16:41:19 -3.82 50.47 98.13
16:41:20 -3.74 50.47 98.13
16:41:21 -3.54 50.47 98.13
16:41:22 -3.91 50.47 98.13
16:41:23 -3.75 50.47 98.13
16:41:24 -3.84 50.47 98.13
16:41:25 -3.74 50.47 98.13
16:41:26 -4.11 50.47 98.13
16:41:27 -4.19 50.47 98.13
16:41:28 -3.88 50.47 98.13
16:41:29 -4.44 50.47 98.13
16:41:30 -4.33 50.47 98.13
16:41:31 -3.81 50.47 98.13
16:41:32 -4.64 50.47 98.13
16:41:33 -4.19 50.47 98.13
16:41:34 -3.85 50.47 98.13
16:41:35 -4.56 50.47 98.13
16:41:36 -4.39 50.47 98.13
16:41:37 -4.38 50.47 98.13
16:41:38 -4.41 50.47 98.13
16:41:39 -4.29 50.47 98.11
16:41:40 -4.39 50.47 98.13
16:41:41 -4.62 50.47 98.13
16:41:42 -4.35 50.47 98.13
16:41:43 -4.45 50.47 98.13
16:41:44 -4.53 50.47 98.13
16:41:45 -4.53 50.47 98.13
16:41:46 -4.74 50.47 98.13
16:41:47 -4.46 50.47 98.13
16:41:48 -4.76 50.47 98.13
16:41:49 -4.69 50.47 98.13
16:41:50 -4.71 50.47 98.13
16:41:51 -4.53 50.47 98.13
16:41:52 -4.60 50.47 98.13
16:41:53 -4.87 50.47 98.13
16:41:54 -4.55 50.47 98.13
16:41:55 -4.73 50.47 98.13
16:41:56 -4.86 50.47 98.13
16:41:57 -4.70 50.47 98.13
16:41:58 1.94 50.47 98.13
16:41:59 37.30 50.47 98.13
16:42:00 156.00 50.47 98.13
16:42:01 424.76 50.47 98.13
16:42:02 836.15 50.47 98.13
16:42:03 1270.74 50.47 98.13
16:42:04 1568.18 50.47 98.13
16:42:05 1650.51 50.47 98.13
16:42:06 1534.62 50.47 98.13
16:42:07 1293.97 50.47 98.13
16:42:08 1014.66 50.47 98.13
16:42:09 751.78 50.47 98.13
16:42:10 507.04 50.47 98.13
16:42:11 335.80 50.47 98.13
16:42:12 222.52 50.47 98.13
16:42:13 149.00 50.47 98.13
16:42:14 102.31 50.47 98.13
16:42:15 72.76 50.47 98.13
16:42:16 52.38 50.47 98.13
16:42:17 39.14 50.47 98.13
16:42:18 29.98 50.47 98.13
16:42:19 25.99 50.47 98.13
16:42:20 20.07 50.47 98.13
16:42:21 15.71 50.47 98.13
16:42:22 12.23 50.47 98.13
16:42:23 9.61 50.47 98.13
16:42:24 7.32 50.47 98.13
16:42:25 5.69 50.47 98.13
16:42:26 3.86 50.47 98.13
16:42:27 2.83 50.47 98.13
16:42:28 1.82 50.47 98.13
16:42:29 1.23 50.47 98.13
16:42:30 0.37 50.47 98.13
16:42:31 -0.37 50.47 98.13
16:42:32 -0.79 50.47 98.13
16:42:33 -0.98 50.47 98.13
16:42:34 -1.76 50.47 98.13
16:42:35 -2.38 50.47 98.13
16:42:36 -1.86 50.47 98.13
16:42:37 -2.55 50.47 98.13
16:42:38 -2.87 50.47 98.13
16:42:39 -2.79 50.47 98.13
16:42:40 -2.71 50.47 98.13
16:42:41 -3.04 50.47 98.12
16:42:42 -3.37 50.47 98.12
16:42:43 -3.28 50.47 98.13
16:42:44 -2.18 50.47 98.13
16:42:45 5.86 50.47 98.13
16:42:46 33.73 50.47 98.13
16:42:47 98.31 50.47 98.12
16:42:48 200.36 50.47 98.12
16:42:49 317.87 50.47 98.13
16:42:50 407.82 50.47 98.13
16:42:51 443.28 50.47 98.13
16:42:52 421.86 50.47 98.13
16:42:53 362.01 50.47 98.13
16:42:54 289.65 50.47 98.12
16:42:55 215.73 50.47 98.12
16:42:56 148.50 50.47 98.13
16:42:57 101.54 50.47 98.13
16:42:58 69.44 50.47 98.13
16:42:59 48.74 50.47 98.13
16:43:00 35.02 50.47 98.13
16:43:01 26.15 50.47 98.13
16:43:02 22.59 50.47 98.13
16:43:03 17.31 50.47 98.13
16:43:04 13.03 50.47 98.13
16:43:05 10.00 50.47 98.13
16:43:06 7.45 50.47 98.13
16:43:07 5.60 50.47 98.13
16:43:08 4.15 50.47 98.13
16:43:09 2.73 50.47 98.13
16:43:10 1.46 50.47 98.12
16:43:11 0.75 50.47 98.12
16:43:12 -0.28 50.47 98.13
16:43:13 -0.55 50.47 98.13
16:43:14 -1.17 50.47 98.13
16:43:15 -1.99 50.47 98.13
16:43:16 -2.34 50.47 98.13
16:43:17 -1.95 50.47 98.13
16:43:18 -2.81 50.47 98.12
16:43:19 -2.54 50.47 98.12
16:43:20 -3.12 50.47 98.12
16:43:21 -3.07 50.47 98.12
16:43:22 -2.98 50.47 98.12
16:43:23 -2.98 50.47 98.12
16:43:24 -3.27 50.47 98.12
16:43:25 -0.06 50.47 98.12
16:43:26 18.65 50.47 98.12
16:43:27 84.54 50.47 98.12
16:43:28 236.78 50.47 98.12
16:43:29 479.43 50.47 98.13
16:43:30 751.17 50.47 98.13
16:43:31 953.68 50.47 98.13
16:43:32 1025.74 50.47 98.13
16:43:33 973.35 50.47 98.13
16:43:34 835.48 50.47 98.12
16:43:35 671.92 50.47 98.12
16:43:36 500.49 50.47 98.13
16:43:37 346.73 50.47 98.13
16:43:38 241.17 50.47 98.12
16:43:39 169.14 50.47 98.12
16:43:40 119.83 50.47 98.13
16:43:41 88.66 50.47 98.12
16:43:42 66.97 50.47 98.12
16:43:43 51.99 50.47 98.12
16:43:44 41.00 50.47 98.12
16:43:45 36.59 50.47 98.12
16:43:46 29.78 50.47 98.12
16:43:47 24.07 50.47 98.12
16:43:48 19.12 50.47 98.12
16:43:49 15.77 50.47 98.12
16:43:50 12.75 50.47 98.12
16:43:51 9.66 50.47 98.12
16:43:52 8.01 50.47 98.12
16:43:53 6.25 50.47 98.12
16:43:54 4.73 50.47 98.12
16:43:55 3.36 50.47 98.12
16:43:56 2.06 50.47 98.12
16:43:57 1.68 50.47 98.12
16:43:58 1.07 50.47 98.12
16:43:59 0.64 50.47 98.12
16:44:00 -0.15 50.47 98.12
16:44:01 -0.66 50.47 98.12
16:44:02 -0.56 50.47 98.12
16:44:03 -2.04 50.47 98.12
16:44:04 -2.26 50.47 98.12
16:44:05 -2.08 50.47 98.12
16:44:06 -2.21 50.47 98.12
16:44:07 -2.13 50.47 98.12
16:44:08 -2.35 50.47 98.12
16:44:09 -2.84 50.47 98.12
16:44:10 -2.90 50.47 98.12
16:44:11 -3.12 50.47 98.12
16:44:12 -3.25 50.47 98.12
16:44:13 -1.67 50.47 98.12
16:44:14 4.44 50.47 98.12
16:44:15 22.55 50.47 98.12
16:44:16 59.49 50.47 98.12
16:44:17 111.25 50.47 98.12
16:44:18 162.34 50.47 98.12
16:44:19 194.12 50.47 98.12
16:44:20 200.01 50.47 98.12
16:44:21 180.89 50.47 98.12
16:44:22 149.10 50.47 98.12
16:44:23 113.69 50.47 98.12
16:44:24 78.12 50.47 98.12
16:44:25 51.52 50.47 98.12
16:44:26 32.41 50.47 98.12
16:44:27 21.30 50.47 98.12
16:44:28 13.88 50.47 98.12
16:44:29 10.96 50.47 98.12
16:44:30 7.25 50.47 98.12
16:44:31 4.53 50.47 98.12
16:44:32 2.48 50.47 98.12
16:44:33 1.08 50.47 98.12
16:44:34 -0.17 50.47 98.12
16:44:35 -0.96 50.47 98.12
16:44:36 -1.29 50.47 98.12
16:44:37 -1.61 50.47 98.12
16:44:38 -2.86 50.47 98.12
16:44:39 -2.71 50.47 98.12
16:44:40 -3.17 50.47 98.12
16:44:41 -3.40 50.47 98.12
16:44:42 -3.27 50.47 98.12
16:44:43 -3.42 50.47 98.12
16:44:44 -3.90 50.47 98.12
16:44:45 -3.46 50.47 98.12
16:44:46 -4.02 50.47 98.12
16:44:47 -3.53 50.47 98.12
16:44:48 -0.93 50.47 98.12
16:44:49 17.31 50.47 98.12
16:44:50 40.06 50.47 98.12
16:44:51 132.68 50.47 98.12
16:44:52 304.19 50.47 98.12
16:44:53 523.68 50.47 98.12
16:44:54 721.09 50.47 98.12
16:44:55 823.04 50.47 98.12
16:44:56 814.35 50.47 98.12
16:44:57 722.51 50.47 98.12
16:44:58 586.83 50.47 98.12
16:44:59 448.01 50.47 98.12
16:45:00 309.24 50.47 98.12
16:45:01 208.40 50.47 98.12
16:45:02 140.60 50.47 98.10
16:45:03 95.54 50.47 98.12
16:45:04 67.05 50.47 98.12
16:45:05 48.02 50.47 98.12
16:45:06 35.38 50.47 98.12
16:45:07 26.95 50.47 98.12
16:45:08 20.42 50.47 98.12
16:45:09 15.92 50.47 98.12
16:45:10 12.07 50.47 98.12
16:45:11 9.16 50.47 98.12
16:45:12 7.88 50.47 98.12
16:45:13 6.55 50.47 98.12
16:45:14 4.78 50.47 98.12
16:45:15 3.19 50.47 98.12
16:45:16 1.83 50.47 98.12
16:45:17 1.14 50.47 98.12
16:45:18 -0.12 50.47 98.12
16:45:19 -0.46 50.47 98.12
16:45:20 -1.38 50.47 98.12
16:45:21 -1.09 50.47 98.12
16:45:22 -1.66 50.47 98.12
16:45:23 -1.84 50.47 98.12
16:45:24 -2.22 50.47 98.12
16:45:25 -2.74 50.47 98.12
16:45:26 -2.84 50.47 98.12
16:45:27 -2.86 50.47 98.12
16:45:28 -2.97 50.47 98.12
16:45:29 -3.32 50.47 98.12
16:45:30 -3.37 50.47 98.10
16:45:31 -3.45 50.47 98.10
16:45:32 -3.53 50.47 98.12
16:45:33 -3.77 50.47 98.12
16:45:34 -3.57 50.47 98.12
16:45:35 -3.94 50.47 98.12
16:45:36 -4.03 50.47 98.10
16:45:37 -3.87 50.47 98.10
16:45:38 -4.37 50.47 98.12
16:45:39 -4.17 50.47 98.12
16:45:40 -4.31 50.47 98.12
16:45:41 -4.46 50.47 98.12
16:45:42 -3.94 50.47 98.12
16:45:43 -4.02 50.47 98.12
16:45:44 -3.87 50.47 98.10
16:45:45 -4.26 50.47 98.10
16:45:46 -4.57 50.47 98.12
16:45:47 -4.19 50.47 98.10
16:45:48 -4.52 50.47 98.10
16:45:49 -4.41 50.47 98.10
16:45:50 -4.66 50.47 98.10
16:45:51 -3.96 50.47 98.10
16:45:52 -4.39 50.47 98.12
16:45:53 -4.53 50.47 98.10
16:45:54 -4.35 50.47 98.10
16:45:55 -4.35 50.47 98.10
16:45:56 -4.60 50.47 98.10
16:45:57 -4.60 50.47 98.10
16:45:58 -4.31 50.47 98.10
16:45:59 -4.36 50.47 98.10
16:46:00 -4.45 50.47 98.12
16:46:01 -4.88 50.47 98.10
16:46:02 -4.62 50.47 98.10
16:46:03 -4.81 50.47 98.10
16:46:04 -4.60 50.47 98.10
16:46:05 -4.68 50.47 98.10
16:46:06 -4.46 50.47 98.10
16:46:07 -4.81 50.47 98.10
16:46:08 -4.72 50.47 98.10
16:46:09 -4.89 50.47 98.10
16:46:10 -4.78 50.47 98.10
16:46:11 -4.28 50.47 98.10
16:46:12 -4.65 50.47 98.10
16:46:13 -5.05 50.47 98.10
16:46:14 -4.12 50.47 98.10
16:46:15 -4.97 50.47 98.10
16:46:16 -4.81 50.47 98.10
16:46:17 -4.90 50.47 98.10
16:46:18 -4.71 50.47 98.10
16:46:19 -4.46 50.47 98.10
16:46:20 -4.71 50.47 98.10
16:46:21 -4.66 50.47 98.10
16:46:22 -4.34 50.47 98.10
16:46:23 -4.70 50.47 98.10
16:46:24 -4.65 50.47 98.10
16:46:25 -3.86 50.47 98.10
16:46:26 1.70 50.47 98.10
16:46:27 26.62 50.47 98.10
16:46:28 89.33 50.47 98.10
16:46:29 200.73 50.47 98.10
16:46:30 341.51 50.47 98.10
16:46:31 463.86 50.47 98.10
16:46:32 526.47 50.47 98.10
16:46:33 518.65 50.47 98.10
16:46:34 458.80 50.47 98.10
16:46:35 371.58 50.47 98.10
16:46:36 286.31 50.47 98.10
16:46:37 200.61 50.47 98.10
16:46:38 135.42 50.47 98.10
16:46:39 110.81 50.47 98.10
16:46:40 75.54 50.47 98.10
16:46:41 52.60 50.47 98.10
16:46:42 37.68 50.47 98.10
16:46:43 27.61 50.47 98.10
16:46:44 20.47 50.47 98.10
16:46:45 15.29 50.47 98.10
16:46:46 11.91 50.47 98.10
16:46:47 8.75 50.47 98.10
16:46:48 6.42 50.47 98.10
16:46:49 4.76 50.47 98.10
16:46:50 3.25 50.47 98.10
16:46:51 2.10 50.47 98.10
16:46:52 1.02 50.47 98.10
16:46:53 0.48 50.47 98.10
16:46:54 -0.56 50.47 98.10
16:46:55 -1.05 50.47 98.10
16:46:56 -1.49 50.47 98.12
16:46:57 -2.04 50.47 98.10
16:46:58 -2.58 50.47 98.10
16:46:59 -2.70 50.47 98.10
16:47:00 -2.71 50.47 98.10
16:47:01 -2.60 50.47 98.10
16:47:02 -2.92 50.47 98.10
16:47:03 -3.60 50.47 98.10
16:47:04 -3.39 50.47 98.10
16:47:05 -3.45 50.47 98.10
16:47:06 -2.88 50.47 98.10
16:47:07 3.17 50.47 98.10
16:47:08 32.39 50.47 98.10
16:47:09 115.96 50.47 98.10
16:47:10 278.14 50.47 98.10
16:47:11 500.05 50.47 98.10
16:47:12 708.08 50.47 98.10
16:47:13 828.74 50.47 98.10
16:47:14 836.82 50.47 98.10
16:47:15 753.14 50.47 98.10
16:47:16 619.17 50.47 98.10
16:47:17 480.20 50.47 98.10
16:47:18 343.63 50.47 98.10
16:47:19 232.93 50.47 98.10
16:47:20 157.24 50.47 98.10
16:47:21 108.07 50.47 98.10
16:47:22 90.25 50.47 98.10
16:47:23 64.85 50.47 98.10
16:47:24 47.04 50.47 98.10
16:47:25 35.55 50.47 98.10
16:47:26 27.43 50.47 98.10
16:47:27 21.22 50.47 98.10
16:47:28 16.77 50.47 98.10
16:47:29 13.14 50.47 98.10
16:47:30 9.76 50.47 98.10
16:47:31 8.21 50.47 98.10
16:47:32 5.95 50.47 98.10
16:47:33 3.92 50.47 98.10
16:47:34 3.25 50.47 98.10
16:47:35 2.19 50.47 98.10
16:47:36 0.93 50.47 98.10
16:47:37 0.39 50.47 98.10
16:47:38 0.12 50.47 98.10
16:47:39 -1.15 50.47 98.10
16:47:40 -1.13 50.47 98.10
16:47:41 -1.87 50.47 98.10
16:47:42 -2.02 50.47 98.10
16:47:43 -2.28 50.47 98.10
16:47:44 -2.06 50.47 98.10
16:47:45 -2.61 50.47 98.10
16:47:46 -3.02 50.47 98.10
16:47:47 -2.74 50.47 98.10
16:47:48 -3.18 50.47 98.10
16:47:49 -3.64 50.47 98.10
16:47:50 -2.91 50.47 98.10
16:47:51 -1.99 50.47 98.10
16:47:52 7.84 50.47 98.10
16:47:53 48.07 50.47 98.10
16:47:54 148.99 50.47 98.10
16:47:55 325.14 50.47 98.10
16:47:56 540.91 50.47 98.10
16:47:57 720.55 50.47 98.10
16:47:58 805.21 50.47 98.10
16:47:59 782.97 50.47 98.10
16:48:00 686.76 50.47 98.10
16:48:01 554.11 50.47 98.10
16:48:02 425.79 50.47 98.10
16:48:03 299.55 50.47 98.10
16:48:04 203.75 50.47 98.10
16:48:05 139.73 50.47 98.10
16:48:06 116.18 50.47 98.10
16:48:07 82.50 50.47 98.10
16:48:08 59.77 50.47 98.10
16:48:09 44.79 50.47 98.10
16:48:10 34.71 50.47 98.10
16:48:11 26.70 50.47 98.10
16:48:12 21.14 50.47 98.10
16:48:13 16.45 50.47 98.10
16:48:14 13.52 50.47 98.10
16:48:15 9.91 50.47 98.10
16:48:16 8.17 50.47 98.10
16:48:17 5.96 50.47 98.10
16:48:18 4.60 50.47 98.10
16:48:19 3.50 50.47 98.10
16:48:20 2.13 50.47 98.10
16:48:21 1.45 50.47 98.10
16:48:22 0.45 50.47 98.10
16:48:23 -0.25 50.47 98.10
16:48:24 -0.72 50.47 98.10
16:48:25 -0.61 50.47 98.10
16:48:26 -1.83 50.47 98.10
16:48:27 -2.09 50.47 98.10
16:48:28 -1.84 50.47 98.10
16:48:29 -2.39 50.47 98.10
16:48:30 -2.75 50.47 98.10
16:48:31 -2.69 50.47 98.10
16:48:32 -2.97 50.47 98.10
16:48:33 -3.12 50.47 98.09
16:48:34 -3.21 50.47 98.09
16:48:35 -2.97 50.47 98.09
16:48:36 -2.99 50.47 98.09
16:48:37 -0.72 50.47 98.10
16:48:38 9.21 50.47 98.09
16:48:39 35.41 50.47 98.09
16:48:40 81.76 50.47 98.10
16:48:41 139.03 50.47 98.10
16:48:42 189.57 50.47 98.10
16:48:43 215.67 50.47 98.10
16:48:44 212.13 50.47 98.10
16:48:45 186.31 50.47 98.10
16:48:46 150.48 50.47 98.10
16:48:47 113.07 50.47 98.10
16:48:48 76.55 50.47 98.10
16:48:49 61.88 50.47 98.10
16:48:50 40.30 50.47 98.10
16:48:51 26.67 50.47 98.10
16:48:52 17.90 50.47 98.10
16:48:53 11.66 50.47 98.10
16:48:54 8.23 50.47 98.10
16:48:55 5.16 50.47 98.10
16:48:56 3.36 50.47 98.10
16:48:57 1.72 50.47 98.10
16:48:58 0.80 50.47 98.10
16:48:59 -0.19 50.47 98.10
16:49:00 -0.57 50.47 98.10
16:49:01 -1.73 50.47 98.10
16:49:02 -2.18 50.47 98.10
16:49:03 -2.66 50.47 98.10
16:49:04 -2.73 50.47 98.10
16:49:05 -3.09 50.47 98.10
16:49:06 -3.11 50.47 98.10
16:49:07 -3.29 50.47 98.10
16:49:08 -3.56 50.47 98.10
16:49:09 -3.33 50.47 98.10
16:49:10 -3.74 50.47 98.10
16:49:11 -3.90 50.47 98.10
16:49:12 -3.76 50.47 98.10
16:49:13 -0.19 50.47 98.10
16:49:14 20.13 50.47 98.10
16:49:15 91.46 50.47 98.10
16:49:16 253.55 50.47 98.10
16:49:17 512.87 50.47 98.10
16:49:18 797.47 50.47 98.10
16:49:19 1008.03 50.47 98.10
16:49:20 1080.79 50.47 98.10
16:49:21 1019.89 50.47 98.10
16:49:22 872.80 50.47 98.10
16:49:23 693.96 50.47 98.10
16:49:24 517.03 50.47 98.10
16:49:25 351.94 50.47 98.10
16:49:26 237.19 50.47 98.10
16:49:27 161.31 50.47 98.10
16:49:28 110.76 50.47 98.10
16:49:29 77.92 50.47 98.10
16:49:30 57.25 50.47 98.10
16:49:31 42.27 50.47 98.10
16:49:32 32.72 50.47 98.10
16:49:33 28.88 50.47 98.10
16:49:34 22.54 50.47 98.10
16:49:35 17.61 50.47 98.10
16:49:36 13.72 50.47 98.10
16:49:37 10.89 50.47 98.10
16:49:38 8.10 50.47 98.10
16:49:39 6.52 50.47 98.10
16:49:40 4.69 50.47 98.10
16:49:41 2.92 50.47 98.10
16:49:42 2.26 50.47 98.10
16:49:43 1.45 50.47 98.10
16:49:44 0.61 50.47 98.10
16:49:45 0.26 50.47 98.12
16:49:46 -0.93 50.47 98.10
16:49:47 -0.90 50.47 98.10
16:49:48 -1.28 50.47 98.10
16:49:49 -1.68 50.47 98.10
16:49:50 -1.96 50.47 98.12
16:49:51 -2.37 50.47 98.12
16:49:52 -2.60 50.47 98.10
16:49:53 -2.47 50.47 98.10
16:49:54 -2.79 50.47 98.10
16:49:55 -3.05 50.47 98.10
16:49:56 -3.28 50.47 98.12
16:49:57 -3.30 50.47 98.12
16:49:58 -3.36 50.47 98.12
16:49:59 -3.68 50.47 98.12
16:50:00 -3.55 50.47 98.10
16:50:01 -3.70 50.47 98.10
16:50:02 -4.03 50.47 98.12
16:50:03 -3.77 50.47 98.10
16:50:04 -3.87 50.47 98.10
16:50:05 -3.98 50.47 98.12
16:50:06 -3.71 50.47 98.12
16:50:07 -3.73 50.47 98.12
16:50:08 -4.06 50.47 98.12
16:50:09 -4.37 50.47 98.12
16:50:10 -4.01 50.47 98.12
16:50:11 -4.15 50.47 98.12
16:50:12 -4.10 50.47 98.12
16:50:13 -3.70 50.47 98.12
16:50:14 -4.27 50.47 98.12
16:50:15 -4.65 50.47 98.12
16:50:16 -4.37 50.47 98.12
16:50:17 -4.56 50.47 98.12
16:50:18 -4.59 50.47 98.12
16:50:19 -4.16 50.47 98.12
16:50:20 -4.56 50.47 98.12
16:50:21 -4.56 50.47 98.12
16:50:22 -4.64 50.47 98.12
16:50:23 -4.45 50.47 98.12
16:50:24 -4.52 50.47 98.12
16:50:25 -4.51 50.47 98.12
16:50:26 -4.73 50.47 98.12
16:50:27 -4.35 50.47 98.12
16:50:28 -4.58 50.47 98.12
16:50:29 -3.72 50.47 98.12
16:50:30 2.29 50.47 98.12
16:50:31 21.52 50.47 98.12
16:50:32 65.24 50.47 98.12
16:50:33 133.20 50.47 98.12
16:50:34 210.78 50.47 98.12
16:50:35 267.96 50.47 98.12
16:50:36 289.72 50.47 98.12
16:50:37 274.11 50.47 98.12
16:50:38 255.86 50.47 98.12
16:50:39 210.63 50.47 98.12
16:50:40 160.11 50.47 98.12
16:50:41 110.10 50.47 98.12
16:50:42 73.79 50.47 98.12
16:50:43 49.20 50.47 98.12
16:50:44 33.46 50.47 98.12
16:50:45 22.87 50.47 98.12
16:50:46 15.67 50.47 98.12
16:50:47 10.95 50.47 98.12
16:50:48 7.98 50.47 98.12
16:50:49 5.55 50.47 98.12
16:50:50 3.43 50.47 98.12
16:50:51 2.32 50.47 98.12
16:50:52 1.26 50.47 98.13
16:50:53 0.17 50.47 98.13
16:50:54 -0.68 50.47 98.13
16:50:55 -1.57 50.47 98.13
16:50:56 -1.73 50.47 98.13
16:50:57 -2.60 50.47 98.13
16:50:58 -2.50 50.47 98.12
16:50:59 -2.63 50.47 98.12
16:51:00 -3.09 50.47 98.13
16:51:01 -3.18 50.47 98.12
16:51:02 -3.49 50.47 98.12
16:51:03 -3.10 50.47 98.12
16:51:04 -3.67 50.47 98.13
16:51:05 -3.41 50.47 98.12
16:51:06 -2.90 50.47 98.12
16:51:07 5.92 50.47 98.12
16:51:08 47.19 50.47 98.13
16:51:09 165.51 50.47 98.13
16:51:10 396.34 50.47 98.13
16:51:11 713.15 50.47 98.13
16:51:12 1007.65 50.47 98.13
16:51:13 1180.98 50.47 98.13
16:51:14 1194.96 50.47 98.13
16:51:15 1079.99 50.47 98.13
16:51:16 894.65 50.47 98.13
16:51:17 696.35 50.47 98.13
16:51:18 521.14 50.47 98.13
16:51:19 355.98 50.47 98.13
16:51:20 242.71 50.47 98.13
16:51:21 201.93 50.47 98.13
16:51:22 141.14 50.47 98.13
16:51:23 102.03 50.47 98.13
16:51:24 75.36 50.47 98.13
16:51:25 57.22 50.47 98.13
16:51:26 44.82 50.47 98.13
16:51:27 34.95 50.47 98.13
16:51:28 28.13 50.47 98.13
16:51:29 23.05 50.47 98.13
16:51:30 18.22 50.47 98.13
16:51:31 14.83 50.47 98.13
16:51:32 11.98 50.47 98.13
16:51:33 9.45 50.47 98.13
16:51:34 7.11 50.47 98.13
16:51:35 5.67 50.47 98.13
16:51:36 4.30 50.47 98.13
16:51:37 3.41 50.47 98.13
16:51:38 2.38 50.47 98.13
16:51:39 1.24 50.47 98.13
16:51:40 0.39 50.47 98.13
16:51:41 0.30 50.47 98.13
16:51:42 -0.49 50.47 98.13
16:51:43 -0.51 50.47 98.13
16:51:44 -1.58 50.47 98.13
16:51:45 -1.19 50.47 98.14
16:51:46 -2.16 50.47 98.14
16:51:47 -1.95 50.47 98.14
16:51:48 -2.23 50.47 98.14
16:51:49 -2.44 50.47 98.13
16:51:50 -2.77 50.47 98.13
16:51:51 -2.61 50.47 98.13
16:51:52 -3.01 50.47 98.13
16:51:53 -2.94 50.47 98.13
16:51:54 -3.21 50.47 98.13
16:51:55 -2.82 50.47 98.13
16:51:56 0.44 50.47 98.14
16:51:57 14.94 50.47 98.14
16:51:58 52.86 50.47 98.14
16:51:59 121.98 50.47 98.14
16:52:00 210.90 50.47 98.14
16:52:01 290.75 50.47 98.14
16:52:02 333.36 50.47 98.14
16:52:03 332.01 50.47 98.14
16:52:04 316.78 50.47 98.14
16:52:05 269.23 50.47 98.13
16:52:06 212.97 50.47 98.13
16:52:07 155.00 50.47 98.14
16:52:08 105.17 50.47 98.14
16:52:09 71.01 50.47 98.14
16:52:10 48.48 50.47 98.14
16:52:11 33.23 50.47 98.14
16:52:12 23.89 50.47 98.14
16:52:13 17.09 50.47 98.14
16:52:14 12.41 50.47 98.14
16:52:15 8.87 50.47 98.14
16:52:16 6.76 50.47 98.14
16:52:17 5.17 50.47 98.14
16:52:18 2.86 50.47 98.14
16:52:19 2.18 50.47 98.14
16:52:20 0.88 50.47 98.14
16:52:21 0.29 50.47 98.14
16:52:22 -0.50 50.47 98.14
16:52:23 -1.29 50.47 98.14
16:52:24 -1.47 50.47 98.14
16:52:25 -2.35 50.47 98.14
16:52:26 -2.55 50.47 98.14
16:52:27 -2.67 50.47 98.14
16:52:28 -2.83 50.47 98.14
16:52:29 -2.93 50.47 98.14
16:52:30 -3.03 50.47 98.14
16:52:31 -3.48 50.47 98.14
16:52:32 -3.09 50.47 98.14
16:52:33 -3.35 50.47 98.14
16:52:34 -3.26 50.47 98.14
16:52:35 1.14 50.47 98.14
16:52:36 25.92 50.47 98.14
16:52:37 100.55 50.47 98.14
16:52:38 256.01 50.47 98.14
16:52:39 483.52 50.47 98.14
16:52:40 714.00 50.47 98.14
16:52:41 863.66 50.47 98.14
16:52:42 893.50 50.47 98.14
16:52:43 819.88 50.47 98.14
16:52:44 684.19 50.47 98.14
16:52:45 535.71 50.47 98.14
16:52:46 381.34 50.47 98.14
16:52:47 257.13 50.47 98.14
16:52:48 211.41 50.47 98.14
16:52:49 141.20 50.47 98.14
16:52:50 96.06 50.47 98.16
16:52:51 66.34 50.47 98.14
16:52:52 47.83 50.47 98.14
16:52:53 34.74 50.47 98.16
16:52:54 26.06 50.47 98.14
16:52:55 19.83 50.47 98.14
16:52:56 15.18 50.47 98.16
16:52:57 11.37 50.47 98.16
16:52:58 9.05 50.47 98.16
16:52:59 6.62 50.47 98.16
16:53:00 4.87 50.47 98.16
16:53:01 3.49 50.47 98.16
16:53:02 2.28 50.47 98.16
16:53:03 1.40 50.47 98.16
16:53:04 0.17 50.47 98.16
16:53:05 -0.13 50.47 98.16
16:53:06 -0.59 50.47 98.16
16:53:07 -1.30 50.47 98.16
16:53:08 -1.96 50.47 98.16
16:53:09 -2.23 50.47 98.16
16:53:10 -1.98 50.47 98.16
16:53:11 -2.38 50.47 98.16
16:53:12 -2.69 50.47 98.16
16:53:13 -2.61 50.47 98.16
16:53:14 -2.84 50.47 98.16
16:53:15 -3.13 50.47 98.16
16:53:16 -3.45 50.47 98.16
16:53:17 -3.25 50.47 98.16
16:53:18 -2.63 50.47 98.16
16:53:19 0.76 50.47 98.16
16:53:20 19.08 50.47 98.16
16:53:21 77.87 50.47 98.16
16:53:22 200.08 50.47 98.16
16:53:23 377.77 50.47 98.16
16:53:24 560.18 50.47 98.16
16:53:25 681.30 50.47 98.16
16:53:26 705.34 50.47 98.16
16:53:27 645.82 50.47 98.16
16:53:28 536.38 50.47 98.16
16:53:29 416.29 50.47 98.16
16:53:30 290.87 50.47 98.16
16:53:31 237.53 50.47 98.16
16:53:32 156.20 50.47 98.16
16:53:33 101.39 50.47 98.16
16:53:34 66.23 50.47 98.16
16:53:35 44.28 50.47 98.16
16:53:36 30.33 50.47 98.16
16:53:37 20.70 50.47 98.16
16:53:38 14.80 50.47 98.16
16:53:39 10.20 50.47 98.16
16:53:40 7.28 50.47 98.16
16:53:41 4.93 50.47 98.16
16:53:42 3.22 50.47 98.16
16:53:43 2.13 50.47 98.16
16:53:44 0.40 50.47 98.16
16:53:45 -0.05 50.47 98.16
16:53:46 -0.70 50.47 98.16
16:53:47 -0.99 50.47 98.16
16:53:48 -1.90 50.47 98.16
16:53:49 -1.95 50.47 98.16
16:53:50 -2.70 50.47 98.16
16:53:51 -2.46 50.47 98.16
16:53:52 -2.87 50.47 98.16
16:53:53 -3.00 50.47 98.16
16:53:54 -3.14 50.47 98.16
16:53:55 -3.10 50.47 98.16
16:53:56 -3.40 50.47 98.16
16:53:57 -3.70 50.47 98.16
16:53:58 -3.62 50.47 98.16
16:53:59 -3.70 50.47 98.16
16:54:00 -3.72 50.47 98.16
16:54:01 -4.11 50.47 98.16
16:54:02 -3.70 50.47 98.16
16:54:03 -4.29 50.47 98.16
16:54:04 -4.31 50.47 98.16
16:54:05 -4.06 50.47 98.16
16:54:06 -4.28 50.47 98.17
16:54:07 -4.31 50.47 98.17
16:54:08 -4.36 50.47 98.17
16:54:09 -4.46 50.47 98.17
16:54:10 -4.20 50.47 98.17
16:54:11 -4.46 50.47 98.17
16:54:12 -4.25 50.47 98.17
16:54:13 -4.14 50.47 98.17
16:54:14 -4.56 50.47 98.17
16:54:15 -4.29 50.47 98.17
16:54:16 -4.43 50.47 98.17
16:54:17 -3.93 50.47 98.17
16:54:18 -4.85 50.47 98.17
16:54:19 -4.40 50.47 98.17
16:54:20 -4.50 50.47 98.17
16:54:21 -4.79 50.47 98.17
16:54:22 -4.28 50.47 98.17
16:54:23 -4.15 50.47 98.18
16:54:24 -4.99 50.47 98.17
16:54:25 -4.77 50.47 98.17
16:54:26 -4.32 50.47 98.17
16:54:27 -4.29 50.47 98.17
16:54:28 -4.52 50.47 98.17
16:54:29 -4.52 50.47 98.17
16:54:30 -4.66 50.47 98.17
16:54:31 -4.52 50.47 98.17
16:54:32 -4.55 50.47 98.17
16:54:33 -3.92 50.47 98.17
16:54:34 -0.74 50.47 98.17
16:54:35 12.97 50.47 98.17
16:54:36 26.79 50.47 98.17
16:54:37 73.37 50.47 98.17
16:54:38 142.88 50.47 98.17
16:54:39 215.11 50.47 98.17
16:54:40 266.24 50.47 98.17
16:54:41 281.32 50.47 98.17
16:54:42 261.53 50.47 98.17
16:54:43 221.47 50.47 98.16
16:54:44 174.50 50.47 98.16
16:54:45 127.09 50.47 98.17
16:54:46 85.35 50.47 98.17
16:54:47 57.07 50.47 98.17
16:54:48 38.49 50.47 98.17
16:54:49 26.68 50.47 98.17
16:54:50 18.32 50.47 98.17
16:54:51 12.81 50.47 98.17
16:54:52 8.98 50.47 98.17
16:54:53 6.33 50.47 98.17
16:54:54 4.53 50.47 98.17
16:54:55 2.54 50.47 98.17
16:54:56 1.66 50.47 98.17
16:54:57 0.40 50.47 98.17
16:54:58 0.05 50.47 98.17
16:54:59 -0.77 50.47 98.17
16:55:00 -1.54 50.47 98.17
16:55:01 -0.95 50.47 98.17
16:55:02 -2.73 50.47 98.17
16:55:03 -2.54 50.47 98.17
16:55:04 -2.89 50.47 98.17
16:55:05 -3.33 50.47 98.17
16:55:06 -3.34 50.47 98.17
16:55:07 -3.65 50.47 98.17
16:55:08 -3.41 50.47 98.17
16:55:09 -3.75 50.47 98.17
16:55:10 -3.91 50.47 98.17
16:55:11 -3.49 50.47 98.17
16:55:12 0.85 50.47 98.17
16:55:13 15.10 50.47 98.17
16:55:14 47.19 50.47 98.17
16:55:15 98.94 50.47 98.17
16:55:16 157.65 50.47 98.17
16:55:17 203.59 50.47 98.17
16:55:18 221.08 50.47 98.17
16:55:19 209.71 50.47 98.17
16:55:20 195.73 50.47 98.17
16:55:21 159.84 50.47 98.17
16:55:22 121.23 50.47 98.17
16:55:23 85.32 50.47 98.17
16:55:24 54.25 50.47 98.17
16:55:25 34.31 50.47 98.17
16:55:26 21.84 50.47 98.17
16:55:27 13.59 50.47 98.17
16:55:28 8.69 50.47 98.17
16:55:29 5.07 50.47 98.17
16:55:30 2.63 50.47 98.17
16:55:31 1.20 50.47 98.17
16:55:32 -0.04 50.47 98.17
16:55:33 -0.75 50.47 98.17
16:55:34 -1.76 50.47 98.17
16:55:35 -2.30 50.47 98.17
16:55:36 -2.76 50.47 98.17
16:55:37 -2.70 50.47 98.17
16:55:38 -3.27 50.47 98.18
16:55:39 -3.34 50.47 98.17
16:55:40 -3.49 50.47 98.17
16:55:41 -3.90 50.47 98.17
16:55:42 -4.21 50.47 98.17
16:55:43 -3.93 50.47 98.17
16:55:44 -4.03 50.47 98.17
16:55:45 -4.09 50.47 98.17
16:55:46 -4.11 50.47 98.17
16:55:47 -2.90 50.47 98.17
16:55:48 6.58 50.47 98.17
16:55:49 48.40 50.47 98.17
16:55:50 162.65 50.47 98.17
16:55:51 371.14 50.47 98.17
16:55:52 647.00 50.47 98.17
16:55:53 889.75 50.47 98.17
16:55:54 1020.91 50.47 98.17
16:55:55 1018.08 50.47 98.17
16:55:56 906.94 50.47 98.17
16:55:57 745.00 50.47 98.17
16:55:58 574.85 50.47 98.17
16:55:59 405.93 50.47 98.17
16:56:00 277.43 50.47 98.17
16:56:01 189.30 50.47 98.18
16:56:02 131.42 50.47 98.18
16:56:03 110.07 50.47 98.18
16:56:04 80.27 50.47 98.18
16:56:05 59.06 50.47 98.18
16:56:06 45.11 50.47 98.18
16:56:07 35.11 50.47 98.18
16:56:08 27.97 50.47 98.18
16:56:09 21.76 50.47 98.18
16:56:10 17.53 50.47 98.18
16:56:11 14.19 50.47 98.18
16:56:12 11.14 50.47 98.18
16:56:13 9.12 50.47 98.18
16:56:14 6.76 50.47 98.18
16:56:15 5.05 50.47 98.18
16:56:16 3.90 50.47 98.18
16:56:17 2.54 50.47 98.17
16:56:18 1.77 50.47 98.17
16:56:19 0.93 50.47 98.18
16:56:20 0.26 50.47 98.18
16:56:21 -0.32 50.47 98.18
16:56:22 -0.92 50.47 98.18
16:56:23 -0.98 50.47 98.18
16:56:24 -1.70 50.47 98.18
16:56:25 -2.09 50.47 98.18
16:56:26 -2.17 50.47 98.18
16:56:27 -2.28 50.47 98.18
16:56:28 -2.52 50.47 98.18
16:56:29 -2.69 50.47 98.18
16:56:30 -2.64 50.47 98.18
16:56:31 -3.01 50.47 98.18
16:56:32 -3.06 50.47 98.18
16:56:33 -2.76 50.47 98.18
16:56:34 -2.80 50.47 98.17
16:56:35 3.90 50.47 98.17
16:56:36 30.00 50.47 98.18
16:56:37 101.51 50.47 98.18
16:56:38 231.42 50.47 98.18
16:56:39 399.13 50.47 98.18
16:56:40 547.30 50.47 98.18
16:56:41 627.95 50.47 98.18
16:56:42 622.44 50.47 98.18
16:56:43 551.22 50.47 98.18
16:56:44 450.08 50.47 98.18
16:56:45 344.44 50.47 98.18
16:56:46 250.28 50.47 98.18
16:56:47 205.51 50.47 98.18
16:56:48 136.84 50.47 98.18
16:56:49 92.86 50.47 98.18
16:56:50 63.23 50.47 98.18
16:56:51 44.79 50.47 98.18
16:56:52 32.10 50.47 98.18
16:56:53 23.82 50.47 98.18
16:56:54 18.14 50.47 98.18
16:56:55 13.71 50.47 98.18
16:56:56 10.02 50.47 98.18
16:56:57 8.02 50.47 98.18
16:56:58 5.30 50.47 98.18
16:56:59 4.13 50.47 98.18
16:57:00 2.82 50.47 98.18
16:57:01 1.56 50.47 98.18
16:57:02 0.80 50.47 98.18
16:57:03 0.10 50.47 98.18
16:57:04 -0.70 50.47 98.18
16:57:05 -1.07 50.47 98.18
16:57:06 -1.56 50.47 98.18
16:57:07 -2.15 50.47 98.18
16:57:08 -2.05 50.47 98.18
16:57:09 -2.41 50.47 98.18
16:57:10 -2.49 50.47 98.18
16:57:11 -2.88 50.47 98.18
16:57:12 -2.85 50.47 98.18
16:57:13 -2.95 50.47 98.18
16:57:14 -3.22 50.47 98.18
16:57:15 -3.23 50.47 98.18
16:57:16 -2.69 50.47 98.18
16:57:17 3.19 50.47 98.18
16:57:18 26.02 50.47 98.18
16:57:19 87.22 50.47 98.18
16:57:20 195.08 50.47 98.18
16:57:21 332.08 50.47 98.18
16:57:22 452.99 50.47 98.18
16:57:23 514.73 50.47 98.18
16:57:24 507.23 50.47 98.18
16:57:25 446.95 50.47 98.18
16:57:26 361.16 50.47 98.18
16:57:27 275.67 50.47 98.18
16:57:28 190.32 50.47 98.18
16:57:29 125.39 50.47 98.18
16:57:30 102.19 50.47 98.18
16:57:31 67.86 50.47 98.18
16:57:32 45.25 50.47 98.18
16:57:33 30.81 50.47 98.20
16:57:34 21.80 50.47 98.18
16:57:35 15.50 50.47 98.18
16:57:36 11.03 50.47 98.18
16:57:37 7.83 50.47 98.18
16:57:38 5.38 50.47 98.20
16:57:39 3.82 50.47 98.18
16:57:40 2.29 50.47 98.18
16:57:41 1.30 50.47 98.18
16:57:42 0.10 50.47 98.18
16:57:43 -0.50 50.47 98.18
16:57:44 -1.08 50.47 98.18
16:57:45 -1.77 50.47 98.18
16:57:46 -2.04 50.47 98.20
16:57:47 -2.38 50.47 98.18
16:57:48 -2.77 50.47 98.18
16:57:49 -3.10 50.47 98.18
