"2016-05-24 at 12:16"
Time(H:M:S) CO2(ppm) CellTemp(c) CellPres(kPa)
12:16:42 -4.24 50.47 98.80
12:16:43 -4.45 50.47 98.80
12:16:44 -4.17 50.47 98.82
12:16:45 -4.59 50.47 98.80
12:16:46 -4.29 50.47 98.80
12:16:47 -4.70 50.47 98.80
12:16:48 -4.22 50.47 98.80
12:16:49 -4.70 50.47 98.80
12:16:50 -4.24 50.47 98.80
12:16:51 -4.43 50.47 98.80
12:16:52 -4.25 50.47 98.80
12:16:53 -4.59 50.47 98.80
12:16:54 -4.71 50.47 98.80
12:16:55 -4.45 50.47 98.80
12:16:56 -4.57 50.47 98.80
12:16:57 -4.51 50.47 98.80
12:16:58 -4.37 50.47 98.80
12:16:59 -4.35 50.47 98.80
12:17:00 -4.47 50.47 98.80
12:17:01 -4.44 50.47 98.80
12:17:02 -4.28 50.47 98.80
12:17:03 -4.61 50.47 98.80
12:17:04 -4.28 50.47 98.80
12:17:05 -4.29 50.47 98.80
12:17:06 -4.60 50.47 98.80
12:17:07 -4.38 50.47 98.80
12:17:08 -4.17 50.47 98.82
12:17:09 -4.75 50.47 98.80
12:17:10 -4.60 50.47 98.80
12:17:11 -4.61 50.47 98.80
12:17:12 -4.54 50.47 98.80
12:17:13 -4.40 50.47 98.80
12:17:14 -4.28 50.47 98.80
12:17:15 -4.63 50.47 98.80
12:17:16 -4.45 50.47 98.80
12:17:17 -4.25 50.47 98.80
12:17:18 -2.57 50.47 98.80
12:17:19 4.89 50.47 98.80
12:17:20 25.73 50.47 98.80
12:17:21 65.09 50.47 98.80
12:17:22 91.19 50.47 98.80
12:17:23 144.03 50.47 98.80
12:17:24 184.33 50.47 98.80
12:17:25 197.85 50.47 98.80
12:17:26 184.76 50.47 98.80
12:17:27 154.69 50.47 98.80
12:17:28 118.89 50.47 98.80
12:17:29 82.04 50.47 98.80
12:17:30 52.02 50.47 98.80
12:17:31 32.04 50.47 98.80
12:17:32 19.37 50.47 98.80
12:17:33 10.99 50.47 98.80
12:17:34 6.54 50.47 98.80
12:17:35 2.81 50.47 98.80
12:17:36 1.42 50.47 98.80
12:17:37 -0.32 50.47 98.80
12:17:38 -1.50 50.47 98.80
12:17:39 -2.00 50.47 98.80
12:17:40 -2.60 50.47 98.80
12:17:41 -3.53 50.47 98.80
12:17:42 -3.74 50.47 98.82
12:17:43 -3.80 50.47 98.80
12:17:44 -3.57 50.47 98.80
12:17:45 -3.73 50.47 98.80
12:17:46 -4.04 50.47 98.80
12:17:47 -4.03 50.47 98.80
12:17:48 -3.86 50.47 98.80
12:17:49 -4.03 50.47 98.80
12:17:50 -4.27 50.47 98.80
12:17:51 -4.08 50.47 98.80
12:17:52 -2.47 50.47 98.80
12:17:53 3.69 50.47 98.80
12:17:54 19.54 50.47 98.80
12:17:55 46.35 50.47 98.80
12:17:56 79.34 50.47 98.80
12:17:57 106.31 50.47 98.80
12:17:58 119.67 50.47 98.80
12:17:59 115.49 50.47 98.80
12:18:00 99.84 50.47 98.80
12:18:01 78.61 50.47 98.80
12:18:02 58.81 50.47 98.80
12:18:03 38.17 50.47 98.80
12:18:04 24.70 50.47 98.82
12:18:05 19.87 50.47 98.80
12:18:06 12.12 50.47 98.80
12:18:07 7.54 50.47 98.80
12:18:08 4.90 50.47 98.80
12:18:09 2.12 50.47 98.80
12:18:10 1.08 50.47 98.80
12:18:11 0.03 50.47 98.80
12:18:12 -0.88 50.47 98.80
12:18:13 -1.41 50.47 98.80
12:18:14 -2.27 50.47 98.80
12:18:15 -2.27 50.47 98.80
12:18:16 -3.07 50.47 98.82
12:18:17 -3.13 50.47 98.80
12:18:18 -2.95 50.47 98.80
12:18:19 -3.49 50.47 98.80
12:18:20 -3.43 50.47 98.80
12:18:21 -3.73 50.47 98.80
12:18:22 -3.85 50.47 98.80
12:18:23 -3.74 50.47 98.80
12:18:24 -4.08 50.47 98.80
12:18:25 -3.98 50.47 98.80
12:18:26 -3.07 50.47 98.80
12:18:27 -1.93 50.47 98.80
12:18:28 3.16 50.47 98.80
12:18:29 14.35 50.47 98.80
12:18:30 30.70 50.47 98.80
12:18:31 47.19 50.47 98.80
12:18:32 58.53 50.47 98.80
12:18:33 60.75 50.47 98.80
12:18:34 54.75 50.47 98.80
12:18:35 44.52 50.47 98.80
12:18:36 32.94 50.47 98.80
12:18:37 21.43 50.47 98.80
12:18:38 12.47 50.47 98.80
12:18:39 6.92 50.47 98.80
12:18:40 3.27 50.47 98.80
12:18:41 0.71 50.47 98.80
12:18:42 -0.72 50.47 98.80
12:18:43 -1.52 50.47 98.80
12:18:44 -2.01 50.47 98.80
12:18:45 -2.63 50.47 98.80
12:18:46 -3.42 50.47 98.80
12:18:47 -3.21 50.47 98.80
12:18:48 -3.26 50.47 98.80
12:18:49 -3.68 50.47 98.80
12:18:50 -3.92 50.47 98.80
12:18:51 -3.74 50.47 98.80
12:18:52 -4.02 50.47 98.80
12:18:53 -4.63 50.47 98.80
12:18:54 -3.97 50.47 98.80
12:18:55 -3.75 50.47 98.80
12:18:56 -3.94 50.47 98.80
12:18:57 -4.03 50.47 98.80
12:18:58 -4.35 50.47 98.80
12:18:59 -4.05 50.47 98.80
12:19:00 -3.50 50.47 98.80
12:19:01 -0.87 50.47 98.80
12:19:02 5.44 50.47 98.80
12:19:03 14.52 50.47 98.80
12:19:04 25.38 50.47 98.80
12:19:05 33.54 50.47 98.80
12:19:06 36.26 50.47 98.80
12:19:07 33.95 50.47 98.80
12:19:08 28.01 50.47 98.80
12:19:09 20.62 50.47 98.80
12:19:10 14.18 50.47 98.80
12:19:11 10.81 50.47 98.80
12:19:12 5.41 50.47 98.80
12:19:13 1.85 50.47 98.80
12:19:14 -0.26 50.47 98.80
12:19:15 -1.48 50.47 98.80
12:19:16 -2.38 50.47 98.80
12:19:17 -2.91 50.47 98.80
12:19:18 -3.54 50.47 98.80
12:19:19 -3.80 50.47 98.80
12:19:20 -3.76 50.47 98.80
12:19:21 -3.78 50.47 98.80
12:19:22 -4.14 50.47 98.80
12:19:23 -4.11 50.47 98.80
12:19:24 -4.43 50.47 98.82
12:19:25 -4.35 50.47 98.80
12:19:26 -4.26 50.47 98.80
12:19:27 -4.21 50.47 98.80
12:19:28 -4.27 50.47 98.80
12:19:29 -4.23 50.47 98.80
12:19:30 -4.53 50.47 98.80
12:19:31 -4.47 50.47 98.80
12:19:32 -4.56 50.47 98.80
12:19:33 -4.25 50.47 98.80
12:19:34 -4.16 50.47 98.80
12:19:35 -3.34 50.47 98.80
12:19:36 -1.21 50.47 98.80
12:19:37 2.84 50.47 98.80
12:19:38 8.03 50.47 98.80
12:19:39 12.81 50.47 98.80
12:19:40 14.94 50.47 98.80
12:19:41 15.35 50.47 98.80
12:19:42 12.53 50.47 98.80
12:19:43 9.12 50.47 98.80
12:19:44 5.43 50.47 98.80
12:19:45 2.77 50.47 98.80
12:19:46 0.43 50.47 98.80
12:19:47 -1.73 50.47 98.80
12:19:48 -2.47 50.47 98.80
12:19:49 -2.64 50.47 98.80
12:19:50 -3.49 50.47 98.80
12:19:51 -3.54 50.47 98.80
12:19:52 -3.68 50.47 98.80
12:19:53 -4.05 50.47 98.80
12:19:54 -3.93 50.47 98.80
12:19:55 -3.70 50.47 98.80
12:19:56 -4.04 50.47 98.80
12:19:57 -4.09 50.47 98.80
12:19:58 -4.05 50.47 98.80
12:19:59 -4.23 50.47 98.80
12:20:00 -4.34 50.47 98.80
12:20:01 -4.40 50.47 98.80
12:20:02 -4.45 50.47 98.80
12:20:03 -4.09 50.47 98.80
12:20:04 -4.31 50.47 98.80
12:20:05 -4.45 50.47 98.80
12:20:06 -4.24 50.47 98.80
12:20:07 -4.50 50.47 98.80
12:20:08 -4.32 50.47 98.80
12:20:09 -4.16 50.47 98.80
12:20:10 -3.25 50.47 98.80
12:20:11 -1.17 50.47 98.80
12:20:12 2.00 50.47 98.80
12:20:13 5.45 50.47 98.80
12:20:14 7.68 50.47 98.80
12:20:15 8.29 50.47 98.80
12:20:16 7.95 50.47 98.80
12:20:17 6.08 50.47 98.80
12:20:18 4.10 50.47 98.80
12:20:19 2.41 50.47 98.80
12:20:20 -0.52 50.47 98.80
12:20:21 -1.89 50.47 98.80
12:20:22 -2.44 50.47 98.80
12:20:23 -3.31 50.47 98.80
12:20:24 -3.92 50.47 98.80
12:20:25 -3.59 50.47 98.80
12:20:26 -4.09 50.47 98.80
12:20:27 -4.09 50.47 98.80
12:20:28 -4.08 50.47 98.80
12:20:29 -4.27 50.47 98.80
12:20:30 -4.48 50.47 98.80
12:20:31 -3.90 50.47 98.80
12:20:32 -4.52 50.47 98.80
12:20:33 -4.71 50.47 98.80
12:20:34 -4.32 50.47 98.80
12:20:35 -4.47 50.47 98.80
12:20:36 -4.54 50.47 98.80
12:20:37 -4.62 50.47 98.80
12:20:38 -4.39 50.47 98.80
12:20:39 -4.46 50.47 98.80
12:20:40 -4.69 50.47 98.80
12:20:41 -4.40 50.47 98.80
12:20:42 -3.81 50.47 98.80
12:20:43 1.13 50.47 98.80
12:20:44 20.54 50.47 98.80
12:20:45 66.48 50.47 98.80
12:20:46 144.32 50.47 98.80
12:20:47 236.90 50.47 98.80
12:20:48 310.57 50.47 98.80
12:20:49 342.02 50.47 98.80
12:20:50 327.21 50.47 98.80
12:20:51 281.32 50.47 98.80
12:20:52 221.13 50.47 98.80
12:20:53 163.49 50.47 98.80
12:20:54 108.83 50.47 98.80
12:20:55 70.73 50.47 98.80
12:20:56 46.42 50.47 98.80
12:20:57 30.49 50.47 98.80
12:20:58 19.81 50.47 98.80
12:20:59 16.16 50.47 98.80
12:21:00 10.91 50.47 98.80
12:21:01 7.32 50.47 98.80
12:21:02 4.81 50.47 98.80
12:21:03 2.92 50.47 98.80
12:21:04 1.24 50.47 98.80
12:21:05 0.34 50.47 98.80
12:21:06 -0.64 50.47 98.80
12:21:07 -1.26 50.47 98.80
12:21:08 -1.95 50.47 98.80
12:21:09 -2.46 50.47 98.80
12:21:10 -2.80 50.47 98.80
12:21:11 -2.94 50.47 98.80
12:21:12 -3.09 50.47 98.80
12:21:13 -3.26 50.47 98.80
12:21:14 -3.38 50.47 98.80
12:21:15 -3.80 50.47 98.80
12:21:16 -3.44 50.47 98.80
12:21:17 -3.94 50.47 98.80
12:21:18 -4.10 50.47 98.80
12:21:19 -2.52 50.47 98.80
12:21:20 3.55 50.47 98.80
12:21:21 11.10 50.47 98.80
12:21:22 41.92 50.47 98.80
12:21:23 95.01 50.47 98.80
12:21:24 162.10 50.47 98.80
12:21:25 220.17 50.47 98.80
12:21:26 247.61 50.47 98.80
12:21:27 241.82 50.47 98.80
12:21:28 210.68 50.47 98.80
12:21:29 167.89 50.47 98.80
12:21:30 125.80 50.47 98.80
12:21:31 86.37 50.47 98.80
12:21:32 55.77 50.47 98.80
12:21:33 35.71 50.47 98.80
12:21:34 23.28 50.47 98.80
12:21:35 15.12 50.47 98.80
12:21:36 10.05 50.47 98.80
12:21:37 6.14 50.47 98.80
12:21:38 3.41 50.47 98.80
12:21:39 1.99 50.47 98.80
12:21:40 0.45 50.47 98.80
12:21:41 -0.16 50.47 98.80
12:21:42 -0.73 50.47 98.80
12:21:43 -1.23 50.47 98.80
12:21:44 -1.71 50.47 98.80
12:21:45 -2.05 50.47 98.80
12:21:46 -2.69 50.47 98.80
12:21:47 -3.53 50.47 98.80
12:21:48 -2.70 50.47 98.80
12:21:49 -3.45 50.47 98.80
12:21:50 -3.81 50.47 98.80
12:21:51 -3.33 50.47 98.80
12:21:52 -3.61 50.47 98.80
12:21:53 -4.03 50.47 98.80
12:21:54 -3.79 50.47 98.80
12:21:55 -3.54 50.47 98.80
12:21:56 -1.43 50.47 98.80
12:21:57 9.14 50.47 98.80
12:21:58 38.42 50.47 98.80
12:21:59 94.66 50.47 98.80
12:22:00 168.68 50.47 98.80
12:22:01 237.71 50.47 98.80
12:22:02 276.70 50.47 98.80
12:22:03 277.05 50.47 98.80
12:22:04 264.05 50.47 98.80
12:22:05 222.83 50.47 98.80
12:22:06 174.98 50.47 98.80
12:22:07 128.15 50.47 98.80
12:22:08 86.11 50.47 98.80
12:22:09 55.09 50.47 98.80
12:22:10 35.94 50.47 98.80
12:22:11 23.58 50.47 98.80
12:22:12 15.02 50.47 98.80
12:22:13 10.03 50.47 98.80
12:22:14 6.39 50.47 98.80
12:22:15 3.87 50.47 98.80
12:22:16 2.47 50.47 98.80
12:22:17 0.50 50.47 98.80
12:22:18 -0.01 50.47 98.80
12:22:19 -0.97 50.47 98.80
12:22:20 -1.35 50.47 98.80
12:22:21 -1.92 50.47 98.80
12:22:22 -2.45 50.47 98.80
12:22:23 -2.51 50.47 98.80
12:22:24 -3.24 50.47 98.80
12:22:25 -3.38 50.47 98.80
12:22:26 -3.13 50.47 98.80
12:22:27 -3.51 50.47 98.80
12:22:28 -3.76 50.47 98.80
12:22:29 -3.71 50.47 98.80
12:22:30 -4.22 50.47 98.80
12:22:31 -3.92 50.47 98.80
12:22:32 -3.79 50.47 98.80
12:22:33 -3.58 50.47 98.80
12:22:34 -2.49 50.47 98.80
12:22:35 4.10 50.47 98.80
12:22:36 24.32 50.47 98.80
12:22:37 63.43 50.47 98.80
12:22:38 119.61 50.47 98.80
12:22:39 175.90 50.47 98.80
12:22:40 213.19 50.47 98.80
12:22:41 220.20 50.47 98.80
12:22:42 200.50 50.47 98.80
12:22:43 165.13 50.47 98.80
12:22:44 125.88 50.47 98.80
12:22:45 85.05 50.47 98.80
12:22:46 54.25 50.47 98.80
12:22:47 33.49 50.47 98.80
12:22:48 25.76 50.47 98.80
12:22:49 15.38 50.47 98.80
12:22:50 8.56 50.47 98.80
12:22:51 4.22 50.47 98.80
12:22:52 1.35 50.47 98.80
12:22:53 0.19 50.47 98.80
12:22:54 -1.26 50.47 98.80
12:22:55 -2.12 50.47 98.80
12:22:56 -2.56 50.47 98.80
12:22:57 -2.81 50.47 98.80
12:22:58 -3.62 50.47 98.80
12:22:59 -3.85 50.47 98.80
12:23:00 -3.75 50.47 98.80
12:23:01 -4.01 50.47 98.80
12:23:02 -3.92 50.47 98.80
12:23:03 -4.02 50.47 98.80
12:23:04 -4.10 50.47 98.80
12:23:05 -4.27 50.47 98.80
12:23:06 -4.36 50.47 98.80
12:23:07 -4.04 50.47 98.80
12:23:08 -2.32 50.47 98.80
12:23:09 0.21 50.47 98.80
12:23:10 13.26 50.47 98.80
12:23:11 42.92 50.47 98.80
12:23:12 90.18 50.47 98.80
12:23:13 144.72 50.47 98.80
12:23:14 185.08 50.47 98.80
12:23:15 202.08 50.47 98.80
12:23:16 191.31 50.47 98.80
12:23:17 162.62 50.47 98.80
12:23:18 127.56 50.47 98.80
12:23:19 93.64 50.47 98.80
12:23:20 61.12 50.47 98.80
12:23:21 38.63 50.47 98.80
12:23:22 23.62 50.47 98.80
12:23:23 14.19 50.47 98.80
12:23:24 8.49 50.47 98.80
12:23:25 4.64 50.47 98.80
12:23:26 1.87 50.47 98.80
12:23:27 0.49 50.47 98.80
12:23:28 -0.83 50.47 98.80
12:23:29 -1.85 50.47 98.80
12:23:30 -2.40 50.47 98.80
12:23:31 -2.87 50.47 98.80
12:23:32 -2.73 50.47 98.80
12:23:33 -3.66 50.47 98.80
12:23:34 -3.83 50.47 98.80
12:23:35 -3.87 50.47 98.80
12:23:36 -3.95 50.47 98.80
12:23:37 -3.87 50.47 98.80
12:23:38 -4.02 50.47 98.80
12:23:39 -3.99 50.47 98.80
12:23:40 -3.93 50.47 98.80
12:23:41 -4.27 50.47 98.80
12:23:42 -4.08 50.47 98.80
12:23:43 -3.74 50.47 98.80
12:23:44 -2.86 50.47 98.79
12:23:45 5.02 50.47 98.79
12:23:46 26.45 50.47 98.80
12:23:47 69.32 50.47 98.79
12:23:48 129.35 50.47 98.79
12:23:49 189.17 50.47 98.79
12:23:50 229.03 50.47 98.79
12:23:51 236.77 50.47 98.79
12:23:52 216.93 50.47 98.79
12:23:53 199.54 50.47 98.79
12:23:54 158.82 50.47 98.79
12:23:55 115.67 50.47 98.80
12:23:56 75.44 50.47 98.80
12:23:57 47.95 50.47 98.80
12:23:58 29.05 50.47 98.80
12:23:59 17.26 50.47 98.80
12:24:00 9.64 50.47 98.80
12:24:01 5.38 50.47 98.80
12:24:02 2.20 50.47 98.79
12:24:03 0.73 50.47 98.79
12:24:04 -1.11 50.47 98.80
12:24:05 -1.71 50.47 98.80
12:24:06 -2.44 50.47 98.79
12:24:07 -3.30 50.47 98.79
12:24:08 -2.81 50.47 98.80
12:24:09 -3.82 50.47 98.80
12:24:10 -3.69 50.47 98.79
12:24:11 -4.19 50.47 98.79
12:24:12 -3.77 50.47 98.79
12:24:13 -4.04 50.47 98.79
12:24:14 -3.95 50.47 98.79
12:24:15 -4.24 50.47 98.79
12:24:16 -4.41 50.47 98.79
12:24:17 -3.46 50.47 98.79
12:24:18 -4.74 50.47 98.79
12:24:19 -3.76 50.47 98.79
12:24:20 -2.05 50.47 98.79
12:24:21 7.02 50.47 98.79
12:24:22 31.22 50.47 98.79
12:24:23 76.53 50.47 98.80
12:24:24 138.91 50.47 98.80
12:24:25 197.27 50.47 98.79
12:24:26 235.09 50.47 98.79
12:24:27 239.75 50.47 98.79
12:24:28 217.62 50.47 98.79
12:24:29 179.78 50.47 98.79
12:24:30 137.64 50.47 98.79
12:24:31 94.69 50.47 98.79
12:24:32 60.88 50.47 98.79
12:24:33 37.48 50.47 98.80
12:24:34 22.80 50.47 98.79
12:24:35 13.03 50.47 98.79
12:24:36 9.39 50.47 98.79
12:24:37 5.24 50.47 98.80
12:24:38 2.44 50.47 98.79
12:24:39 0.47 50.47 98.79
12:24:40 -0.72 50.47 98.80
12:24:41 -1.96 50.47 98.80
12:24:42 -2.67 50.47 98.80
12:24:43 -2.66 50.47 98.80
12:24:44 -3.67 50.47 98.80
12:24:45 -4.06 50.47 98.79
12:24:46 -3.65 50.47 98.80
12:24:47 -3.46 50.47 98.79
12:24:48 -4.06 50.47 98.79
12:24:49 -3.73 50.47 98.79
12:24:50 -3.98 50.47 98.79
12:24:51 -4.49 50.47 98.79
12:24:52 -4.07 50.47 98.79
12:24:53 -4.43 50.47 98.79
12:24:54 -2.41 50.47 98.79
12:24:55 7.60 50.47 98.79
12:24:56 35.15 50.47 98.79
12:24:57 92.28 50.47 98.79
12:24:58 131.52 50.47 98.79
12:24:59 218.52 50.47 98.79
12:25:00 293.59 50.47 98.79
12:25:01 331.08 50.47 98.79
12:25:02 324.51 50.47 98.80
12:25:03 284.07 50.47 98.80
12:25:04 227.87 50.47 98.80
12:25:05 168.84 50.47 98.80
12:25:06 112.35 50.47 98.80
12:25:07 71.78 50.47 98.80
12:25:08 44.64 50.47 98.80
12:25:09 27.63 50.47 98.80
12:25:10 16.01 50.47 98.80
12:25:11 9.62 50.47 98.80
12:25:12 5.25 50.47 98.80
12:25:13 2.09 50.47 98.80
12:25:14 0.46 50.47 98.80
12:25:15 -0.87 50.47 98.80
12:25:16 -1.86 50.47 98.80
12:25:17 -1.80 50.47 98.80
12:25:18 -2.63 50.47 98.80
12:25:19 -2.63 50.47 98.80
12:25:20 -3.29 50.47 98.79
12:25:21 -3.85 50.47 98.79
12:25:22 -3.44 50.47 98.80
12:25:23 -3.71 50.47 98.80
12:25:24 -4.20 50.47 98.80
12:25:25 -4.07 50.47 98.80
12:25:26 -4.00 50.47 98.80
12:25:27 -4.20 50.47 98.80
12:25:28 -4.46 50.47 98.80
12:25:29 -4.12 50.47 98.80
12:25:30 -4.21 50.47 98.80
12:25:31 -4.15 50.47 98.80
12:25:32 -4.03 50.47 98.80
12:25:33 -4.43 50.47 98.80
12:25:34 -4.23 50.47 98.80
12:25:35 -4.34 50.47 98.80
12:25:36 -4.09 50.47 98.80
12:25:37 -4.47 50.47 98.80
12:25:38 -4.39 50.47 98.80
12:25:39 -4.41 50.47 98.80
12:25:40 -4.15 50.47 98.80
12:25:41 -4.37 50.47 98.80
12:25:42 -4.58 50.47 98.80
12:25:43 -4.10 50.47 98.80
12:25:44 -4.31 50.47 98.80
12:25:45 -4.32 50.47 98.80
12:25:46 -4.29 50.47 98.80
12:25:47 -4.28 50.47 98.80
12:25:48 -4.27 50.47 98.80
12:25:49 -4.19 50.47 98.80
12:25:50 -4.55 50.47 98.80
12:25:51 -4.44 50.47 98.80
12:25:52 -4.42 50.47 98.80
12:25:53 -4.36 50.47 98.80
12:25:54 -4.35 50.47 98.80
12:25:55 -4.57 50.47 98.80
12:25:56 -4.25 50.47 98.80
12:25:57 -4.47 50.47 98.80
12:25:58 -4.31 50.47 98.80
12:25:59 -4.34 50.47 98.80
12:26:00 -4.67 50.47 98.80
12:26:01 -4.38 50.47 98.80
12:26:02 -4.15 50.47 98.80
12:26:03 -4.46 50.47 98.80
12:26:04 -4.58 50.47 98.80
12:26:05 -4.55 50.47 98.80
12:26:06 -4.63 50.47 98.80
12:26:07 -4.36 50.47 98.80
12:26:08 -4.45 50.47 98.80
12:26:09 -4.75 50.47 98.80
12:26:10 -4.16 50.47 98.80
12:26:11 -4.62 50.47 98.80
12:26:12 -4.28 50.47 98.80
12:26:13 -4.26 50.47 98.80
12:26:14 -4.58 50.47 98.80
12:26:15 -4.65 50.47 98.80
12:26:16 -4.18 50.47 98.80
12:26:17 -4.65 50.47 98.80
12:26:18 -4.50 50.47 98.80
12:26:19 -4.77 50.47 98.80
12:26:20 -4.39 50.47 98.80
12:26:21 -4.40 50.47 98.80
12:26:22 -4.58 50.47 98.80
12:26:23 -4.61 50.47 98.80
12:26:24 -4.33 50.47 98.80
12:26:25 -4.55 50.47 98.80
12:26:26 -4.57 50.47 98.80
12:26:27 -4.39 50.47 98.80
12:26:28 -4.50 50.47 98.80
12:26:29 -4.99 50.47 98.80
12:26:30 -4.06 50.47 98.80
12:26:31 -4.47 50.47 98.80
12:26:32 -4.78 50.47 98.80
12:26:33 -4.48 50.47 98.80
12:26:34 -4.53 50.47 98.80
12:26:35 -4.52 50.47 98.80
12:26:36 -4.55 50.47 98.80
12:26:37 -4.35 50.47 98.80
12:26:38 -4.38 50.47 98.80
12:26:39 -4.40 50.47 98.80
12:26:40 -4.55 50.47 98.80
12:26:41 -4.62 50.47 98.80
12:26:42 -4.23 50.47 98.80
12:26:43 -4.77 50.47 98.80
12:26:44 -4.41 50.47 98.80
12:26:45 -4.39 50.47 98.80
12:26:46 -4.31 50.47 98.80
12:26:47 -4.48 50.47 98.80
12:26:48 -4.55 50.47 98.80
12:26:49 -4.39 50.47 98.80
12:26:50 -4.54 50.47 98.80
12:26:51 -4.32 50.47 98.80
12:26:52 -4.40 50.47 98.80
12:26:53 -4.34 50.47 98.80
12:26:54 -4.30 50.47 98.80
12:26:55 -4.68 50.47 98.80
12:26:56 -4.21 50.47 98.79
12:26:57 -4.46 50.47 98.79
12:26:58 -4.88 50.47 98.80
12:26:59 -4.50 50.47 98.79
12:27:00 -3.94 50.47 98.79
12:27:01 -4.70 50.47 98.80
12:27:02 -4.40 50.47 98.80
12:27:03 -3.35 50.47 98.80
12:27:04 0.48 50.47 98.80
12:27:05 13.10 50.47 98.80
12:27:06 38.74 50.47 98.80
12:27:07 75.23 50.47 98.79
12:27:08 94.23 50.47 98.79
12:27:09 126.18 50.47 98.79
12:27:10 140.27 50.47 98.80
12:27:11 136.04 50.47 98.79
12:27:12 116.81 50.47 98.79
12:27:13 93.23 50.47 98.79
12:27:14 66.66 50.47 98.79
12:27:15 43.85 50.47 98.79
12:27:16 27.22 50.47 98.79
12:27:17 17.16 50.47 98.80
12:27:18 10.05 50.47 98.80
12:27:19 5.60 50.47 98.80
12:27:20 2.94 50.47 98.80
12:27:21 1.07 50.47 98.80
12:27:22 -0.56 50.47 98.80
12:27:23 -1.28 50.47 98.80
12:27:24 -1.78 50.47 98.80
12:27:25 -2.35 50.47 98.80
12:27:26 -3.00 50.47 98.80
12:27:27 -3.25 50.47 98.80
12:27:28 -3.18 50.47 98.80
12:27:29 -4.16 50.47 98.80
12:27:30 -4.15 50.47 98.80
12:27:31 -4.08 50.47 98.80
12:27:32 -3.70 50.47 98.80
12:27:33 -4.00 50.47 98.80
12:27:34 -4.25 50.47 98.80
12:27:35 -3.98 50.47 98.80
12:27:36 -4.21 50.47 98.79
12:27:37 -4.52 50.47 98.79
12:27:38 -4.19 50.47 98.79
12:27:39 -3.69 50.47 98.79
12:27:40 1.34 50.47 98.79
12:27:41 19.21 50.47 98.79
12:27:42 63.96 50.47 98.79
12:27:43 138.74 50.47 98.80
12:27:44 230.58 50.47 98.79
12:27:45 306.86 50.47 98.79
12:27:46 341.92 50.47 98.79
12:27:47 330.59 50.47 98.80
12:27:48 285.45 50.47 98.80
12:27:49 226.95 50.47 98.80
12:27:50 164.40 50.47 98.80
12:27:51 133.90 50.47 98.80
12:27:52 87.02 50.47 98.80
12:27:53 55.07 50.47 98.80
12:27:54 33.42 50.47 98.80
12:27:55 20.43 50.47 98.80
12:27:56 12.16 50.47 98.80
12:27:57 6.58 50.47 98.80
12:27:58 3.47 50.47 98.80
12:27:59 1.45 50.47 98.80
12:28:00 -0.44 50.47 98.80
12:28:01 -1.15 50.47 98.80
12:28:02 -2.43 50.47 98.80
12:28:03 -2.62 50.47 98.80
12:28:04 -2.76 50.47 98.80
12:28:05 -3.65 50.47 98.80
12:28:06 -3.48 50.47 98.80
12:28:07 -3.70 50.47 98.79
12:28:08 -4.14 50.47 98.79
12:28:09 -4.01 50.47 98.79
12:28:10 -4.05 50.47 98.81
12:28:11 -4.15 50.47 98.80
12:28:12 -4.31 50.47 98.80
12:28:13 -4.53 50.47 98.80
12:28:14 -4.48 50.47 98.80
12:28:15 -4.17 50.47 98.80
12:28:16 -4.28 50.47 98.80
12:28:17 -4.31 50.47 98.80
12:28:18 -4.14 50.47 98.80
12:28:19 -4.16 50.47 98.80
12:28:20 -4.30 50.47 98.80
12:28:21 -4.68 50.47 98.80
12:28:22 -4.29 50.47 98.80
12:28:23 -4.10 50.47 98.80
12:28:24 -4.30 50.47 98.80
12:28:25 -4.49 50.47 98.80
12:28:26 -4.39 50.47 98.80
12:28:27 -4.74 50.47 98.80
12:28:28 -4.45 50.47 98.80
12:28:29 -4.40 50.47 98.80
12:28:30 -4.44 50.47 98.80
12:28:31 -4.45 50.47 98.80
12:28:32 -4.50 50.47 98.79
12:28:33 -4.32 50.47 98.79
12:28:34 -4.52 50.47 98.79
12:28:35 -4.52 50.47 98.79
12:28:36 -4.21 50.47 98.79
12:28:37 -2.96 50.47 98.79
12:28:38 4.03 50.47 98.79
12:28:39 21.63 50.47 98.79
12:28:40 57.35 50.47 98.79
12:28:41 104.17 50.47 98.79
12:28:42 149.48 50.47 98.79
12:28:43 176.55 50.47 98.79
12:28:44 179.92 50.47 98.79
12:28:45 161.62 50.47 98.79
12:28:46 132.45 50.47 98.79
12:28:47 99.59 50.47 98.79
12:28:48 66.70 50.47 98.80
12:28:49 42.14 50.47 98.80
12:28:50 25.17 50.47 98.80
12:28:51 15.30 50.47 98.80
12:28:52 8.29 50.47 98.80
12:28:53 4.41 50.47 98.80
12:28:54 1.79 50.47 98.79
12:28:55 0.10 50.47 98.79
12:28:56 -0.62 50.47 98.80
12:28:57 -2.02 50.47 98.80
12:28:58 -2.32 50.47 98.80
12:28:59 -3.22 50.47 98.79
12:29:00 -3.21 50.47 98.79
12:29:01 -3.47 50.47 98.80
12:29:02 -3.47 50.47 98.80
12:29:03 -4.27 50.47 98.80
12:29:04 -4.47 50.47 98.80
12:29:05 -4.30 50.47 98.80
12:29:06 -4.44 50.47 98.80
12:29:07 -4.22 50.47 98.80
12:29:08 -4.07 50.47 98.80
12:29:09 -4.16 50.47 98.80
12:29:10 -4.30 50.47 98.79
12:29:11 -4.31 50.47 98.79
12:29:12 -4.18 50.47 98.79
12:29:13 -1.28 50.47 98.79
12:29:14 11.96 50.47 98.79
12:29:15 48.20 50.47 98.79
12:29:16 115.25 50.47 98.79
12:29:17 206.70 50.47 98.79
12:29:18 252.43 50.47 98.80
12:29:19 323.59 50.47 98.80
12:29:20 348.82 50.47 98.79
12:29:21 329.32 50.47 98.79
12:29:22 279.48 50.47 98.79
12:29:23 220.41 50.47 98.79
12:29:24 160.99 50.47 98.79
12:29:25 108.22 50.47 98.80
12:29:26 69.70 50.47 98.80
12:29:27 45.58 50.47 98.80
12:29:28 30.38 50.47 98.79
12:29:29 20.23 50.47 98.79
12:29:30 13.51 50.47 98.80
12:29:31 9.41 50.47 98.80
12:29:32 6.05 50.47 98.80
12:29:33 3.80 50.47 98.80
12:29:34 2.17 50.47 98.79
12:29:35 1.44 50.47 98.79
12:29:36 -0.13 50.47 98.79
12:29:37 -0.65 50.47 98.79
12:29:38 -1.43 50.47 98.80
12:29:39 -1.70 50.47 98.80
12:29:40 -2.41 50.47 98.80
12:29:41 -2.79 50.47 98.80
12:29:42 -2.78 50.47 98.80
12:29:43 -2.96 50.47 98.80
12:29:44 -3.51 50.47 98.79
12:29:45 -3.31 50.47 98.79
12:29:46 -3.52 50.47 98.79
12:29:47 -3.72 50.47 98.79
12:29:48 -3.57 50.47 98.79
12:29:49 -3.81 50.47 98.79
12:29:50 -2.39 50.47 98.79
12:29:51 4.44 50.47 98.79
12:29:52 27.34 50.47 98.79
12:29:53 74.66 50.47 98.79
12:29:54 145.43 50.47 98.79
12:29:55 220.57 50.47 98.79
12:29:56 273.53 50.47 98.79
12:29:57 288.72 50.47 98.79
12:29:58 267.72 50.47 98.79
12:29:59 224.28 50.47 98.79
12:30:00 174.68 50.47 98.79
12:30:01 123.09 50.47 98.80
12:30:02 100.44 50.47 98.80
12:30:03 64.52 50.47 98.80
12:30:04 40.43 50.47 98.80
12:30:05 25.28 50.47 98.80
12:30:06 15.60 50.47 98.80
12:30:07 9.20 50.47 98.80
12:30:08 5.60 50.47 98.80
12:30:09 2.60 50.47 98.80
12:30:10 0.99 50.47 98.80
12:30:11 -0.46 50.47 98.80
12:30:12 -1.39 50.47 98.80
12:30:13 -1.91 50.47 98.80
12:30:14 -2.36 50.47 98.80
12:30:15 -3.10 50.47 98.80
12:30:16 -3.11 50.47 98.80
12:30:17 -3.32 50.47 98.80
12:30:18 -4.34 50.47 98.80
12:30:19 -4.13 50.47 98.80
12:30:20 -3.36 50.47 98.80
12:30:21 -4.32 50.47 98.80
12:30:22 -3.86 50.47 98.79
12:30:23 -3.86 50.47 98.79
12:30:24 -4.09 50.47 98.80
12:30:25 -3.92 50.47 98.79
12:30:26 -4.27 50.47 98.79
12:30:27 -4.16 50.47 98.79
12:30:28 -3.09 50.47 98.80
12:30:29 1.93 50.47 98.79
12:30:30 20.99 50.47 98.79
12:30:31 60.55 50.47 98.80
12:30:32 123.89 50.47 98.79
12:30:33 196.11 50.47 98.79
12:30:34 252.10 50.47 98.80
12:30:35 276.36 50.47 98.80
12:30:36 264.44 50.47 98.80
12:30:37 226.84 50.47 98.80
12:30:38 181.04 50.47 98.80
12:30:39 131.87 50.47 98.80
12:30:40 86.92 50.47 98.80
12:30:41 55.22 50.47 98.80
12:30:42 34.32 50.47 98.80
12:30:43 20.74 50.47 98.80
12:30:44 11.83 50.47 98.80
12:30:45 8.94 50.47 98.80
12:30:46 4.69 50.47 98.80
12:30:47 1.82 50.47 98.80
12:30:48 0.27 50.47 98.80
12:30:49 -0.90 50.47 98.80
12:30:50 -2.04 50.47 98.80
12:30:51 -2.31 50.47 98.80
12:30:52 -3.06 50.47 98.80
12:30:53 -2.98 50.47 98.80
12:30:54 -3.69 50.47 98.80
12:30:55 -3.76 50.47 98.80
12:30:56 -4.24 50.47 98.80
12:30:57 -4.04 50.47 98.80
12:30:58 -3.66 50.47 98.80
12:30:59 -3.81 50.47 98.80
12:31:00 -4.35 50.47 98.80
12:31:01 -4.13 50.47 98.80
12:31:02 -4.07 50.47 98.80
12:31:03 -4.03 50.47 98.80
12:31:04 -2.93 50.47 98.80
12:31:05 3.75 50.47 98.80
12:31:06 23.75 50.47 98.79
12:31:07 41.89 50.47 98.79
12:31:08 94.74 50.47 98.79
12:31:09 163.03 50.47 98.80
12:31:10 225.14 50.47 98.80
12:31:11 258.13 50.47 98.80
12:31:12 258.15 50.47 98.80
12:31:13 229.68 50.47 98.80
12:31:14 188.09 50.47 98.80
12:31:15 141.97 50.47 98.80
12:31:16 101.26 50.47 98.80
12:31:17 64.56 50.47 98.80
12:31:18 39.93 50.47 98.80
12:31:19 24.09 50.47 98.80
12:31:20 14.26 50.47 98.80
12:31:21 7.83 50.47 98.80
12:31:22 4.37 50.47 98.80
12:31:23 1.77 50.47 98.80
12:31:24 -0.40 50.47 98.80
12:31:25 -0.97 50.47 98.80
12:31:26 -2.01 50.47 98.80
12:31:27 -2.52 50.47 98.80
12:31:28 -2.55 50.47 98.80
12:31:29 -3.33 50.47 98.80
12:31:30 -3.69 50.47 98.80
12:31:31 -3.86 50.47 98.80
12:31:32 -3.88 50.47 98.80
12:31:33 -4.14 50.47 98.80
12:31:34 -3.88 50.47 98.80
12:31:35 -3.95 50.47 98.80
12:31:36 -4.24 50.47 98.80
12:31:37 -3.89 50.47 98.80
12:31:38 -4.05 50.47 98.80
12:31:39 -4.05 50.47 98.80
12:31:40 -1.66 50.47 98.80
12:31:41 6.16 50.47 98.80
12:31:42 25.88 50.47 98.80
12:31:43 59.56 50.47 98.80
12:31:44 100.28 50.47 98.80
12:31:45 135.88 50.47 98.80
12:31:46 153.36 50.47 98.80
12:31:47 150.69 50.47 98.80
12:31:48 130.74 50.47 98.80
12:31:49 104.38 50.47 98.80
12:31:50 91.03 50.47 98.80
12:31:51 62.07 50.47 98.80
12:31:52 39.98 50.47 98.80
12:31:53 24.17 50.47 98.80
12:31:54 14.02 50.47 98.80
12:31:55 7.97 50.47 98.80
12:31:56 3.53 50.47 98.80
12:31:57 1.11 50.47 98.80
12:31:58 -0.17 50.47 98.80
12:31:59 -1.81 50.47 98.80
12:32:00 -2.07 50.47 98.80
12:32:01 -2.42 50.47 98.80
12:32:02 -3.19 50.47 98.80
12:32:03 -3.67 50.47 98.80
12:32:04 -3.63 50.47 98.80
12:32:05 -3.77 50.47 98.80
12:32:06 -3.88 50.47 98.80
12:32:07 -4.34 50.47 98.80
12:32:08 -4.41 50.47 98.80
12:32:09 -4.08 50.47 98.80
12:32:10 -4.02 50.47 98.80
12:32:11 -4.36 50.47 98.80
12:32:12 -4.31 50.47 98.80
12:32:13 -4.21 50.47 98.80
12:32:14 -4.24 50.47 98.80
12:32:15 -4.56 50.47 98.80
12:32:16 -4.17 50.47 98.80
12:32:17 -4.10 50.47 98.80
12:32:18 -4.41 50.47 98.80
12:32:19 -4.53 50.47 98.80
12:32:20 -4.60 50.47 98.80
12:32:21 -4.49 50.47 98.80
12:32:22 -4.22 50.47 98.80
12:32:23 -4.05 50.47 98.80
12:32:24 -4.82 50.47 98.80
12:32:25 -4.44 50.47 98.80
12:32:26 -4.51 50.47 98.80
12:32:27 -4.69 50.47 98.80
12:32:28 -4.75 50.47 98.80
12:32:29 -4.39 50.47 98.80
12:32:30 -4.28 50.47 98.80
12:32:31 -4.19 50.47 98.80
12:32:32 -4.45 50.47 98.80
12:32:33 -4.73 50.47 98.80
12:32:34 -4.54 50.47 98.80
12:32:35 -4.40 50.47 98.80
12:32:36 -4.26 50.47 98.80
12:32:37 -4.54 50.47 98.80
12:32:38 -4.08 50.47 98.80
12:32:39 -4.27 50.47 98.80
12:32:40 -4.76 50.47 98.80
12:32:41 -4.59 50.47 98.80
12:32:42 -4.64 50.47 98.80
12:32:43 -4.16 50.47 98.80
12:32:44 -4.38 50.47 98.80
12:32:45 -4.55 50.47 98.80
12:32:46 -4.65 50.47 98.80
12:32:47 -4.65 50.47 98.80
12:32:48 -4.13 50.47 98.80
12:32:49 -4.47 50.47 98.80
12:32:50 -4.61 50.47 98.80
12:32:51 -4.60 50.47 98.80
12:32:52 -4.91 50.47 98.80
12:32:53 -4.45 50.47 98.80
12:32:54 -4.32 50.47 98.80
12:32:55 -4.18 50.47 98.80
12:32:56 -4.41 50.47 98.80
12:32:57 -4.79 50.47 98.80
12:32:58 -4.50 50.47 98.80
12:32:59 -4.46 50.47 98.80
12:33:00 -3.75 50.47 98.80
12:33:01 -2.41 50.47 98.80
12:33:02 10.40 50.47 98.80
12:33:03 52.92 50.47 98.80
12:33:04 148.49 50.47 98.80
12:33:05 297.17 50.47 98.80
12:33:06 461.18 50.47 98.80
12:33:07 579.85 50.47 98.80
12:33:08 618.44 50.47 98.80
12:33:09 578.57 50.47 98.80
12:33:10 489.66 50.47 98.80
12:33:11 383.61 50.47 98.80
12:33:12 287.16 50.47 98.80
12:33:13 196.45 50.47 98.80
12:33:14 129.11 50.47 98.80
12:33:15 86.69 50.47 98.80
12:33:16 58.80 50.47 98.80
12:33:17 48.16 50.47 98.80
12:33:18 33.60 50.47 98.80
12:33:19 23.93 50.47 98.80
12:33:20 17.25 50.47 98.80
12:33:21 12.78 50.47 98.80
12:33:22 9.63 50.47 98.80
12:33:23 6.79 50.47 98.80
12:33:24 4.59 50.47 98.80
12:33:25 2.51 50.47 98.80
12:33:26 1.87 50.47 98.80
12:33:27 0.68 50.47 98.80
12:33:28 0.15 50.47 98.80
12:33:29 -1.06 50.47 98.80
12:33:30 -1.21 50.47 98.80
12:33:31 -1.45 50.47 98.80
12:33:32 -2.50 50.47 98.80
12:33:33 -2.99 50.47 98.80
12:33:34 -2.80 50.47 98.80
12:33:35 -3.07 50.47 98.80
12:33:36 -2.99 50.47 98.80
12:33:37 -3.33 50.47 98.80
12:33:38 -3.22 50.47 98.80
12:33:39 -3.22 50.47 98.80
12:33:40 -3.49 50.47 98.80
12:33:41 -3.93 50.47 98.80
12:33:42 -3.43 50.47 98.80
12:33:43 -1.20 50.47 98.80
12:33:44 10.24 50.47 98.80
12:33:45 45.39 50.47 98.80
12:33:46 113.81 50.47 98.80
12:33:47 210.22 50.47 98.80
12:33:48 305.75 50.47 98.80
12:33:49 367.58 50.47 98.80
12:33:50 377.78 50.47 98.80
12:33:51 343.60 50.47 98.80
12:33:52 283.60 50.47 98.80
12:33:53 219.68 50.47 98.80
12:33:54 155.79 50.47 98.80
12:33:55 102.26 50.47 98.80
12:33:56 67.79 50.47 98.80
12:33:57 44.20 50.47 98.80
12:33:58 28.73 50.47 98.80
12:33:59 19.79 50.47 98.80
12:34:00 16.34 50.47 98.80
12:34:01 10.60 50.47 98.80
12:34:02 7.10 50.47 98.80
12:34:03 4.48 50.47 98.80
12:34:04 2.38 50.47 98.80
12:34:05 0.98 50.47 98.80
12:34:06 0.17 50.47 98.80
12:34:07 -0.62 50.47 98.80
12:34:08 -1.29 50.47 98.80
12:34:09 -2.02 50.47 98.80
12:34:10 -3.06 50.47 98.80
12:34:11 -2.70 50.47 98.80
12:34:12 -2.97 50.47 98.80
12:34:13 -2.95 50.47 98.80
12:34:14 -3.39 50.47 98.80
12:34:15 -3.71 50.47 98.80
12:34:16 -3.58 50.47 98.80
12:34:17 -4.04 50.47 98.80
12:34:18 -4.00 50.47 98.80
12:34:19 -3.57 50.47 98.80
12:34:20 -1.02 50.47 98.80
12:34:21 9.37 50.47 98.80
12:34:22 19.32 50.47 98.80
12:34:23 53.98 50.47 98.80
12:34:24 103.39 50.47 98.80
12:34:25 153.09 50.47 98.80
12:34:26 185.41 50.47 98.80
12:34:27 192.67 50.47 98.80
12:34:28 176.17 50.47 98.80
12:34:29 146.28 50.47 98.80
12:34:30 111.87 50.47 98.80
12:34:31 82.34 50.47 98.80
12:34:32 54.58 50.47 98.80
12:34:33 35.10 50.47 98.80
12:34:34 22.91 50.47 98.80
12:34:35 15.54 50.47 98.80
12:34:36 9.95 50.47 98.80
12:34:37 6.41 50.47 98.80
12:34:38 4.38 50.47 98.80
12:34:39 2.47 50.47 98.80
12:34:40 0.94 50.47 98.80
12:34:41 0.17 50.47 98.80
12:34:42 -0.69 50.47 98.80
12:34:43 -1.26 50.47 98.80
12:34:44 -1.29 50.47 98.80
12:34:45 -1.85 50.47 98.80
12:34:46 -2.32 50.47 98.80
12:34:47 -2.52 50.47 98.80
12:34:48 -2.83 50.47 98.80
12:34:49 -3.01 50.47 98.80
12:34:50 -3.16 50.47 98.80
12:34:51 -3.45 50.47 98.80
12:34:52 -3.36 50.47 98.80
12:34:53 -3.77 50.47 98.80
12:34:54 -3.66 50.47 98.80
12:34:55 -3.83 50.47 98.80
12:34:56 -3.75 50.47 98.80
12:34:57 -3.69 50.47 98.80
12:34:58 -4.15 50.47 98.80
12:34:59 -3.89 50.47 98.80
12:35:00 -4.15 50.47 98.80
12:35:01 -4.07 50.47 98.80
12:35:02 -3.88 50.47 98.80
12:35:03 -4.02 50.47 98.80
12:35:04 -4.54 50.47 98.80
12:35:05 -4.53 50.47 98.80
12:35:06 -4.08 50.47 98.80
12:35:07 -4.29 50.47 98.80
12:35:08 -4.22 50.47 98.80
12:35:09 -4.02 50.47 98.80
12:35:10 -4.32 50.47 98.80
12:35:11 -4.49 50.47 98.80
12:35:12 -4.53 50.47 98.80
12:35:13 -3.79 50.47 98.80
12:35:14 -1.94 50.47 98.80
12:35:15 7.30 50.47 98.80
12:35:16 34.07 50.47 98.80
12:35:17 86.06 50.47 98.80
12:35:18 157.10 50.47 98.80
12:35:19 225.98 50.47 98.80
12:35:20 269.35 50.47 98.80
12:35:21 275.84 50.47 98.80
12:35:22 249.51 50.47 98.80
12:35:23 205.23 50.47 98.80
12:35:24 156.96 50.47 98.80
12:35:25 108.26 50.47 98.80
12:35:26 70.58 50.47 98.80
12:35:27 56.36 50.47 98.80
12:35:28 35.77 50.47 98.80
12:35:29 22.25 50.47 98.80
12:35:30 14.01 50.47 98.80
12:35:31 8.24 50.47 98.80
12:35:32 4.86 50.47 98.80
12:35:33 2.68 50.47 98.80
12:35:34 0.41 50.47 98.80
12:35:35 -0.64 50.47 98.80
12:35:36 -1.62 50.47 98.80
12:35:37 -2.18 50.47 98.80
12:35:38 -2.29 50.47 98.80
12:35:39 -3.10 50.47 98.80
12:35:40 -2.98 50.47 98.80
12:35:41 -3.67 50.47 98.80
12:35:42 -4.08 50.47 98.80
12:35:43 -3.70 50.47 98.80
12:35:44 -4.25 50.47 98.80
12:35:45 -4.31 50.47 98.80
12:35:46 -3.93 50.47 98.79
12:35:47 -4.01 50.47 98.79
12:35:48 -4.15 50.47 98.79
12:35:49 -4.43 50.47 98.79
12:35:50 -4.33 50.47 98.80
12:35:51 -3.37 50.47 98.80
12:35:52 -0.28 50.47 98.80
12:35:53 13.25 50.47 98.80
12:35:54 48.12 50.47 98.80
12:35:55 105.44 50.47 98.80
12:35:56 176.09 50.47 98.79
12:35:57 234.93 50.47 98.79
12:35:58 262.37 50.47 98.80
12:35:59 254.51 50.47 98.80
12:36:00 222.36 50.47 98.80
12:36:01 177.92 50.47 98.80
12:36:02 130.43 50.47 98.80
12:36:03 87.92 50.47 98.80
12:36:04 58.55 50.47 98.80
12:36:05 38.94 50.47 98.80
12:36:06 25.82 50.47 98.80
12:36:07 17.80 50.47 98.80
12:36:08 12.32 50.47 98.80
12:36:09 8.58 50.47 98.80
12:36:10 5.72 50.47 98.80
12:36:11 4.82 50.47 98.80
12:36:12 3.32 50.47 98.80
12:36:13 1.84 50.47 98.80
12:36:14 0.61 50.47 98.80
12:36:15 0.02 50.47 98.80
12:36:16 -0.85 50.47 98.80
12:36:17 -1.45 50.47 98.80
12:36:18 -1.61 50.47 98.80
12:36:19 -2.34 50.47 98.80
12:36:20 -2.35 50.47 98.80
12:36:21 -2.80 50.47 98.80
12:36:22 -2.89 50.47 98.80
12:36:23 -3.08 50.47 98.80
12:36:24 -3.33 50.47 98.80
12:36:25 -3.44 50.47 98.80
12:36:26 -3.52 50.47 98.79
12:36:27 -3.39 50.47 98.79
12:36:28 -2.98 50.47 98.80
12:36:29 0.18 50.47 98.80
12:36:30 13.46 50.47 98.79
12:36:31 46.05 50.47 98.79
12:36:32 71.10 50.47 98.79
12:36:33 133.58 50.47 98.80
12:36:34 197.12 50.47 98.79
12:36:35 238.94 50.47 98.79
12:36:36 246.86 50.47 98.80
12:36:37 225.13 50.47 98.80
12:36:38 187.00 50.47 98.79
12:36:39 143.50 50.47 98.79
12:36:40 104.82 50.47 98.80
12:36:41 69.34 50.47 98.80
12:36:42 44.94 50.47 98.80
12:36:43 29.74 50.47 98.80
12:36:44 19.85 50.47 98.80
12:36:45 13.57 50.47 98.80
12:36:46 8.78 50.47 98.80
12:36:47 6.20 50.47 98.79
12:36:48 3.89 50.47 98.79
12:36:49 2.40 50.47 98.80
12:36:50 1.55 50.47 98.80
12:36:51 0.49 50.47 98.80
12:36:52 -0.24 50.47 98.82
12:36:53 -1.23 50.47 98.80
12:36:54 -1.62 50.47 98.80
12:36:55 -2.05 50.47 98.80
12:36:56 -2.16 50.47 98.80
12:36:57 -2.55 50.47 98.80
12:36:58 -2.75 50.47 98.80
12:36:59 -3.02 50.47 98.80
12:37:00 -2.90 50.47 98.79
12:37:01 -3.24 50.47 98.79
12:37:02 -3.65 50.47 98.80
12:37:03 -3.81 50.47 98.80
12:37:04 -3.22 50.47 98.80
12:37:05 -3.82 50.47 98.80
12:37:06 -2.11 50.47 98.80
12:37:07 4.81 50.47 98.80
12:37:08 27.01 50.47 98.79
12:37:09 73.26 50.47 98.79
12:37:10 139.40 50.47 98.80
12:37:11 207.07 50.47 98.80
12:37:12 252.79 50.47 98.79
12:37:13 263.61 50.47 98.79
12:37:14 243.02 50.47 98.80
12:37:15 201.95 50.47 98.80
12:37:16 179.00 50.47 98.80
12:37:17 134.59 50.47 98.80
12:37:18 90.49 50.47 98.80
12:37:19 59.41 50.47 98.80
12:37:20 38.90 50.47 98.80
12:37:21 25.56 50.47 98.80
12:37:22 16.62 50.47 98.80
12:37:23 11.00 50.47 98.80
12:37:24 6.82 50.47 98.80
12:37:25 4.72 50.47 98.80
12:37:26 2.46 50.47 98.80
12:37:27 1.33 50.47 98.80
12:37:28 0.02 50.47 98.79
12:37:29 -0.71 50.47 98.79
12:37:30 -1.73 50.47 98.80
12:37:31 -1.78 50.47 98.79
12:37:32 -2.67 50.47 98.79
12:37:33 -3.21 50.47 98.80
12:37:34 -3.07 50.47 98.79
12:37:35 -3.55 50.47 98.79
12:37:36 -3.36 50.47 98.79
12:37:37 -3.72 50.47 98.79
12:37:38 -3.89 50.47 98.79
12:37:39 -3.48 50.47 98.79
12:37:40 -3.46 50.47 98.79
12:37:41 -3.63 50.47 98.79
12:37:42 -3.86 50.47 98.79
12:37:43 -3.11 50.47 98.79
12:37:44 1.94 50.47 98.79
12:37:45 18.79 50.47 98.79
12:37:46 57.18 50.47 98.79
12:37:47 118.05 50.47 98.79
12:37:48 188.18 50.47 98.79
12:37:49 242.62 50.47 98.79
12:37:50 263.12 50.47 98.79
12:37:51 250.85 50.47 98.79
12:37:52 213.57 50.47 98.79
12:37:53 168.90 50.47 98.79
12:37:54 121.83 50.47 98.79
12:37:55 80.55 50.47 98.79
12:37:56 51.31 50.47 98.79
12:37:57 32.05 50.47 98.80
12:37:58 20.16 50.47 98.80
12:37:59 15.62 50.47 98.80
12:38:00 9.12 50.47 98.80
12:38:01 4.95 50.47 98.79
12:38:02 2.86 50.47 98.79
12:38:03 0.95 50.47 98.80
12:38:04 -0.51 50.47 98.79
12:38:05 -1.72 50.47 98.79
12:38:06 -1.70 50.47 98.80
12:38:07 -2.39 50.47 98.79
12:38:08 -3.17 50.47 98.79
12:38:09 -3.37 50.47 98.80
12:38:10 -3.29 50.47 98.80
12:38:11 -3.75 50.47 98.80
12:38:12 -3.62 50.47 98.80
12:38:13 -3.85 50.47 98.80
12:38:14 -4.21 50.47 98.80
12:38:15 -4.28 50.47 98.80
12:38:16 -3.99 50.47 98.79
12:38:17 -4.29 50.47 98.79
12:38:18 -4.33 50.47 98.80
12:38:19 -4.14 50.47 98.80
12:38:20 -4.18 50.47 98.80
12:38:21 -4.36 50.47 98.80
12:38:22 -4.66 50.47 98.80
12:38:23 -4.15 50.47 98.80
12:38:24 -4.22 50.47 98.80
12:38:25 -4.29 50.47 98.80
12:38:26 -4.30 50.47 98.80
12:38:27 -4.33 50.47 98.80
12:38:28 -4.29 50.47 98.80
12:38:29 -4.23 50.47 98.80
12:38:30 -4.76 50.47 98.80
12:38:31 -4.45 50.47 98.80
12:38:32 -4.49 50.47 98.80
12:38:33 -4.32 50.47 98.80
12:38:34 -4.12 50.47 98.79
12:38:35 -4.39 50.47 98.79
12:38:36 -4.39 50.47 98.80
12:38:37 -4.47 50.47 98.79
12:38:38 -4.54 50.47 98.79
12:38:39 -4.33 50.47 98.80
12:38:40 -4.64 50.47 98.80
12:38:41 -4.46 50.47 98.80
12:38:42 -4.36 50.47 98.80
12:38:43 -4.33 50.47 98.80
12:38:44 -4.03 50.47 98.80
12:38:45 -4.71 50.47 98.80
12:38:46 -4.45 50.47 98.80
12:38:47 -4.72 50.47 98.80
12:38:48 -4.24 50.47 98.80
12:38:49 -4.49 50.47 98.80
12:38:50 -4.30 50.47 98.80
12:38:51 -4.57 50.47 98.80
12:38:52 -4.50 50.47 98.80
12:38:53 -4.41 50.47 98.80
12:38:54 -4.59 50.47 98.80
12:38:55 -4.75 50.47 98.80
12:38:56 -4.33 50.47 98.80
12:38:57 -4.30 50.47 98.80
12:38:58 -4.96 50.47 98.80
12:38:59 -4.24 50.47 98.80
12:39:00 -4.49 50.47 98.80
12:39:01 -4.36 50.47 98.80
12:39:02 -4.52 50.47 98.80
12:39:03 -4.34 50.47 98.80
12:39:04 -4.17 50.47 98.80
12:39:05 -4.63 50.47 98.80
12:39:06 -4.16 50.47 98.80
12:39:07 -4.45 50.47 98.80
12:39:08 -4.66 50.47 98.80
12:39:09 -4.79 50.47 98.80
12:39:10 -4.56 50.47 98.80
12:39:11 -4.17 50.47 98.80
12:39:12 -4.54 50.47 98.80
12:39:13 -4.43 50.47 98.80
12:39:14 -4.58 50.47 98.80
12:39:15 -4.48 50.47 98.80
12:39:16 -4.50 50.47 98.80
12:39:17 -4.66 50.47 98.80
12:39:18 -4.29 50.47 98.80
12:39:19 -4.49 50.47 98.80
12:39:20 -4.68 50.47 98.80
12:39:21 -4.58 50.47 98.80
12:39:22 -4.26 50.47 98.80
12:39:23 -4.33 50.47 98.80
12:39:24 -3.22 50.47 98.79
12:39:25 5.18 50.47 98.79
12:39:26 14.14 50.47 98.79
12:39:27 47.53 50.47 98.79
12:39:28 103.28 50.47 98.79
12:39:29 168.20 50.47 98.79
12:39:30 220.14 50.47 98.79
12:39:31 241.88 50.47 98.79
12:39:32 230.54 50.47 98.80
12:39:33 197.33 50.47 98.79
12:39:34 155.83 50.47 98.79
12:39:35 111.56 50.47 98.79
12:39:36 73.92 50.47 98.79
12:39:37 47.63 50.47 98.80
12:39:38 30.79 50.47 98.80
12:39:39 19.84 50.47 98.80
12:39:40 12.74 50.47 98.80
12:39:41 8.35 50.47 98.80
12:39:42 5.74 50.47 98.80
12:39:43 3.36 50.47 98.80
12:39:44 1.60 50.47 98.80
12:39:45 0.46 50.47 98.79
12:39:46 -0.26 50.47 98.79
12:39:47 -0.68 50.47 98.79
12:39:48 -1.35 50.47 98.80
12:39:49 -1.68 50.47 98.80
12:39:50 -2.74 50.47 98.80
12:39:51 -2.60 50.47 98.80
12:39:52 -2.88 50.47 98.79
12:39:53 -3.61 50.47 98.79
12:39:54 -3.03 50.47 98.79
12:39:55 -3.39 50.47 98.79
12:39:56 -3.44 50.47 98.80
12:39:57 -3.79 50.47 98.80
12:39:58 -3.84 50.47 98.80
12:39:59 -3.68 50.47 98.79
12:40:00 -1.18 50.47 98.79
12:40:01 11.21 50.47 98.79
12:40:02 46.58 50.47 98.79
12:40:03 114.97 50.47 98.79
12:40:04 210.82 50.47 98.79
12:40:05 302.28 50.47 98.79
12:40:06 358.39 50.47 98.79
12:40:07 364.66 50.47 98.79
12:40:08 329.53 50.47 98.79
12:40:09 301.49 50.47 98.79
12:40:10 239.58 50.47 98.79
12:40:11 179.26 50.47 98.79
12:40:12 126.45 50.47 98.79
12:40:13 82.49 50.47 98.79
12:40:14 53.97 50.47 98.80
12:40:15 35.77 50.47 98.79
12:40:16 24.36 50.47 98.79
12:40:17 16.64 50.47 98.79
12:40:18 11.60 50.47 98.79
12:40:19 7.92 50.47 98.79
12:40:20 5.72 50.47 98.79
12:40:21 3.53 50.47 98.79
12:40:22 2.06 50.47 98.79
12:40:23 0.79 50.47 98.79
12:40:24 -0.04 50.47 98.79
12:40:25 -0.29 50.47 98.79
12:40:26 -1.67 50.47 98.79
12:40:27 -1.33 50.47 98.79
12:40:28 -2.73 50.47 98.79
12:40:29 -2.04 50.47 98.79
12:40:30 -2.79 50.47 98.79
12:40:31 -2.90 50.47 98.79
12:40:32 -3.28 50.47 98.79
12:40:33 -2.84 50.47 98.79
12:40:34 -3.30 50.47 98.79
12:40:35 -3.62 50.47 98.79
12:40:36 -3.28 50.47 98.79
12:40:37 -3.72 50.47 98.79
12:40:38 -2.35 50.47 98.79
12:40:39 2.93 50.47 98.79
12:40:40 21.66 50.47 98.79
12:40:41 61.97 50.47 98.79
12:40:42 123.41 50.47 98.79
12:40:43 189.76 50.47 98.79
12:40:44 239.05 50.47 98.79
12:40:45 254.93 50.47 98.79
12:40:46 238.86 50.47 98.79
12:40:47 201.86 50.47 98.79
12:40:48 158.85 50.47 98.79
12:40:49 116.55 50.47 98.79
12:40:50 79.58 50.47 98.79
12:40:51 50.93 50.47 98.79
12:40:52 32.94 50.47 98.79
12:40:53 26.46 50.47 98.79
12:40:54 17.14 50.47 98.79
12:40:55 10.86 50.47 98.79
12:40:56 7.21 50.47 98.79
12:40:57 4.13 50.47 98.79
12:40:58 2.39 50.47 98.80
12:40:59 0.52 50.47 98.79
12:41:00 -0.06 50.47 98.79
12:41:01 -1.26 50.47 98.79
12:41:02 -1.72 50.47 98.79
12:41:03 -2.00 50.47 98.79
12:41:04 -2.79 50.47 98.79
12:41:05 -3.25 50.47 98.79
12:41:06 -2.82 50.47 98.79
12:41:07 -3.44 50.47 98.79
12:41:08 -3.16 50.47 98.79
12:41:09 -3.62 50.47 98.79
12:41:10 -3.65 50.47 98.79
12:41:11 -3.61 50.47 98.79
12:41:12 -3.36 50.47 98.80
12:41:13 -4.16 50.47 98.80
12:41:14 -4.07 50.47 98.80
12:41:15 -3.78 50.47 98.79
12:41:16 -4.25 50.47 98.79
12:41:17 -4.32 50.47 98.79
12:41:18 -3.90 50.47 98.79
12:41:19 -4.40 50.47 98.79
12:41:20 -4.16 50.47 98.80
12:41:21 -4.03 50.47 98.80
12:41:22 -4.51 50.47 98.79
12:41:23 -4.54 50.47 98.79
12:41:24 -4.22 50.47 98.79
12:41:25 -4.40 50.47 98.79
12:41:26 -4.02 50.47 98.79
12:41:27 -4.16 50.47 98.79
12:41:28 -4.30 50.47 98.79
12:41:29 -4.28 50.47 98.79
12:41:30 -4.21 50.47 98.79
12:41:31 -2.06 50.47 98.79
12:41:32 6.11 50.47 98.79
12:41:33 31.00 50.47 98.79
12:41:34 79.19 50.47 98.79
12:41:35 147.07 50.47 98.79
12:41:36 181.77 50.47 98.79
12:41:37 236.73 50.47 98.79
12:41:38 261.86 50.47 98.79
12:41:39 251.56 50.47 98.79
12:41:40 217.61 50.47 98.79
12:41:41 173.13 50.47 98.79
12:41:42 130.92 50.47 98.79
12:41:43 89.11 50.47 98.79
12:41:44 58.08 50.47 98.80
12:41:45 38.42 50.47 98.79
12:41:46 25.40 50.47 98.79
12:41:47 17.19 50.47 98.79
12:41:48 11.92 50.47 98.79
12:41:49 7.86 50.47 98.79
12:41:50 5.42 50.47 98.79
12:41:51 2.98 50.47 98.79
12:41:52 1.94 50.47 98.79
12:41:53 0.39 50.47 98.79
12:41:54 -0.51 50.47 98.79
12:41:55 -0.69 50.47 98.79
12:41:56 -1.92 50.47 98.80
12:41:57 -1.76 50.47 98.80
12:41:58 -2.33 50.47 98.80
12:41:59 -3.30 50.47 98.79
12:42:00 -2.54 50.47 98.79
12:42:01 -3.26 50.47 98.80
12:42:02 -3.33 50.47 98.80
12:42:03 -3.20 50.47 98.80
12:42:04 -3.66 50.47 98.79
12:42:05 -3.65 50.47 98.79
12:42:06 -3.49 50.47 98.79
12:42:07 -3.82 50.47 98.79
12:42:08 -3.50 50.47 98.79
12:42:09 -1.32 50.47 98.79
12:42:10 4.41 50.47 98.79
12:42:11 16.78 50.47 98.79
12:42:12 34.47 50.47 98.79
12:42:13 52.64 50.47 98.79
12:42:14 65.00 50.47 98.79
12:42:15 68.43 50.47 98.79
12:42:16 62.64 50.47 98.79
12:42:17 52.25 50.47 98.79
12:42:18 39.90 50.47 98.79
12:42:19 33.64 50.47 98.79
12:42:20 20.60 50.47 98.79
12:42:21 11.95 50.47 98.79
12:42:22 6.12 50.47 98.79
12:42:23 2.81 50.47 98.79
12:42:24 0.15 50.47 98.79
12:42:25 -0.98 50.47 98.79
12:42:26 -1.79 50.47 98.79
12:42:27 -3.04 50.47 98.79
12:42:28 -3.11 50.47 98.79
12:42:29 -3.77 50.47 98.79
12:42:30 -3.94 50.47 98.79
12:42:31 -3.88 50.47 98.79
12:42:32 -4.53 50.47 98.80
12:42:33 -3.99 50.47 98.79
12:42:34 -4.26 50.47 98.79
12:42:35 -4.19 50.47 98.79
12:42:36 -4.19 50.47 98.79
12:42:37 -4.11 50.47 98.79
12:42:38 -4.63 50.47 98.79
12:42:39 -4.31 50.47 98.79
12:42:40 -4.32 50.47 98.79
12:42:41 -4.33 50.47 98.79
12:42:42 -3.83 50.47 98.79
12:42:43 -1.03 50.47 98.79
12:42:44 11.93 50.47 98.79
12:42:45 41.79 50.47 98.79
12:42:46 91.58 50.47 98.79
12:42:47 151.05 50.47 98.79
12:42:48 199.61 50.47 98.79
12:42:49 221.58 50.47 98.79
12:42:50 213.51 50.47 98.79
12:42:51 183.88 50.47 98.79
12:42:52 145.12 50.47 98.79
12:42:53 104.84 50.47 98.79
12:42:54 68.70 50.47 98.79
12:42:55 43.00 50.47 98.79
12:42:56 26.54 50.47 98.79
12:42:57 15.47 50.47 98.79
12:42:58 8.56 50.47 98.80
12:42:59 4.33 50.47 98.79
12:43:00 1.33 50.47 98.79
12:43:01 0.36 50.47 98.79
12:43:02 -1.38 50.47 98.79
12:43:03 -1.80 50.47 98.79
12:43:04 -2.43 50.47 98.79
12:43:05 -3.23 50.47 98.79
12:43:06 -3.22 50.47 98.79
12:43:07 -3.73 50.47 98.80
12:43:08 -3.77 50.47 98.79
12:43:09 -4.30 50.47 98.79
12:43:10 -3.78 50.47 98.79
12:43:11 -3.97 50.47 98.79
12:43:12 -4.29 50.47 98.79
12:43:13 -4.27 50.47 98.79
12:43:14 -4.68 50.47 98.79
12:43:15 -4.15 50.47 98.79
12:43:16 -4.39 50.47 98.79
12:43:17 -3.83 50.47 98.79
12:43:18 0.92 50.47 98.79
12:43:19 20.61 50.47 98.79
12:43:20 71.33 50.47 98.79
12:43:21 160.03 50.47 98.79
12:43:22 272.43 50.47 98.79
12:43:23 370.64 50.47 98.79
12:43:24 418.46 50.47 98.79
12:43:25 420.69 50.47 98.79
12:43:26 389.31 50.47 98.79
12:43:27 324.47 50.47 98.79
12:43:28 253.09 50.47 98.79
12:43:29 179.79 50.47 98.79
12:43:30 118.72 50.47 98.79
12:43:31 77.12 50.47 98.79
12:43:32 50.14 50.47 98.79
12:43:33 32.17 50.47 98.79
12:43:34 21.45 50.47 98.79
12:43:35 14.81 50.47 98.79
12:43:36 9.39 50.47 98.79
12:43:37 6.24 50.47 98.79
12:43:38 4.09 50.47 98.79
12:43:39 2.35 50.47 98.79
12:43:40 0.84 50.47 98.79
12:43:41 0.08 50.47 98.79
12:43:42 -0.95 50.47 98.79
12:43:43 -1.54 50.47 98.79
12:43:44 -1.53 50.47 98.80
12:43:45 -2.70 50.47 98.80
12:43:46 -2.93 50.47 98.80
12:43:47 -2.82 50.47 98.80
12:43:48 -3.00 50.47 98.79
12:43:49 -3.44 50.47 98.79
12:43:50 -3.11 50.47 98.79
12:43:51 -3.49 50.47 98.79
12:43:52 -3.70 50.47 98.79
12:43:53 -3.50 50.47 98.79
12:43:54 -3.77 50.47 98.79
12:43:55 -3.04 50.47 98.79
12:43:56 3.82 50.47 98.79
12:43:57 31.23 50.47 98.79
12:43:58 98.19 50.47 98.79
12:43:59 214.73 50.47 98.79
12:44:00 358.35 50.47 98.79
12:44:01 479.62 50.47 98.79
12:44:02 540.81 50.47 98.79
12:44:03 528.32 50.47 98.79
12:44:04 463.73 50.47 98.79
12:44:05 373.44 50.47 98.79
12:44:06 281.10 50.47 98.79
12:44:07 190.61 50.47 98.80
12:44:08 155.29 50.47 98.80
12:44:09 102.97 50.47 98.79
12:44:10 66.51 50.47 98.79
12:44:11 43.73 50.47 98.79
12:44:12 29.50 50.47 98.79
12:44:13 19.77 50.47 98.79
12:44:14 13.55 50.47 98.79
12:44:15 9.04 50.47 98.79
12:44:16 6.05 50.47 98.79
12:44:17 3.92 50.47 98.79
12:44:18 1.88 50.47 98.79
12:44:19 0.79 50.47 98.79
12:44:20 -0.39 50.47 98.79
12:44:21 -1.21 50.47 98.79
12:44:22 -2.05 50.47 98.79
12:44:23 -1.90 50.47 98.79
12:44:24 -2.49 50.47 98.79
12:44:25 -3.05 50.47 98.79
12:44:26 -2.90 50.47 98.79
12:44:27 -3.07 50.47 98.79
12:44:28 -3.68 50.47 98.80
12:44:29 -3.77 50.47 98.80
12:44:30 -3.45 50.47 98.80
12:44:31 -3.96 50.47 98.80
12:44:32 -3.67 50.47 98.80
12:44:33 -4.00 50.47 98.80
12:44:34 -4.27 50.47 98.79
12:44:35 -3.65 50.47 98.79
12:44:36 -3.86 50.47 98.80
12:44:37 -4.17 50.47 98.80
12:44:38 -3.97 50.47 98.79
12:44:39 -4.26 50.47 98.79
12:44:40 -4.41 50.47 98.80
12:44:41 -4.26 50.47 98.79
12:44:42 -4.16 50.47 98.79
12:44:43 -4.22 50.47 98.79
12:44:44 -4.52 50.47 98.79
12:44:45 -4.09 50.47 98.80
12:44:46 -4.29 50.47 98.79
12:44:47 -4.25 50.47 98.79
12:44:48 -4.14 50.47 98.79
12:44:49 -4.25 50.47 98.79
12:44:50 -4.37 50.47 98.79
12:44:51 -4.28 50.47 98.79
12:44:52 -4.41 50.47 98.80
12:44:53 -4.28 50.47 98.80
12:44:54 -4.67 50.47 98.80
12:44:55 -4.61 50.47 98.80
12:44:56 -4.21 50.47 98.80
12:44:57 -4.54 50.47 98.80
12:44:58 -4.79 50.47 98.79
12:44:59 -4.34 50.47 98.79
12:45:00 -4.68 50.47 98.79
12:45:01 -4.51 50.47 98.80
12:45:02 -4.49 50.47 98.80
12:45:03 -4.15 50.47 98.80
12:45:04 -4.68 50.47 98.80
12:45:05 -4.69 50.47 98.80
12:45:06 -4.38 50.47 98.80
12:45:07 -4.34 50.47 98.80
12:45:08 -3.94 50.47 98.79
12:45:09 -4.43 50.47 98.79
12:45:10 -4.34 50.47 98.79
12:45:11 -4.34 50.47 98.79
12:45:12 -4.59 50.47 98.79
12:45:13 -4.75 50.47 98.79
12:45:14 -4.12 50.47 98.79
12:45:15 -0.48 50.47 98.79
12:45:16 13.81 50.47 98.79
12:45:17 47.70 50.47 98.79
12:45:18 105.02 50.47 98.79
12:45:19 173.54 50.47 98.79
12:45:20 231.61 50.47 98.79
12:45:21 258.54 50.47 98.79
12:45:22 250.08 50.47 98.79
12:45:23 216.43 50.47 98.79
12:45:24 173.01 50.47 98.79
12:45:25 129.11 50.47 98.79
12:45:26 87.76 50.47 98.79
12:45:27 56.79 50.47 98.79
12:45:28 36.30 50.47 98.80
12:45:29 23.02 50.47 98.79
12:45:30 14.96 50.47 98.79
12:45:31 9.51 50.47 98.79
12:45:32 6.12 50.47 98.79
12:45:33 3.42 50.47 98.80
12:45:34 1.55 50.47 98.80
12:45:35 0.93 50.47 98.80
12:45:36 -0.12 50.47 98.80
12:45:37 -0.97 50.47 98.80
12:45:38 -1.27 50.47 98.79
12:45:39 -1.98 50.47 98.79
12:45:40 -2.60 50.47 98.80
12:45:41 -3.07 50.47 98.80
12:45:42 -2.95 50.47 98.80
12:45:43 -3.38 50.47 98.80
12:45:44 -3.77 50.47 98.79
12:45:45 -3.58 50.47 98.79
12:45:46 -3.91 50.47 98.80
12:45:47 -3.75 50.47 98.79
12:45:48 -3.82 50.47 98.79
12:45:49 -3.80 50.47 98.79
12:45:50 -4.11 50.47 98.79
12:45:51 -4.25 50.47 98.79
12:45:52 -4.39 50.47 98.80
12:45:53 -3.92 50.47 98.79
12:45:54 -4.48 50.47 98.79
12:45:55 -4.23 50.47 98.79
12:45:56 -4.21 50.47 98.79
12:45:57 -4.20 50.47 98.80
12:45:58 -4.45 50.47 98.79
12:45:59 -4.47 50.47 98.79
12:46:00 -4.18 50.47 98.79
12:46:01 -4.34 50.47 98.79
12:46:02 -4.46 50.47 98.79
12:46:03 -4.16 50.47 98.79
12:46:04 -3.92 50.47 98.79
12:46:05 -4.51 50.47 98.79
12:46:06 -4.68 50.47 98.79
12:46:07 -3.55 50.47 98.79
12:46:08 -0.37 50.47 98.79
12:46:09 10.96 50.47 98.79
12:46:10 34.47 50.47 98.79
12:46:11 69.05 50.47 98.79
12:46:12 105.42 50.47 98.79
12:46:13 130.69 50.47 98.79
12:46:14 138.04 50.47 98.79
12:46:15 127.38 50.47 98.79
12:46:16 106.95 50.47 98.79
12:46:17 82.03 50.47 98.79
12:46:18 70.71 50.47 98.79
12:46:19 49.31 50.47 98.79
12:46:20 30.75 50.47 98.79
12:46:21 19.70 50.47 98.79
12:46:22 12.25 50.47 98.79
12:46:23 7.66 50.47 98.79
12:46:24 4.62 50.47 98.79
12:46:25 2.36 50.47 98.80
12:46:26 1.18 50.47 98.79
12:46:27 0.10 50.47 98.79
12:46:28 -1.15 50.47 98.79
12:46:29 -1.50 50.47 98.80
12:46:30 -1.92 50.47 98.80
12:46:31 -2.54 50.47 98.80
12:46:32 -2.35 50.47 98.80
12:46:33 -3.33 50.47 98.80
12:46:34 -3.14 50.47 98.80
12:46:35 -3.74 50.47 98.79
12:46:36 -3.67 50.47 98.79
12:46:37 -3.63 50.47 98.79
12:46:38 -3.41 50.47 98.79
12:46:39 -3.71 50.47 98.79
12:46:40 -4.10 50.47 98.79
12:46:41 -4.04 50.47 98.79
12:46:42 -3.93 50.47 98.79
12:46:43 -3.31 50.47 98.79
12:46:44 1.94 50.47 98.79
12:46:45 17.13 50.47 98.79
12:46:46 48.62 50.47 98.79
12:46:47 92.63 50.47 98.79
12:46:48 138.49 50.47 98.79
12:46:49 169.27 50.47 98.79
12:46:50 176.48 50.47 98.80
12:46:51 161.80 50.47 98.79
12:46:52 134.56 50.47 98.79
12:46:53 103.49 50.47 98.79
12:46:54 72.72 50.47 98.79
12:46:55 46.64 50.47 98.79
12:46:56 29.37 50.47 98.79
12:46:57 17.67 50.47 98.80
12:46:58 10.42 50.47 98.80
12:46:59 5.78 50.47 98.80
12:47:00 3.37 50.47 98.80
12:47:01 0.93 50.47 98.80
12:47:02 0.24 50.47 98.80
12:47:03 -0.68 50.47 98.80
12:47:04 -2.17 50.47 98.80
12:47:05 -2.42 50.47 98.80
12:47:06 -3.10 50.47 98.80
12:47:07 -3.00 50.47 98.80
12:47:08 -3.14 50.47 98.80
12:47:09 -3.99 50.47 98.80
12:47:10 -3.69 50.47 98.80
12:47:11 -3.98 50.47 98.80
12:47:12 -4.23 50.47 98.80
12:47:13 -4.29 50.47 98.80
12:47:14 -3.80 50.47 98.80
12:47:15 -4.04 50.47 98.80
12:47:16 -4.51 50.47 98.80
12:47:17 -4.08 50.47 98.80
12:47:18 -3.51 50.47 98.80
12:47:19 0.46 50.47 98.79
12:47:20 14.59 50.47 98.79
12:47:21 47.26 50.47 98.80
12:47:22 97.64 50.47 98.80
12:47:23 126.24 50.47 98.80
12:47:24 178.15 50.47 98.80
12:47:25 208.89 50.47 98.80
12:47:26 209.51 50.47 98.80
12:47:27 186.85 50.47 98.80
12:47:28 153.85 50.47 98.80
12:47:29 117.57 50.47 98.80
12:47:30 81.01 50.47 98.80
12:47:31 53.10 50.47 98.80
12:47:32 35.41 50.47 98.80
12:47:33 23.58 50.47 98.80
12:47:34 15.36 50.47 98.80
12:47:35 10.16 50.47 98.80
12:47:36 7.05 50.47 98.80
12:47:37 4.37 50.47 98.80
12:47:38 2.82 50.47 98.80
12:47:39 1.24 50.47 98.80
12:47:40 0.05 50.47 98.80
12:47:41 -0.58 50.47 98.79
12:47:42 -1.31 50.47 98.80
12:47:43 -2.23 50.47 98.80
12:47:44 -2.41 50.47 98.80
12:47:45 -2.54 50.47 98.80
12:47:46 -2.73 50.47 98.80
12:47:47 -3.41 50.47 98.80
12:47:48 -3.29 50.47 98.80
12:47:49 -3.35 50.47 98.79
12:47:50 -3.80 50.47 98.79
12:47:51 -3.65 50.47 98.80
12:47:52 -3.79 50.47 98.79
12:47:53 -3.77 50.47 98.79
12:47:54 -2.87 50.47 98.79
12:47:55 0.79 50.47 98.79
12:47:56 10.79 50.47 98.80
12:47:57 29.35 50.47 98.80
12:47:58 53.93 50.47 98.80
12:47:59 75.74 50.47 98.80
12:48:00 88.42 50.47 98.80
12:48:01 88.49 50.47 98.80
12:48:02 78.17 50.47 98.79
12:48:03 63.00 50.47 98.79
12:48:04 46.96 50.47 98.80
12:48:05 31.25 50.47 98.80
12:48:06 19.59 50.47 98.80
12:48:07 15.37 50.47 98.80
12:48:08 9.22 50.47 98.80
12:48:09 4.98 50.47 98.80
12:48:10 2.93 50.47 98.80
12:48:11 1.10 50.47 98.80
12:48:12 -0.56 50.47 98.80
12:48:13 -1.14 50.47 98.80
12:48:14 -1.44 50.47 98.80
12:48:15 -1.94 50.47 98.80
12:48:16 -2.32 50.47 98.80
12:48:17 -2.86 50.47 98.80
12:48:18 -3.15 50.47 98.80
12:48:19 -3.13 50.47 98.80
12:48:20 -3.79 50.47 98.80
12:48:21 -3.38 50.47 98.80
12:48:22 -3.80 50.47 98.80
12:48:23 -3.94 50.47 98.80
12:48:24 -3.87 50.47 98.80
12:48:25 -3.98 50.47 98.80
12:48:26 -3.92 50.47 98.80
12:48:27 -4.38 50.47 98.80
12:48:28 -4.41 50.47 98.80
12:48:29 -4.18 50.47 98.80
12:48:30 -3.92 50.47 98.80
12:48:31 -4.30 50.47 98.80
12:48:32 -4.25 50.47 98.80
12:48:33 -4.40 50.47 98.80
12:48:34 -4.51 50.47 98.80
12:48:35 -4.53 50.47 98.80
12:48:36 -4.11 50.47 98.80
12:48:37 -4.63 50.47 98.80
12:48:38 -4.20 50.47 98.80
12:48:39 -4.55 50.47 98.80
12:48:40 -4.63 50.47 98.80
12:48:41 -4.25 50.47 98.80
12:48:42 -4.50 50.47 98.80
12:48:43 -4.38 50.47 98.80
12:48:44 -4.45 50.47 98.80
12:48:45 -4.29 50.47 98.80
12:48:46 -4.22 50.47 98.80
12:48:47 -4.60 50.47 98.80
12:48:48 -4.23 50.47 98.80
12:48:49 -4.72 50.47 98.80
12:48:50 -4.40 50.47 98.80
12:48:51 -4.55 50.47 98.80
12:48:52 -4.57 50.47 98.80
12:48:53 -4.47 50.47 98.80
12:48:54 -4.39 50.47 98.80
12:48:55 -4.74 50.47 98.80
12:48:56 -4.28 50.47 98.80
12:48:57 -4.57 50.47 98.80
12:48:58 -4.51 50.47 98.80
12:48:59 -4.19 50.47 98.80
12:49:00 -4.71 50.47 98.80
12:49:01 -4.41 50.47 98.80
12:49:02 -4.61 50.47 98.80
12:49:03 -4.34 50.47 98.80
12:49:04 -4.51 50.47 98.80
12:49:05 -4.74 50.47 98.80
12:49:06 -4.57 50.47 98.80
12:49:07 -4.44 50.47 98.80
12:49:08 -4.37 50.47 98.79
12:49:09 -3.82 50.47 98.79
12:49:10 -0.01 50.47 98.79
12:49:11 12.60 50.47 98.80
12:49:12 23.08 50.47 98.80
12:49:13 54.63 50.47 98.79
12:49:14 93.50 50.47 98.79
12:49:15 127.19 50.47 98.80
12:49:16 143.81 50.47 98.80
12:49:17 140.77 50.47 98.80
12:49:18 122.44 50.47 98.79
12:49:19 98.05 50.47 98.79
12:49:20 72.39 50.47 98.80
12:49:21 47.96 50.47 98.80
12:49:22 30.51 50.47 98.80
12:49:23 18.93 50.47 98.80
12:49:24 11.46 50.47 98.80
12:49:25 6.56 50.47 98.80
12:49:26 3.68 50.47 98.80
12:49:27 1.73 50.47 98.80
12:49:28 0.27 50.47 98.80
12:49:29 -0.98 50.47 98.80
12:49:30 -1.71 50.47 98.80
12:49:31 -2.25 50.47 98.80
12:49:32 -2.49 50.47 98.80
12:49:33 -2.98 50.47 98.80
12:49:34 -3.22 50.47 98.80
12:49:35 -3.45 50.47 98.80
12:49:36 -3.64 50.47 98.80
12:49:37 -3.94 50.47 98.80
12:49:38 -3.96 50.47 98.80
12:49:39 -3.72 50.47 98.80
12:49:40 -4.37 50.47 98.80
12:49:41 -4.55 50.47 98.80
12:49:42 -4.21 50.47 98.80
12:49:43 -4.19 50.47 98.80
12:49:44 -4.82 50.47 98.80
12:49:45 -3.91 50.47 98.80
12:49:46 -4.62 50.47 98.79
12:49:47 -4.77 50.47 98.79
12:49:48 -4.24 50.47 98.80
12:49:49 -4.70 50.47 98.80
12:49:50 -4.23 50.47 98.80
12:49:51 -2.06 50.47 98.80
12:49:52 7.38 50.47 98.80
12:49:53 32.49 50.47 98.80
12:49:54 76.97 50.47 98.80
12:49:55 105.57 50.47 98.80
12:49:56 163.16 50.47 98.80
12:49:57 205.93 50.47 98.80
12:49:58 220.09 50.47 98.80
12:49:59 205.71 50.47 98.80
12:50:00 174.35 50.47 98.80
12:50:01 136.79 50.47 98.80
12:50:02 99.62 50.47 98.80
12:50:03 66.39 50.47 98.80
12:50:04 43.63 50.47 98.80
12:50:05 28.37 50.47 98.80
12:50:06 19.49 50.47 98.80
12:50:07 12.76 50.47 98.80
12:50:08 8.68 50.47 98.80
12:50:09 5.26 50.47 98.80
12:50:10 3.77 50.47 98.80
12:50:11 2.26 50.47 98.80
12:50:12 0.69 50.47 98.80
12:50:13 0.12 50.47 98.80
12:50:14 -0.48 50.47 98.80
12:50:15 -1.41 50.47 98.80
12:50:16 -1.84 50.47 98.80
12:50:17 -1.85 50.47 98.80
12:50:18 -2.50 50.47 98.80
12:50:19 -2.76 50.47 98.80
12:50:20 -3.13 50.47 98.80
12:50:21 -3.40 50.47 98.80
12:50:22 -3.26 50.47 98.80
12:50:23 -3.61 50.47 98.80
12:50:24 -3.46 50.47 98.80
12:50:25 -3.94 50.47 98.80
12:50:26 -3.78 50.47 98.80
12:50:27 -3.76 50.47 98.80
12:50:28 -2.25 50.47 98.80
12:50:29 3.54 50.47 98.80
12:50:30 22.17 50.47 98.80
12:50:31 61.56 50.47 98.80
12:50:32 118.36 50.47 98.79
12:50:33 176.24 50.47 98.79
12:50:34 215.62 50.47 98.80
12:50:35 224.12 50.47 98.80
12:50:36 206.38 50.47 98.80
12:50:37 171.96 50.47 98.80
12:50:38 132.92 50.47 98.80
12:50:39 113.06 50.47 98.80
12:50:40 76.58 50.47 98.80
12:50:41 49.90 50.47 98.80
12:50:42 32.36 50.47 98.80
12:50:43 20.97 50.47 98.80
12:50:44 13.65 50.47 98.80
12:50:45 9.02 50.47 98.80
12:50:46 5.74 50.47 98.80
12:50:47 3.56 50.47 98.80
12:50:48 1.69 50.47 98.80
12:50:49 0.44 50.47 98.80
12:50:50 -0.22 50.47 98.80
12:50:51 -1.13 50.47 98.80
12:50:52 -1.59 50.47 98.80
12:50:53 -1.80 50.47 98.80
12:50:54 -2.97 50.47 98.80
12:50:55 -3.35 50.47 98.80
12:50:56 -2.97 50.47 98.80
12:50:57 -3.30 50.47 98.80
12:50:58 -3.62 50.47 98.80
12:50:59 -3.59 50.47 98.80
12:51:00 -3.64 50.47 98.80
12:51:01 -3.61 50.47 98.80
12:51:02 -4.07 50.47 98.80
12:51:03 -4.05 50.47 98.80
12:51:04 -3.86 50.47 98.80
12:51:05 -3.54 50.47 98.80
12:51:06 -1.94 50.47 98.79
12:51:07 4.99 50.47 98.79
12:51:08 24.13 50.47 98.79
12:51:09 60.25 50.47 98.79
12:51:10 105.13 50.47 98.79
12:51:11 146.84 50.47 98.79
12:51:12 169.44 50.47 98.79
12:51:13 169.61 50.47 98.79
12:51:14 149.48 50.47 98.79
12:51:15 120.82 50.47 98.80
12:51:16 90.07 50.47 98.80
12:51:17 60.60 50.47 98.80
12:51:18 38.46 50.47 98.80
12:51:19 23.98 50.47 98.80
12:51:20 14.83 50.47 98.80
12:51:21 9.20 50.47 98.80
12:51:22 7.27 50.47 98.80
12:51:23 3.54 50.47 98.80
12:51:24 1.85 50.47 98.80
12:51:25 0.48 50.47 98.80
12:51:26 -0.84 50.47 98.80
12:51:27 -1.58 50.47 98.80
12:51:28 -1.99 50.47 98.80
12:51:29 -2.20 50.47 98.80
12:51:30 -2.80 50.47 98.80
12:51:31 -3.23 50.47 98.80
12:51:32 -3.58 50.47 98.80
12:51:33 -3.91 50.47 98.80
12:51:34 -3.84 50.47 98.80
12:51:35 -3.65 50.47 98.80
12:51:36 -3.62 50.47 98.80
12:51:37 -3.75 50.47 98.80
12:51:38 -3.90 50.47 98.80
12:51:39 -4.11 50.47 98.80
12:51:40 -3.25 50.47 98.80
12:51:41 0.33 50.47 98.80
12:51:42 14.66 50.47 98.80
12:51:43 47.87 50.47 98.79
12:51:44 72.35 50.47 98.79
12:51:45 130.51 50.47 98.80
12:51:46 186.00 50.47 98.79
12:51:47 220.51 50.47 98.79
12:51:48 223.74 50.47 98.80
12:51:49 202.40 50.47 98.80
12:51:50 167.46 50.47 98.80
12:51:51 129.80 50.47 98.80
12:51:52 93.78 50.47 98.80
12:51:53 62.63 50.47 98.80
12:51:54 41.86 50.47 98.80
12:51:55 28.80 50.47 98.79
12:51:56 19.80 50.47 98.79
12:51:57 13.85 50.47 98.80
12:51:58 9.99 50.47 98.80
12:51:59 7.14 50.47 98.80
12:52:00 4.94 50.47 98.80
12:52:01 3.43 50.47 98.80
12:52:02 2.12 50.47 98.80
12:52:03 0.71 50.47 98.80
12:52:04 0.04 50.47 98.80
12:52:05 -0.04 50.47 98.79
12:52:06 -0.91 50.47 98.79
12:52:07 -1.49 50.47 98.80
12:52:08 -1.70 50.47 98.80
12:52:09 -2.04 50.47 98.80
12:52:10 -2.62 50.47 98.80
12:52:11 -2.69 50.47 98.80
12:52:12 -3.21 50.47 98.80
12:52:13 -2.82 50.47 98.80
12:52:14 -3.31 50.47 98.79
12:52:15 -3.39 50.47 98.79
12:52:16 -3.62 50.47 98.80
12:52:17 -3.57 50.47 98.80
12:52:18 -4.04 50.47 98.80
12:52:19 -3.72 50.47 98.80
12:52:20 -3.98 50.47 98.80
12:52:21 -3.76 50.47 98.79
12:52:22 -4.03 50.47 98.79
12:52:23 -4.51 50.47 98.79
12:52:24 -4.15 50.47 98.79
12:52:25 -4.23 50.47 98.79
12:52:26 -4.27 50.47 98.80
12:52:27 -4.36 50.47 98.80
12:52:28 -4.34 50.47 98.80
12:52:29 -4.20 50.47 98.80
12:52:30 -4.46 50.47 98.80
12:52:31 -3.99 50.47 98.80
12:52:32 -4.39 50.47 98.80
12:52:33 -4.71 50.47 98.80
12:52:34 -4.28 50.47 98.79
12:52:35 -4.63 50.47 98.79
12:52:36 -4.05 50.47 98.80
12:52:37 -4.76 50.47 98.80
12:52:38 -4.28 50.47 98.80
12:52:39 -4.43 50.47 98.80
12:52:40 -4.44 50.47 98.80
12:52:41 -4.57 50.47 98.80
12:52:42 -4.63 50.47 98.80
12:52:43 -4.14 50.47 98.80
12:52:44 -4.79 50.47 98.80
12:52:45 -4.57 50.47 98.80
12:52:46 -4.56 50.47 98.80
12:52:47 -4.57 50.47 98.80
12:52:48 -4.37 50.47 98.80
12:52:49 -4.39 50.47 98.80
12:52:50 -4.47 50.47 98.80
12:52:51 -4.38 50.47 98.80
12:52:52 -4.79 50.47 98.80
12:52:53 -4.36 50.47 98.79
12:52:54 -4.85 50.47 98.79
12:52:55 -4.00 50.47 98.80
12:52:56 -1.32 50.47 98.80
12:52:57 10.74 50.47 98.79
12:52:58 42.73 50.47 98.79
12:52:59 99.68 50.47 98.80
12:53:00 173.51 50.47 98.79
12:53:01 238.95 50.47 98.79
12:53:02 274.36 50.47 98.79
12:53:03 272.31 50.47 98.79
12:53:04 240.24 50.47 98.79
12:53:05 194.73 50.47 98.79
12:53:06 148.18 50.47 98.80
12:53:07 101.60 50.47 98.80
12:53:08 66.67 50.47 98.80
12:53:09 44.09 50.47 98.80
12:53:10 29.52 50.47 98.80
12:53:11 24.26 50.47 98.80
12:53:12 16.28 50.47 98.79
12:53:13 11.37 50.47 98.79
12:53:14 7.68 50.47 98.80
12:53:15 5.23 50.47 98.80
12:53:16 3.43 50.47 98.80
12:53:17 1.76 50.47 98.80
12:53:18 0.86 50.47 98.80
12:53:19 0.21 50.47 98.80
12:53:20 -0.76 50.47 98.80
12:53:21 -1.36 50.47 98.80
12:53:22 -1.26 50.47 98.80
12:53:23 -2.40 50.47 98.80
12:53:24 -2.84 50.47 98.80
12:53:25 -2.83 50.47 98.80
12:53:26 -3.05 50.47 98.80
12:53:27 -3.18 50.47 98.80
12:53:28 -3.45 50.47 98.79
12:53:29 -3.11 50.47 98.79
12:53:30 -3.64 50.47 98.79
12:53:31 -3.49 50.47 98.79
12:53:32 -3.51 50.47 98.79
12:53:33 -2.47 50.47 98.79
12:53:34 2.93 50.47 98.79
12:53:35 20.05 50.47 98.79
12:53:36 56.91 50.47 98.79
12:53:37 108.02 50.47 98.79
12:53:38 161.65 50.47 98.79
12:53:39 197.13 50.47 98.79
12:53:40 204.70 50.47 98.79
12:53:41 187.81 50.47 98.79
12:53:42 156.28 50.47 98.79
12:53:43 120.47 50.47 98.79
12:53:44 86.81 50.47 98.79
12:53:45 56.17 50.47 98.79
12:53:46 35.84 50.47 98.79
12:53:47 23.14 50.47 98.79
12:53:48 14.43 50.47 98.79
12:53:49 9.53 50.47 98.79
12:53:50 5.80 50.47 98.79
12:53:51 3.49 50.47 98.79
12:53:52 2.28 50.47 98.79
12:53:53 0.24 50.47 98.80
12:53:54 0.24 50.47 98.80
12:53:55 -0.79 50.47 98.79
12:53:56 -1.48 50.47 98.79
12:53:57 -2.10 50.47 98.80
12:53:58 -2.37 50.47 98.80
12:53:59 -3.07 50.47 98.80
12:54:00 -3.37 50.47 98.79
12:54:01 -3.38 50.47 98.79
12:54:02 -3.41 50.47 98.79
12:54:03 -3.66 50.47 98.79
12:54:04 -3.45 50.47 98.79
12:54:05 -4.01 50.47 98.79
12:54:06 -4.08 50.47 98.79
12:54:07 -4.21 50.47 98.79
12:54:08 -3.42 50.47 98.79
12:54:09 -0.27 50.47 98.79
12:54:10 10.49 50.47 98.79
12:54:11 35.52 50.47 98.79
12:54:12 77.25 50.47 98.79
12:54:13 125.52 50.47 98.79
12:54:14 163.23 50.47 98.79
12:54:15 179.71 50.47 98.79
12:54:16 178.79 50.47 98.79
12:54:17 161.88 50.47 98.79
12:54:18 132.22 50.47 98.79
12:54:19 101.45 50.47 98.79
12:54:20 71.21 50.47 98.79
12:54:21 45.77 50.47 98.79
12:54:22 28.71 50.47 98.79
12:54:23 18.06 50.47 98.79
12:54:24 10.77 50.47 98.79
12:54:25 7.02 50.47 98.79
12:54:26 3.59 50.47 98.79
12:54:27 1.98 50.47 98.79
12:54:28 0.18 50.47 98.79
12:54:29 -0.94 50.47 98.79
12:54:30 -1.46 50.47 98.79
12:54:31 -2.56 50.47 98.79
12:54:32 -2.29 50.47 98.79
12:54:33 -3.05 50.47 98.79
12:54:34 -3.04 50.47 98.79
12:54:35 -3.77 50.47 98.80
12:54:36 -3.54 50.47 98.80
12:54:37 -3.67 50.47 98.80
12:54:38 -3.59 50.47 98.79
12:54:39 -3.83 50.47 98.79
12:54:40 -3.78 50.47 98.79
12:54:41 -3.60 50.47 98.79
12:54:42 -4.08 50.47 98.79
12:54:43 -4.13 50.47 98.79
12:54:44 -4.31 50.47 98.79
12:54:45 -3.71 50.47 98.79
12:54:46 -1.88 50.47 98.79
12:54:47 6.92 50.47 98.79
12:54:48 26.48 50.47 98.79
12:54:49 59.53 50.47 98.79
12:54:50 97.60 50.47 98.79
12:54:51 129.55 50.47 98.79
12:54:52 142.85 50.47 98.79
12:54:53 137.56 50.47 98.79
12:54:54 119.20 50.47 98.79
12:54:55 94.32 50.47 98.79
12:54:56 69.20 50.47 98.79
12:54:57 46.50 50.47 98.79
12:54:58 29.13 50.47 98.79
12:54:59 22.92 50.47 98.79
12:55:00 13.91 50.47 98.79
12:55:01 8.78 50.47 98.79
12:55:02 4.62 50.47 98.79
12:55:03 2.34 50.47 98.80
12:55:04 0.70 50.47 98.79
12:55:05 -0.32 50.47 98.79
12:55:06 -1.45 50.47 98.79
12:55:07 -1.80 50.47 98.79
12:55:08 -2.42 50.47 98.80
12:55:09 -2.80 50.47 98.80
12:55:10 -3.23 50.47 98.80
12:55:11 -3.30 50.47 98.79
12:55:12 -3.91 50.47 98.79
12:55:13 -3.70 50.47 98.79
12:55:14 -3.99 50.47 98.79
12:55:15 -4.04 50.47 98.79
12:55:16 -3.97 50.47 98.79
12:55:17 -3.94 50.47 98.79
12:55:18 -3.93 50.47 98.79
12:55:19 -4.07 50.47 98.79
12:55:20 -3.20 50.47 98.79
12:55:21 -1.32 50.47 98.79
12:55:22 8.38 50.47 98.79
12:55:23 29.96 50.47 98.79
12:55:24 65.84 50.47 98.79
12:55:25 106.15 50.47 98.79
12:55:26 137.80 50.47 98.79
12:55:27 150.71 50.47 98.79
12:55:28 143.59 50.47 98.79
12:55:29 123.40 50.47 98.79
12:55:30 96.84 50.47 98.79
12:55:31 71.13 50.47 98.79
12:55:32 46.73 50.47 98.79
12:55:33 29.79 50.47 98.80
12:55:34 18.58 50.47 98.80
12:55:35 11.08 50.47 98.80
12:55:36 7.17 50.47 98.80
12:55:37 3.97 50.47 98.80
12:55:38 1.87 50.47 98.80
12:55:39 0.70 50.47 98.80
12:55:40 -0.59 50.47 98.79
12:55:41 -1.26 50.47 98.79
12:55:42 -2.04 50.47 98.79
12:55:43 -2.43 50.47 98.79
12:55:44 -3.09 50.47 98.79
12:55:45 -3.00 50.47 98.79
12:55:46 -3.45 50.47 98.80
12:55:47 -3.61 50.47 98.80
12:55:48 -3.51 50.47 98.79
12:55:49 -3.75 50.47 98.79
12:55:50 -4.10 50.47 98.80
12:55:51 -4.11 50.47 98.79
12:55:52 -4.48 50.47 98.79
12:55:53 -4.00 50.47 98.80
12:55:54 -4.37 50.47 98.80
12:55:55 -3.97 50.47 98.80
12:55:56 -4.46 50.47 98.80
12:55:57 -4.14 50.47 98.79
12:55:58 -4.31 50.47 98.79
12:55:59 -4.70 50.47 98.80
12:56:00 -4.47 50.47 98.80
12:56:01 -3.99 50.47 98.80
12:56:02 -4.73 50.47 98.80
12:56:03 -4.22 50.47 98.80
12:56:04 -4.31 50.47 98.79
12:56:05 -4.48 50.47 98.79
12:56:06 -4.62 50.47 98.80
12:56:07 -4.61 50.47 98.80
12:56:08 -4.82 50.47 98.80
12:56:09 -4.28 50.47 98.80
12:56:10 -4.62 50.47 98.80
12:56:11 -4.91 50.47 98.80
12:56:12 -4.35 50.47 98.80
12:56:13 -4.76 50.47 98.80
12:56:14 -4.45 50.47 98.80
12:56:15 -4.91 50.47 98.80
12:56:16 -4.77 50.47 98.80
12:56:17 -4.33 50.47 98.80
12:56:18 -4.73 50.47 98.80
12:56:19 -4.64 50.47 98.80
12:56:20 -4.72 50.47 98.80
12:56:21 -4.43 50.47 98.80
12:56:22 -4.55 50.47 98.80
12:56:23 -4.80 50.47 98.80
12:56:24 -4.27 50.47 98.80
12:56:25 -4.79 50.47 98.80
12:56:26 -4.82 50.47 98.80
12:56:27 -4.75 50.47 98.80
12:56:28 -4.85 50.47 98.80
12:56:29 -4.62 50.47 98.80
12:56:30 -4.58 50.47 98.80
12:56:31 -4.55 50.47 98.80
12:56:32 -4.66 50.47 98.80
12:56:33 -4.60 50.47 98.80
12:56:34 -4.66 50.47 98.79
12:56:35 -4.63 50.47 98.79
12:56:36 -4.89 50.47 98.80
12:56:37 -4.63 50.47 98.80
12:56:38 -4.65 50.47 98.80
12:56:39 -4.82 50.47 98.80
12:56:40 -4.40 50.47 98.80
12:56:41 -4.81 50.47 98.80
12:56:42 -4.35 50.47 98.80
12:56:43 -4.67 50.47 98.80
12:56:44 -4.38 50.47 98.80
12:56:45 -4.59 50.47 98.80
12:56:46 -4.62 50.47 98.80
12:56:47 -4.62 50.47 98.80
12:56:48 -4.69 50.47 98.80
12:56:49 -4.56 50.47 98.80
12:56:50 -4.83 50.47 98.80
12:56:51 -4.55 50.47 98.80
12:56:52 -4.66 50.47 98.80
12:56:53 -4.47 50.47 98.80
12:56:54 -4.75 50.47 98.80
12:56:55 -3.84 50.47 98.80
12:56:56 0.40 50.47 98.80
12:56:57 17.14 50.47 98.80
12:56:58 56.43 50.47 98.80
12:56:59 124.53 50.47 98.80
12:57:00 203.84 50.47 98.80
12:57:01 270.48 50.47 98.80
12:57:02 299.27 50.47 98.80
12:57:03 290.09 50.47 98.80
12:57:04 250.62 50.47 98.80
12:57:05 199.51 50.47 98.80
12:57:06 148.92 50.47 98.80
12:57:07 101.32 50.47 98.80
12:57:08 65.88 50.47 98.80
12:57:09 52.91 50.47 98.80
12:57:10 34.15 50.47 98.80
12:57:11 22.05 50.47 98.80
12:57:12 14.56 50.47 98.80
12:57:13 9.31 50.47 98.80
12:57:14 6.10 50.47 98.80
12:57:15 3.65 50.47 98.80
12:57:16 1.96 50.47 98.80
12:57:17 0.74 50.47 98.80
12:57:18 -0.47 50.47 98.80
12:57:19 -1.00 50.47 98.80
12:57:20 -1.96 50.47 98.80
12:57:21 -1.92 50.47 98.80
12:57:22 -2.75 50.47 98.80
12:57:23 -2.77 50.47 98.80
12:57:24 -3.01 50.47 98.80
12:57:25 -3.56 50.47 98.80
12:57:26 -3.67 50.47 98.80
12:57:27 -3.88 50.47 98.80
12:57:28 -3.75 50.47 98.80
12:57:29 -4.22 50.47 98.80
12:57:30 -3.80 50.47 98.80
12:57:31 -3.97 50.47 98.80
12:57:32 -4.22 50.47 98.80
12:57:33 -4.07 50.47 98.80
12:57:34 -3.92 50.47 98.80
12:57:35 -4.45 50.47 98.80
12:57:36 -4.59 50.47 98.80
12:57:37 -4.51 50.47 98.80
12:57:38 -4.00 50.47 98.80
12:57:39 -4.10 50.47 98.80
12:57:40 -4.43 50.47 98.80
12:57:41 -4.34 50.47 98.80
12:57:42 -4.39 50.47 98.80
12:57:43 -4.65 50.47 98.80
12:57:44 -4.45 50.47 98.80
12:57:45 -3.74 50.47 98.80
12:57:46 0.32 50.47 98.80
12:57:47 12.31 50.47 98.80
12:57:48 40.77 50.47 98.80
12:57:49 84.08 50.47 98.80
12:57:50 133.07 50.47 98.80
12:57:51 170.77 50.47 98.80
12:57:52 184.86 50.47 98.80
12:57:53 182.92 50.47 98.80
12:57:54 163.31 50.47 98.79
12:57:55 132.88 50.47 98.79
12:57:56 100.58 50.47 98.80
12:57:57 71.13 50.47 98.80
12:57:58 44.68 50.47 98.80
12:57:59 27.57 50.47 98.80
12:58:00 17.11 50.47 98.80
12:58:01 9.86 50.47 98.80
12:58:02 5.65 50.47 98.80
12:58:03 2.48 50.47 98.80
12:58:04 0.52 50.47 98.80
12:58:05 -0.93 50.47 98.80
12:58:06 -1.57 50.47 98.80
12:58:07 -2.01 50.47 98.80
12:58:08 -2.86 50.47 98.80
12:58:09 -3.10 50.47 98.80
12:58:10 -3.33 50.47 98.80
12:58:11 -3.90 50.47 98.80
12:58:12 -3.87 50.47 98.80
12:58:13 -4.33 50.47 98.80
12:58:14 -4.28 50.47 98.80
12:58:15 -3.90 50.47 98.80
12:58:16 -4.45 50.47 98.80
12:58:17 -4.24 50.47 98.80
12:58:18 -4.78 50.47 98.80
12:58:19 -4.33 50.47 98.80
12:58:20 -4.42 50.47 98.80
12:58:21 -4.68 50.47 98.80
12:58:22 -4.45 50.47 98.80
12:58:23 -4.21 50.47 98.80
12:58:24 -4.56 50.47 98.80
12:58:25 -4.77 50.47 98.80
12:58:26 -4.59 50.47 98.80
12:58:27 -4.68 50.47 98.80
12:58:28 -4.84 50.47 98.80
12:58:29 -4.63 50.47 98.80
12:58:30 -4.24 50.47 98.80
12:58:31 -4.52 50.47 98.80
12:58:32 -4.31 50.47 98.80
12:58:33 -4.74 50.47 98.80
12:58:34 -2.84 50.47 98.80
12:58:35 4.16 50.47 98.80
12:58:36 11.01 50.47 98.80
12:58:37 33.52 50.47 98.80
12:58:38 65.69 50.47 98.80
12:58:39 98.29 50.47 98.80
12:58:40 120.23 50.47 98.80
12:58:41 124.90 50.47 98.80
12:58:42 115.00 50.47 98.80
12:58:43 95.39 50.47 98.80
12:58:44 73.12 50.47 98.80
12:58:45 51.18 50.47 98.80
12:58:46 32.84 50.47 98.80
12:58:47 20.50 50.47 98.80
12:58:48 12.61 50.47 98.80
12:58:49 8.13 50.47 98.80
12:58:50 4.38 50.47 98.80
12:58:51 1.64 50.47 98.80
12:58:52 0.90 50.47 98.80
12:58:53 -0.36 50.47 98.80
12:58:54 -1.40 50.47 98.80
12:58:55 -2.14 50.47 98.80
12:58:56 -2.68 50.47 98.80
12:58:57 -3.00 50.47 98.80
12:58:58 -3.26 50.47 98.80
12:58:59 -3.65 50.47 98.80
12:59:00 -3.60 50.47 98.80
12:59:01 -3.60 50.47 98.80
12:59:02 -3.87 50.47 98.80
12:59:03 -4.07 50.47 98.80
12:59:04 -4.11 50.47 98.80
12:59:05 -4.23 50.47 98.80
12:59:06 -4.44 50.47 98.80
12:59:07 -3.87 50.47 98.80
12:59:08 -3.92 50.47 98.80
12:59:09 -3.16 50.47 98.80
12:59:10 1.23 50.47 98.80
12:59:11 11.93 50.47 98.79
12:59:12 29.75 50.47 98.79
12:59:13 51.69 50.47 98.80
12:59:14 69.61 50.47 98.79
12:59:15 78.80 50.47 98.79
12:59:16 76.67 50.47 98.80
12:59:17 66.56 50.47 98.80
12:59:18 52.52 50.47 98.80
12:59:19 38.12 50.47 98.80
12:59:20 31.26 50.47 98.80
12:59:21 19.11 50.47 98.80
12:59:22 10.75 50.47 98.80
12:59:23 5.86 50.47 98.80
12:59:24 2.56 50.47 98.80
12:59:25 0.25 50.47 98.80
12:59:26 -1.44 50.47 98.80
12:59:27 -1.72 50.47 98.80
12:59:28 -2.98 50.47 98.80
12:59:29 -3.22 50.47 98.80
12:59:30 -2.86 50.47 98.80
12:59:31 -3.72 50.47 98.80
12:59:32 -4.02 50.47 98.80
12:59:33 -4.32 50.47 98.80
12:59:34 -4.25 50.47 98.80
12:59:35 -4.66 50.47 98.80
12:59:36 -4.23 50.47 98.80
12:59:37 -4.37 50.47 98.80
12:59:38 -4.28 50.47 98.80
12:59:39 -4.43 50.47 98.80
12:59:40 -4.23 50.47 98.80
12:59:41 -3.64 50.47 98.79
12:59:42 1.58 50.47 98.79
12:59:43 17.32 50.47 98.80
12:59:44 52.05 50.47 98.80
12:59:45 103.88 50.47 98.80
12:59:46 159.27 50.47 98.80
12:59:47 199.24 50.47 98.80
12:59:48 211.37 50.47 98.80
12:59:49 196.24 50.47 98.80
12:59:50 164.89 50.47 98.80
12:59:51 128.34 50.47 98.79
12:59:52 93.90 50.47 98.79
12:59:53 61.76 50.47 98.79
12:59:54 39.48 50.47 98.80
12:59:55 24.52 50.47 98.80
12:59:56 15.42 50.47 98.80
12:59:57 9.78 50.47 98.80
12:59:58 5.74 50.47 98.80
12:59:59 3.03 50.47 98.80
13:00:00 1.86 50.47 98.80
13:00:01 0.07 50.47 98.80
13:00:02 -0.78 50.47 98.80
13:00:03 -1.06 50.47 98.80
13:00:04 -2.03 50.47 98.80
13:00:05 -2.30 50.47 98.80
13:00:06 -2.99 50.47 98.79
