"2016-05-16 at 12:18"
Time(H:M:S) CO2(ppm) CellTemp(c) CellPres(kPa)
12:18:28 -4.34 50.47 98.64
12:18:29 -3.60 50.47 98.64
12:18:30 -4.03 50.47 98.63
12:18:31 -3.98 50.47 98.63
12:18:32 -3.95 50.47 98.63
12:18:33 -3.88 50.47 98.63
12:18:34 -4.17 50.47 98.63
12:18:35 -3.90 50.47 98.63
12:18:36 -4.37 50.47 98.63
12:18:37 -4.03 50.47 98.63
12:18:38 -4.06 50.47 98.63
12:18:39 -4.17 50.47 98.63
12:18:40 -4.00 50.47 98.63
12:18:41 -4.25 50.47 98.63
12:18:42 -3.80 50.47 98.63
12:18:43 -4.14 50.47 98.63
12:18:44 -3.85 50.47 98.63
12:18:45 -4.17 50.47 98.63
12:18:46 -3.85 50.47 98.63
12:18:47 -3.69 50.47 98.63
12:18:48 -4.01 50.47 98.63
12:18:49 -4.32 50.47 98.63
12:18:50 -3.90 50.47 98.63
12:18:51 -4.07 50.47 98.63
12:18:52 -3.95 50.47 98.63
12:18:53 -4.03 50.47 98.63
12:18:54 -3.93 50.47 98.63
12:18:55 -4.19 50.47 98.63
12:18:56 -4.03 50.47 98.63
12:18:57 -3.68 50.47 98.63
12:18:58 -0.40 50.47 98.63
12:18:59 11.61 50.47 98.63
12:19:00 40.61 50.47 98.63
12:19:01 86.84 50.47 98.63
12:19:02 140.62 50.47 98.63
12:19:03 182.36 50.47 98.63
12:19:04 197.61 50.47 98.63
12:19:05 186.11 50.47 98.63
12:19:06 157.02 50.47 98.63
12:19:07 122.60 50.47 98.63
12:19:08 105.04 50.47 98.63
12:19:09 74.94 50.47 98.63
12:19:10 52.54 50.47 98.63
12:19:11 35.94 50.47 98.63
12:19:12 24.49 50.47 98.63
12:19:13 16.77 50.47 98.63
12:19:14 12.42 50.47 98.63
12:19:15 7.58 50.47 98.63
12:19:16 5.17 50.47 98.63
12:19:17 2.93 50.47 98.63
12:19:18 1.29 50.47 98.63
12:19:19 0.53 50.47 98.63
12:19:20 -0.07 50.47 98.63
12:19:21 -0.77 50.47 98.63
12:19:22 -0.85 50.47 98.63
12:19:23 -1.91 50.47 98.63
12:19:24 -2.12 50.47 98.63
12:19:25 -2.08 50.47 98.63
12:19:26 -3.01 50.47 98.63
12:19:27 -2.85 50.47 98.63
12:19:28 -3.42 50.47 98.64
12:19:29 -2.71 50.47 98.64
12:19:30 -2.86 50.47 98.63
12:19:31 -3.49 50.47 98.63
12:19:32 -3.51 50.47 98.63
12:19:33 -3.47 50.47 98.63
12:19:34 -3.53 50.47 98.63
12:19:35 -3.18 50.47 98.63
12:19:36 -2.75 50.47 98.64
12:19:37 0.58 50.47 98.64
12:19:38 11.29 50.47 98.64
12:19:39 31.57 50.47 98.64
12:19:40 59.56 50.47 98.63
12:19:41 86.80 50.47 98.63
12:19:42 102.83 50.47 98.63
12:19:43 102.62 50.47 98.63
12:19:44 91.43 50.47 98.63
12:19:45 73.04 50.47 98.63
12:19:46 54.32 50.47 98.63
12:19:47 37.31 50.47 98.63
12:19:48 25.54 50.47 98.63
12:19:49 17.14 50.47 98.63
12:19:50 10.95 50.47 98.63
12:19:51 8.80 50.47 98.63
12:19:52 5.74 50.47 98.63
12:19:53 3.53 50.47 98.63
12:19:54 1.96 50.47 98.63
12:19:55 0.29 50.47 98.64
12:19:56 -0.38 50.47 98.64
12:19:57 -1.31 50.47 98.64
12:19:58 -1.78 50.47 98.63
12:19:59 -1.57 50.47 98.63
12:20:00 -2.58 50.47 98.63
12:20:01 -2.55 50.47 98.63
12:20:02 -2.78 50.47 98.63
12:20:03 -3.13 50.47 98.63
12:20:04 -3.16 50.47 98.63
12:20:05 -3.40 50.47 98.64
12:20:06 -3.59 50.47 98.64
12:20:07 -3.24 50.47 98.63
12:20:08 -3.34 50.47 98.63
12:20:09 -3.37 50.47 98.63
12:20:10 -3.73 50.47 98.63
12:20:11 -4.09 50.47 98.63
12:20:12 -3.48 50.47 98.63
12:20:13 -3.64 50.47 98.63
12:20:14 -3.52 50.47 98.63
12:20:15 -2.84 50.47 98.63
12:20:16 0.82 50.47 98.63
12:20:17 12.12 50.47 98.63
12:20:18 34.19 50.47 98.63
12:20:19 62.86 50.47 98.63
12:20:20 90.35 50.47 98.63
12:20:21 106.04 50.47 98.63
12:20:22 106.19 50.47 98.63
12:20:23 93.75 50.47 98.63
12:20:24 74.21 50.47 98.63
12:20:25 55.04 50.47 98.63
12:20:26 38.41 50.47 98.63
12:20:27 24.67 50.47 98.63
12:20:28 14.40 50.47 98.63
12:20:29 8.34 50.47 98.63
12:20:30 4.94 50.47 98.63
12:20:31 2.01 50.47 98.63
12:20:32 0.53 50.47 98.63
12:20:33 -0.83 50.47 98.63
12:20:34 -1.09 50.47 98.63
12:20:35 -1.25 50.47 98.63
12:20:36 -1.98 50.47 98.63
12:20:37 -2.43 50.47 98.63
12:20:38 -2.68 50.47 98.63
12:20:39 -3.16 50.47 98.63
12:20:40 -3.27 50.47 98.63
12:20:41 -3.36 50.47 98.63
12:20:42 -3.61 50.47 98.63
12:20:43 -3.33 50.47 98.63
12:20:44 -3.40 50.47 98.63
12:20:45 -3.57 50.47 98.63
12:20:46 -3.67 50.47 98.63
12:20:47 -3.88 50.47 98.63
12:20:48 -3.47 50.47 98.63
12:20:49 -2.69 50.47 98.63
12:20:50 0.87 50.47 98.63
12:20:51 9.05 50.47 98.63
12:20:52 23.05 50.47 98.63
12:20:53 38.66 50.47 98.63
12:20:54 50.04 50.47 98.63
12:20:55 54.13 50.47 98.63
12:20:56 52.92 50.47 98.63
12:20:57 46.20 50.47 98.63
12:20:58 36.90 50.47 98.63
12:20:59 26.36 50.47 98.63
12:21:00 16.53 50.47 98.63
12:21:01 9.63 50.47 98.63
12:21:02 5.30 50.47 98.63
12:21:03 2.03 50.47 98.63
12:21:04 0.25 50.47 98.63
12:21:05 -0.94 50.47 98.63
12:21:06 -1.93 50.47 98.63
12:21:07 -1.96 50.47 98.63
12:21:08 -2.45 50.47 98.63
12:21:09 -3.20 50.47 98.63
12:21:10 -2.86 50.47 98.63
12:21:11 -3.39 50.47 98.63
12:21:12 -3.54 50.47 98.63
12:21:13 -3.43 50.47 98.63
12:21:14 -3.40 50.47 98.63
12:21:15 -3.28 50.47 98.63
12:21:16 -3.82 50.47 98.63
12:21:17 -3.81 50.47 98.63
12:21:18 -3.88 50.47 98.63
12:21:19 -3.94 50.47 98.63
12:21:20 -3.99 50.47 98.63
12:21:21 -3.75 50.47 98.63
12:21:22 -3.43 50.47 98.63
12:21:23 -2.45 50.47 98.63
12:21:24 0.36 50.47 98.63
12:21:25 5.51 50.47 98.63
12:21:26 13.05 50.47 98.63
12:21:27 19.30 50.47 98.63
12:21:28 23.19 50.47 98.63
12:21:29 22.59 50.47 98.63
12:21:30 19.63 50.47 98.63
12:21:31 13.34 50.47 98.63
12:21:32 8.29 50.47 98.64
12:21:33 4.19 50.47 98.64
12:21:34 1.47 50.47 98.63
12:21:35 -0.23 50.47 98.63
12:21:36 -1.43 50.47 98.64
12:21:37 -1.78 50.47 98.64
12:21:38 -2.49 50.47 98.64
12:21:39 -2.95 50.47 98.64
12:21:40 -2.87 50.47 98.64
12:21:41 -3.65 50.47 98.64
12:21:42 -3.24 50.47 98.64
12:21:43 -3.62 50.47 98.64
12:21:44 -3.41 50.47 98.64
12:21:45 -3.79 50.47 98.64
12:21:46 -3.43 50.47 98.64
12:21:47 -3.73 50.47 98.64
12:21:48 -4.04 50.47 98.64
12:21:49 -3.70 50.47 98.64
12:21:50 -3.81 50.47 98.64
12:21:51 -3.87 50.47 98.63
12:21:52 -3.98 50.47 98.63
12:21:53 -3.35 50.47 98.63
12:21:54 -2.85 50.47 98.63
12:21:55 -0.38 50.47 98.63
12:21:56 3.42 50.47 98.63
12:21:57 6.71 50.47 98.63
12:21:58 10.41 50.47 98.63
12:21:59 10.43 50.47 98.63
12:22:00 10.09 50.47 98.63
12:22:01 8.75 50.47 98.63
12:22:02 6.34 50.47 98.63
12:22:03 3.25 50.47 98.63
12:22:04 0.84 50.47 98.63
12:22:05 -0.77 50.47 98.63
12:22:06 -2.11 50.47 98.63
12:22:07 -2.72 50.47 98.63
12:22:08 -3.22 50.47 98.63
12:22:09 -3.11 50.47 98.63
12:22:10 -3.23 50.47 98.63
12:22:11 -3.44 50.47 98.63
12:22:12 -3.27 50.47 98.63
12:22:13 -4.17 50.47 98.63
12:22:14 -3.64 50.47 98.63
12:22:15 -3.94 50.47 98.63
12:22:16 -3.77 50.47 98.64
12:22:17 -4.33 50.47 98.64
12:22:18 -3.91 50.47 98.64
12:22:19 -4.02 50.47 98.63
12:22:20 -3.61 50.47 98.63
12:22:21 -4.18 50.47 98.63
12:22:22 -3.87 50.47 98.63
12:22:23 -3.98 50.47 98.63
12:22:24 -4.31 50.47 98.63
12:22:25 -3.84 50.47 98.63
12:22:26 -3.89 50.47 98.63
12:22:27 -3.60 50.47 98.63
12:22:28 -1.12 50.47 98.63
12:22:29 7.42 50.47 98.63
12:22:30 26.75 50.47 98.63
12:22:31 56.67 50.47 98.63
12:22:32 89.38 50.47 98.63
12:22:33 113.15 50.47 98.63
12:22:34 120.00 50.47 98.63
12:22:35 110.58 50.47 98.63
12:22:36 92.16 50.47 98.63
12:22:37 70.33 50.47 98.63
12:22:38 50.37 50.47 98.63
12:22:39 33.74 50.47 98.63
12:22:40 20.30 50.47 98.63
12:22:41 11.96 50.47 98.63
12:22:42 7.00 50.47 98.63
12:22:43 3.35 50.47 98.63
12:22:44 1.78 50.47 98.63
12:22:45 1.00 50.47 98.63
12:22:46 -0.44 50.47 98.63
12:22:47 -0.84 50.47 98.63
12:22:48 -1.44 50.47 98.63
12:22:49 -2.33 50.47 98.63
12:22:50 -2.73 50.47 98.63
12:22:51 -2.68 50.47 98.63
12:22:52 -3.06 50.47 98.63
12:22:53 -3.37 50.47 98.63
12:22:54 -3.15 50.47 98.63
12:22:55 -3.40 50.47 98.63
12:22:56 -4.08 50.47 98.64
12:22:57 -3.99 50.47 98.63
12:22:58 -3.37 50.47 98.63
12:22:59 -3.58 50.47 98.63
12:23:00 -3.99 50.47 98.63
12:23:01 -3.69 50.47 98.63
12:23:02 -4.23 50.47 98.63
12:23:03 -3.83 50.47 98.63
12:23:04 -3.58 50.47 98.63
12:23:05 -3.14 50.47 98.63
12:23:06 1.11 50.47 98.63
12:23:07 6.85 50.47 98.63
12:23:08 31.12 50.47 98.63
12:23:09 77.28 50.47 98.63
12:23:10 139.13 50.47 98.63
12:23:11 194.22 50.47 98.63
12:23:12 224.83 50.47 98.63
12:23:13 223.64 50.47 98.64
12:23:14 194.80 50.47 98.64
12:23:15 155.57 50.47 98.64
12:23:16 114.85 50.47 98.64
12:23:17 77.59 50.47 98.63
12:23:18 48.88 50.47 98.63
12:23:19 30.57 50.47 98.63
12:23:20 18.78 50.47 98.63
12:23:21 11.58 50.47 98.63
12:23:22 7.10 50.47 98.64
12:23:23 4.23 50.47 98.64
12:23:24 2.05 50.47 98.63
12:23:25 0.80 50.47 98.63
12:23:26 -0.43 50.47 98.63
12:23:27 -1.41 50.47 98.63
12:23:28 -1.14 50.47 98.63
12:23:29 -2.03 50.47 98.63
12:23:30 -2.03 50.47 98.63
12:23:31 -2.90 50.47 98.63
12:23:32 -2.98 50.47 98.63
12:23:33 -3.12 50.47 98.63
12:23:34 -3.28 50.47 98.64
12:23:35 -3.32 50.47 98.64
12:23:36 -3.33 50.47 98.64
12:23:37 -3.61 50.47 98.64
12:23:38 -4.02 50.47 98.64
12:23:39 -4.08 50.47 98.64
12:23:40 -3.27 50.47 98.63
12:23:41 -3.87 50.47 98.63
12:23:42 -3.71 50.47 98.63
12:23:43 -3.70 50.47 98.63
12:23:44 -3.50 50.47 98.63
12:23:45 -3.72 50.47 98.63
12:23:46 -3.79 50.47 98.63
12:23:47 -1.47 50.47 98.63
12:23:48 7.98 50.47 98.63
12:23:49 35.05 50.47 98.63
12:23:50 57.26 50.47 98.63
12:23:51 119.42 50.47 98.63
12:23:52 188.23 50.47 98.63
12:23:53 239.26 50.47 98.63
12:23:54 255.86 50.47 98.63
12:23:55 237.70 50.47 98.63
12:23:56 198.79 50.47 98.63
12:23:57 152.66 50.47 98.63
12:23:58 105.93 50.47 98.63
12:23:59 67.84 50.47 98.63
12:24:00 42.92 50.47 98.63
12:24:01 27.49 50.47 98.63
12:24:02 17.26 50.47 98.63
12:24:03 10.78 50.47 98.63
12:24:04 6.91 50.47 98.63
12:24:05 4.17 50.47 98.64
12:24:06 1.95 50.47 98.63
12:24:07 1.17 50.47 98.63
12:24:08 0.34 50.47 98.63
12:24:09 -0.91 50.47 98.63
12:24:10 -1.23 50.47 98.63
12:24:11 -1.95 50.47 98.64
12:24:12 -2.06 50.47 98.64
12:24:13 -2.56 50.47 98.64
12:24:14 -2.61 50.47 98.63
12:24:15 -2.66 50.47 98.63
12:24:16 -2.62 50.47 98.63
12:24:17 -2.93 50.47 98.63
12:24:18 -3.39 50.47 98.63
12:24:19 -3.28 50.47 98.63
12:24:20 -2.99 50.47 98.63
12:24:21 -3.51 50.47 98.63
12:24:22 -3.54 50.47 98.63
12:24:23 -3.48 50.47 98.63
12:24:24 -3.09 50.47 98.63
12:24:25 -3.67 50.47 98.64
12:24:26 -3.49 50.47 98.63
12:24:27 -3.74 50.47 98.63
12:24:28 -3.51 50.47 98.63
12:24:29 -4.06 50.47 98.63
12:24:30 -4.08 50.47 98.63
12:24:31 -3.46 50.47 98.63
12:24:32 -3.84 50.47 98.64
12:24:33 -4.01 50.47 98.64
12:24:34 -3.35 50.47 98.64
12:24:35 -3.10 50.47 98.64
12:24:36 -1.96 50.47 98.64
12:24:37 3.40 50.47 98.64
12:24:38 11.99 50.47 98.64
12:24:39 23.67 50.47 98.64
12:24:40 34.86 50.47 98.64
12:24:41 40.33 50.47 98.64
12:24:42 39.55 50.47 98.64
12:24:43 34.32 50.47 98.64
12:24:44 26.80 50.47 98.64
12:24:45 18.30 50.47 98.64
12:24:46 11.50 50.47 98.64
12:24:47 6.24 50.47 98.64
12:24:48 2.57 50.47 98.64
12:24:49 0.79 50.47 98.64
12:24:50 -0.66 50.47 98.64
12:24:51 -1.51 50.47 98.64
12:24:52 -2.51 50.47 98.64
12:24:53 -2.53 50.47 98.64
12:24:54 -2.37 50.47 98.64
12:24:55 -2.69 50.47 98.64
12:24:56 -3.19 50.47 98.64
12:24:57 -3.31 50.47 98.64
12:24:58 -3.48 50.47 98.64
12:24:59 -3.46 50.47 98.64
12:25:00 -3.71 50.47 98.64
12:25:01 -3.88 50.47 98.64
12:25:02 -3.26 50.47 98.64
12:25:03 -3.78 50.47 98.64
12:25:04 -3.63 50.47 98.63
12:25:05 -3.93 50.47 98.63
12:25:06 -3.95 50.47 98.63
12:25:07 -4.12 50.47 98.63
12:25:08 -3.63 50.47 98.63
12:25:09 -3.79 50.47 98.63
12:25:10 -3.81 50.47 98.63
12:25:11 -4.13 50.47 98.63
12:25:12 -3.81 50.47 98.63
12:25:13 -1.88 50.47 98.63
12:25:14 5.00 50.47 98.63
12:25:15 26.57 50.47 98.63
12:25:16 66.33 50.47 98.63
12:25:17 92.76 50.47 98.63
12:25:18 146.35 50.47 98.63
12:25:19 188.10 50.47 98.63
12:25:20 200.79 50.47 98.63
12:25:21 188.26 50.47 98.63
12:25:22 158.17 50.47 98.63
12:25:23 121.78 50.47 98.63
12:25:24 88.76 50.47 98.63
12:25:25 58.64 50.47 98.64
12:25:26 36.62 50.47 98.63
12:25:27 23.11 50.47 98.63
12:25:28 14.26 50.47 98.64
12:25:29 8.87 50.47 98.64
12:25:30 5.22 50.47 98.64
12:25:31 2.91 50.47 98.64
12:25:32 1.50 50.47 98.63
12:25:33 0.51 50.47 98.63
12:25:34 -0.71 50.47 98.64
12:25:35 -1.34 50.47 98.64
12:25:36 -1.53 50.47 98.64
12:25:37 -2.00 50.47 98.64
12:25:38 -2.13 50.47 98.64
12:25:39 -2.47 50.47 98.64
12:25:40 -2.59 50.47 98.64
12:25:41 -3.00 50.47 98.64
12:25:42 -3.32 50.47 98.64
12:25:43 -2.90 50.47 98.64
12:25:44 -3.07 50.47 98.64
12:25:45 -3.63 50.47 98.64
12:25:46 -3.63 50.47 98.63
12:25:47 -3.38 50.47 98.63
12:25:48 -3.77 50.47 98.63
12:25:49 -3.63 50.47 98.63
12:25:50 -3.54 50.47 98.64
12:25:51 -2.69 50.47 98.63
12:25:52 3.07 50.47 98.63
12:25:53 19.00 50.47 98.63
12:25:54 51.81 50.47 98.64
12:25:55 96.91 50.47 98.64
12:25:56 140.80 50.47 98.64
12:25:57 168.52 50.47 98.64
12:25:58 170.91 50.47 98.64
12:25:59 153.48 50.47 98.64
12:26:00 139.75 50.47 98.64
12:26:01 109.03 50.47 98.63
12:26:02 80.07 50.47 98.63
12:26:03 53.11 50.47 98.64
12:26:04 33.40 50.47 98.64
12:26:05 22.11 50.47 98.63
12:26:06 13.40 50.47 98.63
12:26:07 9.09 50.47 98.64
12:26:08 5.59 50.47 98.64
12:26:09 3.71 50.47 98.64
12:26:10 1.78 50.47 98.64
12:26:11 1.06 50.47 98.64
12:26:12 0.04 50.47 98.64
12:26:13 -0.67 50.47 98.64
12:26:14 -1.49 50.47 98.64
12:26:15 -1.58 50.47 98.64
12:26:16 -1.96 50.47 98.64
12:26:17 -2.30 50.47 98.64
12:26:18 -2.70 50.47 98.64
12:26:19 -3.22 50.47 98.64
12:26:20 -3.00 50.47 98.64
12:26:21 -2.91 50.47 98.64
12:26:22 -3.10 50.47 98.64
12:26:23 -3.65 50.47 98.64
12:26:24 -3.16 50.47 98.64
12:26:25 -3.47 50.47 98.64
12:26:26 -3.45 50.47 98.63
12:26:27 -3.67 50.47 98.63
12:26:28 -3.43 50.47 98.63
12:26:29 -2.12 50.47 98.63
12:26:30 5.63 50.47 98.63
12:26:31 29.66 50.47 98.63
12:26:32 76.17 50.47 98.63
12:26:33 142.08 50.47 98.63
12:26:34 206.50 50.47 98.63
12:26:35 246.10 50.47 98.63
12:26:36 249.54 50.47 98.63
12:26:37 223.05 50.47 98.63
12:26:38 180.15 50.47 98.63
12:26:39 135.82 50.47 98.63
12:26:40 93.54 50.47 98.63
12:26:41 58.82 50.47 98.64
12:26:42 36.89 50.47 98.64
12:26:43 22.74 50.47 98.64
12:26:44 17.90 50.47 98.64
12:26:45 10.57 50.47 98.64
12:26:46 6.37 50.47 98.64
12:26:47 4.05 50.47 98.64
12:26:48 2.03 50.47 98.64
12:26:49 0.91 50.47 98.64
12:26:50 -0.36 50.47 98.64
12:26:51 -1.29 50.47 98.64
12:26:52 -2.03 50.47 98.64
12:26:53 -2.03 50.47 98.64
12:26:54 -2.37 50.47 98.64
12:26:55 -2.82 50.47 98.64
12:26:56 -3.03 50.47 98.64
12:26:57 -3.70 50.47 98.64
12:26:58 -3.02 50.47 98.64
12:26:59 -3.55 50.47 98.63
12:27:00 -3.48 50.47 98.63
12:27:01 -3.39 50.47 98.64
12:27:02 -3.26 50.47 98.64
12:27:03 -3.80 50.47 98.64
12:27:04 -3.63 50.47 98.64
12:27:05 -3.45 50.47 98.64
12:27:06 -2.75 50.47 98.64
12:27:07 2.94 50.47 98.64
12:27:08 21.58 50.47 98.64
12:27:09 63.39 50.47 98.63
12:27:10 127.35 50.47 98.63
12:27:11 197.53 50.47 98.64
12:27:12 246.67 50.47 98.64
12:27:13 261.12 50.47 98.64
12:27:14 242.65 50.47 98.64
12:27:15 202.63 50.47 98.64
12:27:16 158.65 50.47 98.64
12:27:17 112.78 50.47 98.64
12:27:18 75.24 50.47 98.64
12:27:19 50.19 50.47 98.64
12:27:20 33.59 50.47 98.64
12:27:21 23.57 50.47 98.64
12:27:22 15.76 50.47 98.64
12:27:23 11.84 50.47 98.64
12:27:24 8.55 50.47 98.64
12:27:25 6.07 50.47 98.64
12:27:26 4.11 50.47 98.64
12:27:27 3.65 50.47 98.64
12:27:28 2.34 50.47 98.64
12:27:29 0.91 50.47 98.64
12:27:30 0.58 50.47 98.64
12:27:31 -0.32 50.47 98.64
12:27:32 -0.80 50.47 98.64
12:27:33 -1.42 50.47 98.64
12:27:34 -1.54 50.47 98.64
12:27:35 -2.09 50.47 98.64
12:27:36 -2.51 50.47 98.64
12:27:37 -2.65 50.47 98.64
12:27:38 -2.71 50.47 98.64
12:27:39 -3.04 50.47 98.64
12:27:40 -2.97 50.47 98.64
12:27:41 -3.52 50.47 98.64
12:27:42 -2.93 50.47 98.64
12:27:43 -3.34 50.47 98.64
12:27:44 -3.60 50.47 98.64
12:27:45 -3.40 50.47 98.64
12:27:46 -3.74 50.47 98.64
12:27:47 -3.38 50.47 98.64
12:27:48 -3.49 50.47 98.64
12:27:49 -3.81 50.47 98.64
12:27:50 -3.94 50.47 98.64
12:27:51 -3.82 50.47 98.64
12:27:52 -3.77 50.47 98.64
12:27:53 -3.66 50.47 98.64
12:27:54 -3.63 50.47 98.64
12:27:55 -3.94 50.47 98.64
12:27:56 -3.51 50.47 98.64
12:27:57 -4.10 50.47 98.64
12:27:58 -3.87 50.47 98.64
12:27:59 -3.65 50.47 98.64
12:28:00 -3.88 50.47 98.64
12:28:01 -4.11 50.47 98.64
12:28:02 -3.66 50.47 98.64
12:28:03 -3.93 50.47 98.64
12:28:04 -3.84 50.47 98.64
12:28:05 -4.13 50.47 98.64
12:28:06 -4.05 50.47 98.64
12:28:07 -3.53 50.47 98.64
12:28:08 -3.97 50.47 98.64
12:28:09 -4.11 50.47 98.64
12:28:10 -4.09 50.47 98.64
12:28:11 -3.55 50.47 98.64
12:28:12 -3.87 50.47 98.64
12:28:13 -4.15 50.47 98.64
12:28:14 -3.61 50.47 98.64
12:28:15 -4.47 50.47 98.64
12:28:16 -3.89 50.47 98.64
12:28:17 -3.95 50.47 98.64
12:28:18 -3.95 50.47 98.64
12:28:19 -3.57 50.47 98.64
12:28:20 -4.50 50.47 98.64
12:28:21 -3.99 50.47 98.63
12:28:22 -4.21 50.47 98.63
12:28:23 -3.90 50.47 98.64
12:28:24 -3.38 50.47 98.63
12:28:25 -0.78 50.47 98.63
12:28:26 8.47 50.47 98.64
12:28:27 28.23 50.47 98.64
12:28:28 56.52 50.47 98.64
12:28:29 85.49 50.47 98.63
12:28:30 105.13 50.47 98.63
12:28:31 109.33 50.47 98.64
12:28:32 105.27 50.47 98.64
12:28:33 90.98 50.47 98.64
12:28:34 71.51 50.47 98.64
12:28:35 52.49 50.47 98.64
12:28:36 35.14 50.47 98.64
12:28:37 21.72 50.47 98.64
12:28:38 13.44 50.47 98.64
12:28:39 7.96 50.47 98.64
12:28:40 5.12 50.47 98.64
12:28:41 2.11 50.47 98.64
12:28:42 0.94 50.47 98.64
12:28:43 -0.06 50.47 98.64
12:28:44 -0.90 50.47 98.64
12:28:45 -1.25 50.47 98.64
12:28:46 -1.97 50.47 98.64
12:28:47 -2.00 50.47 98.64
12:28:48 -2.43 50.47 98.64
12:28:49 -2.67 50.47 98.64
12:28:50 -3.28 50.47 98.64
12:28:51 -3.38 50.47 98.64
12:28:52 -2.89 50.47 98.64
12:28:53 -3.81 50.47 98.64
12:28:54 -3.51 50.47 98.64
12:28:55 -3.61 50.47 98.64
12:28:56 -3.64 50.47 98.64
12:28:57 -3.35 50.47 98.64
12:28:58 -3.51 50.47 98.64
12:28:59 -3.81 50.47 98.64
12:29:00 -3.55 50.47 98.64
12:29:01 -3.67 50.47 98.64
12:29:02 -3.66 50.47 98.64
12:29:03 -2.65 50.47 98.64
12:29:04 4.73 50.47 98.64
12:29:05 21.98 50.47 98.64
12:29:06 54.45 50.47 98.64
12:29:07 95.65 50.47 98.64
12:29:08 132.51 50.47 98.64
12:29:09 152.40 50.47 98.64
12:29:10 150.25 50.47 98.64
12:29:11 131.40 50.47 98.64
12:29:12 103.93 50.47 98.64
12:29:13 77.32 50.47 98.64
12:29:14 51.64 50.47 98.64
12:29:15 40.82 50.47 98.64
12:29:16 25.64 50.47 98.64
12:29:17 15.27 50.47 98.64
12:29:18 9.30 50.47 98.64
12:29:19 5.05 50.47 98.64
12:29:20 2.46 50.47 98.64
12:29:21 0.75 50.47 98.64
12:29:22 -0.35 50.47 98.64
12:29:23 -1.04 50.47 98.64
12:29:24 -2.13 50.47 98.64
12:29:25 -1.87 50.47 98.64
12:29:26 -2.39 50.47 98.64
12:29:27 -2.90 50.47 98.64
12:29:28 -3.38 50.47 98.64
12:29:29 -2.93 50.47 98.64
12:29:30 -3.68 50.47 98.64
12:29:31 -3.63 50.47 98.64
12:29:32 -3.76 50.47 98.64
12:29:33 -3.84 50.47 98.64
12:29:34 -3.86 50.47 98.64
12:29:35 -3.69 50.47 98.64
12:29:36 -3.98 50.47 98.63
12:29:37 -3.96 50.47 98.63
12:29:38 -3.68 50.47 98.63
12:29:39 -4.03 50.47 98.63
12:29:40 -3.77 50.47 98.63
12:29:41 -2.81 50.47 98.64
12:29:42 -0.80 50.47 98.63
12:29:43 4.45 50.47 98.63
12:29:44 13.50 50.47 98.63
12:29:45 23.45 50.47 98.63
12:29:46 31.77 50.47 98.64
12:29:47 34.49 50.47 98.64
12:29:48 32.34 50.47 98.63
12:29:49 27.03 50.47 98.63
12:29:50 20.35 50.47 98.63
12:29:51 14.14 50.47 98.63
12:29:52 7.82 50.47 98.64
12:29:53 3.79 50.47 98.64
12:29:54 0.27 50.47 98.64
12:29:55 -0.75 50.47 98.64
12:29:56 -2.02 50.47 98.64
12:29:57 -2.80 50.47 98.64
12:29:58 -2.78 50.47 98.64
12:29:59 -3.32 50.47 98.64
12:30:00 -3.63 50.47 98.64
12:30:01 -3.35 50.47 98.64
12:30:02 -3.66 50.47 98.64
12:30:03 -3.94 50.47 98.64
12:30:04 -3.83 50.47 98.64
12:30:05 -3.98 50.47 98.64
12:30:06 -4.20 50.47 98.64
12:30:07 -3.70 50.47 98.64
12:30:08 -4.07 50.47 98.64
12:30:09 -4.46 50.47 98.64
12:30:10 -4.28 50.47 98.64
12:30:11 -3.54 50.47 98.64
12:30:12 -4.17 50.47 98.64
12:30:13 -3.72 50.47 98.64
12:30:14 -4.33 50.47 98.64
12:30:15 -4.11 50.47 98.64
12:30:16 -4.12 50.47 98.64
12:30:17 -3.47 50.47 98.64
12:30:18 -1.07 50.47 98.64
12:30:19 9.09 50.47 98.64
12:30:20 33.03 50.47 98.64
12:30:21 51.08 50.47 98.64
12:30:22 97.40 50.47 98.64
12:30:23 142.55 50.47 98.64
12:30:24 170.45 50.47 98.64
12:30:25 172.81 50.47 98.64
12:30:26 155.09 50.47 98.64
12:30:27 125.61 50.47 98.64
12:30:28 93.77 50.47 98.64
12:30:29 62.59 50.47 98.64
12:30:30 39.85 50.47 98.64
12:30:31 24.62 50.47 98.64
12:30:32 14.93 50.47 98.64
12:30:33 9.45 50.47 98.64
12:30:34 5.06 50.47 98.64
12:30:35 3.06 50.47 98.64
12:30:36 0.79 50.47 98.64
12:30:37 0.29 50.47 98.64
12:30:38 -0.92 50.47 98.64
12:30:39 -1.83 50.47 98.64
12:30:40 -1.81 50.47 98.64
12:30:41 -2.57 50.47 98.64
12:30:42 -2.49 50.47 98.64
12:30:43 -3.10 50.47 98.64
12:30:44 -3.29 50.47 98.64
12:30:45 -3.16 50.47 98.64
12:30:46 -3.69 50.47 98.64
12:30:47 -3.58 50.47 98.64
12:30:48 -3.31 50.47 98.64
12:30:49 -3.57 50.47 98.64
12:30:50 -3.46 50.47 98.64
12:30:51 -4.27 50.47 98.64
12:30:52 -3.91 50.47 98.64
12:30:53 -3.46 50.47 98.64
12:30:54 -2.63 50.47 98.64
12:30:55 3.14 50.47 98.64
12:30:56 14.37 50.47 98.64
12:30:57 34.48 50.47 98.64
12:30:58 58.03 50.47 98.64
12:30:59 76.00 50.47 98.64
12:31:00 83.56 50.47 98.64
12:31:01 79.50 50.47 98.64
12:31:02 67.62 50.47 98.64
12:31:03 52.61 50.47 98.64
12:31:04 44.74 50.47 98.64
12:31:05 29.91 50.47 98.64
12:31:06 18.98 50.47 98.64
12:31:07 11.61 50.47 98.64
12:31:08 7.00 50.47 98.64
12:31:09 3.87 50.47 98.64
12:31:10 2.34 50.47 98.64
12:31:11 0.71 50.47 98.64
12:31:12 -0.14 50.47 98.64
12:31:13 -0.92 50.47 98.64
12:31:14 -1.16 50.47 98.64
12:31:15 -2.08 50.47 98.64
12:31:16 -2.12 50.47 98.64
12:31:17 -2.85 50.47 98.64
12:31:18 -2.81 50.47 98.64
12:31:19 -2.88 50.47 98.66
12:31:20 -2.81 50.47 98.66
12:31:21 -3.25 50.47 98.66
12:31:22 -3.42 50.47 98.64
12:31:23 -3.55 50.47 98.64
12:31:24 -3.27 50.47 98.64
12:31:25 -3.45 50.47 98.64
12:31:26 -3.44 50.47 98.64
12:31:27 -3.67 50.47 98.64
12:31:28 -3.15 50.47 98.64
12:31:29 -1.97 50.47 98.64
12:31:30 5.94 50.47 98.64
12:31:31 25.46 50.47 98.64
12:31:32 58.75 50.47 98.64
12:31:33 100.22 50.47 98.64
12:31:34 134.80 50.47 98.64
12:31:35 151.63 50.47 98.64
12:31:36 145.58 50.47 98.64
12:31:37 125.47 50.47 98.64
12:31:38 98.41 50.47 98.64
12:31:39 71.89 50.47 98.64
12:31:40 46.81 50.47 98.64
12:31:41 28.54 50.47 98.64
12:31:42 17.66 50.47 98.64
12:31:43 11.02 50.47 98.64
12:31:44 6.28 50.47 98.64
12:31:45 3.29 50.47 98.64
12:31:46 1.51 50.47 98.64
12:31:47 0.82 50.47 98.64
12:31:48 -0.23 50.47 98.64
12:31:49 -1.08 50.47 98.64
12:31:50 -1.66 50.47 98.64
12:31:51 -2.14 50.47 98.64
12:31:52 -2.42 50.47 98.64
12:31:53 -2.77 50.47 98.64
12:31:54 -2.65 50.47 98.64
12:31:55 -2.99 50.47 98.64
12:31:56 -3.41 50.47 98.64
12:31:57 -3.55 50.47 98.64
12:31:58 -3.55 50.47 98.64
12:31:59 -3.81 50.47 98.64
12:32:00 -3.66 50.47 98.64
12:32:01 -3.54 50.47 98.64
12:32:02 -3.68 50.47 98.64
12:32:03 -3.81 50.47 98.64
12:32:04 -3.89 50.47 98.64
12:32:05 -3.76 50.47 98.64
12:32:06 -3.75 50.47 98.64
12:32:07 -3.21 50.47 98.64
12:32:08 1.32 50.47 98.64
12:32:09 6.33 50.47 98.64
12:32:10 28.62 50.47 98.64
12:32:11 70.04 50.47 98.64
12:32:12 123.29 50.47 98.64
12:32:13 172.32 50.47 98.64
12:32:14 199.02 50.47 98.64
12:32:15 196.67 50.47 98.64
12:32:16 172.56 50.47 98.64
12:32:17 137.97 50.47 98.64
12:32:18 102.59 50.47 98.64
12:32:19 72.94 50.47 98.64
12:32:20 47.97 50.47 98.64
12:32:21 29.20 50.47 98.64
12:32:22 17.99 50.47 98.64
12:32:23 11.14 50.47 98.64
12:32:24 6.83 50.47 98.64
12:32:25 4.10 50.47 98.64
12:32:26 1.95 50.47 98.64
12:32:27 0.69 50.47 98.64
12:32:28 -0.37 50.47 98.64
12:32:29 -1.63 50.47 98.64
12:32:30 -1.59 50.47 98.64
12:32:31 -1.88 50.47 98.64
12:32:32 -2.31 50.47 98.64
12:32:33 -2.69 50.47 98.64
12:32:34 -2.39 50.47 98.64
12:32:35 -3.46 50.47 98.64
12:32:36 -3.50 50.47 98.64
12:32:37 -3.04 50.47 98.64
12:32:38 -3.66 50.47 98.64
12:32:39 -3.51 50.47 98.64
12:32:40 -3.44 50.47 98.64
12:32:41 -3.60 50.47 98.64
12:32:42 -3.77 50.47 98.64
12:32:43 -3.98 50.47 98.64
12:32:44 -2.86 50.47 98.64
12:32:45 -0.40 50.47 98.64
12:32:46 9.63 50.47 98.64
12:32:47 31.12 50.47 98.64
12:32:48 65.40 50.47 98.63
12:32:49 102.76 50.47 98.63
12:32:50 129.70 50.47 98.64
12:32:51 137.95 50.47 98.64
12:32:52 127.66 50.47 98.63
12:32:53 118.24 50.47 98.63
12:32:54 93.70 50.47 98.64
12:32:55 69.38 50.47 98.64
12:32:56 45.23 50.47 98.64
12:32:57 27.93 50.47 98.64
12:32:58 16.41 50.47 98.64
12:32:59 9.79 50.47 98.64
12:33:00 5.80 50.47 98.64
12:33:01 2.34 50.47 98.64
12:33:02 1.23 50.47 98.64
12:33:03 -0.27 50.47 98.64
12:33:04 -1.28 50.47 98.64
12:33:05 -1.85 50.47 98.64
12:33:06 -1.93 50.47 98.64
12:33:07 -2.92 50.47 98.64
12:33:08 -2.81 50.47 98.64
12:33:09 -2.77 50.47 98.64
12:33:10 -3.56 50.47 98.64
12:33:11 -3.39 50.47 98.64
12:33:12 -3.67 50.47 98.64
12:33:13 -3.48 50.47 98.64
12:33:14 -3.85 50.47 98.64
12:33:15 -3.92 50.47 98.64
12:33:16 -3.87 50.47 98.64
12:33:17 -3.44 50.47 98.64
12:33:18 -4.07 50.47 98.64
12:33:19 -4.10 50.47 98.64
12:33:20 -3.88 50.47 98.64
12:33:21 -3.68 50.47 98.64
12:33:22 -4.01 50.47 98.64
12:33:23 -4.20 50.47 98.64
12:33:24 -3.98 50.47 98.64
12:33:25 -3.91 50.47 98.64
12:33:26 -4.09 50.47 98.64
12:33:27 -4.06 50.47 98.64
12:33:28 -4.16 50.47 98.64
12:33:29 -4.00 50.47 98.64
12:33:30 -4.28 50.47 98.64
12:33:31 -4.14 50.47 98.64
12:33:32 -3.90 50.47 98.64
12:33:33 -4.02 50.47 98.64
12:33:34 -3.96 50.47 98.64
12:33:35 -4.24 50.47 98.64
12:33:36 -4.16 50.47 98.64
12:33:37 -4.21 50.47 98.64
12:33:38 -3.89 50.47 98.64
12:33:39 -4.06 50.47 98.64
12:33:40 -3.59 50.47 98.64
12:33:41 -4.26 50.47 98.64
12:33:42 -4.16 50.47 98.63
12:33:43 -4.20 50.47 98.63
12:33:44 -3.92 50.47 98.64
12:33:45 -4.22 50.47 98.64
12:33:46 -4.14 50.47 98.64
12:33:47 -3.94 50.47 98.64
12:33:48 -3.97 50.47 98.64
12:33:49 -4.06 50.47 98.64
12:33:50 -4.59 50.47 98.64
12:33:51 -3.89 50.47 98.64
12:33:52 -4.15 50.47 98.64
12:33:53 -4.30 50.47 98.64
12:33:54 -3.80 50.47 98.64
12:33:55 -3.96 50.47 98.64
12:33:56 -3.87 50.47 98.64
12:33:57 -4.23 50.47 98.64
12:33:58 -4.26 50.47 98.64
12:33:59 -4.45 50.47 98.64
12:34:00 -4.30 50.47 98.64
12:34:01 -3.73 50.47 98.64
12:34:02 -4.21 50.47 98.64
12:34:03 -4.10 50.47 98.64
12:34:04 -4.19 50.47 98.64
12:34:05 -4.25 50.47 98.64
12:34:06 -4.11 50.47 98.64
12:34:07 -4.09 50.47 98.64
12:34:08 -4.09 50.47 98.64
12:34:09 -4.16 50.47 98.64
12:34:10 -4.20 50.47 98.64
12:34:11 -4.10 50.47 98.64
12:34:12 -4.07 50.47 98.64
12:34:13 -4.31 50.47 98.64
12:34:14 -3.92 50.47 98.64
12:34:15 -4.35 50.47 98.64
12:34:16 -4.22 50.47 98.64
12:34:17 -4.42 50.47 98.64
12:34:18 -4.43 50.47 98.64
12:34:19 -4.12 50.47 98.64
12:34:20 -4.61 50.47 98.64
12:34:21 -4.17 50.47 98.64
12:34:22 -4.25 50.47 98.64
12:34:23 -4.02 50.47 98.64
12:34:24 -4.28 50.47 98.64
12:34:25 -4.26 50.47 98.64
12:34:26 -3.91 50.47 98.64
12:34:27 -3.95 50.47 98.64
12:34:28 -4.04 50.47 98.64
12:34:29 -4.50 50.47 98.64
12:34:30 -4.24 50.47 98.64
12:34:31 -3.99 50.47 98.64
12:34:32 -4.13 50.47 98.64
12:34:33 -4.05 50.47 98.64
12:34:34 -3.87 50.47 98.64
12:34:35 -4.17 50.47 98.64
12:34:36 -3.85 50.47 98.64
12:34:37 -3.96 50.47 98.64
12:34:38 -3.83 50.47 98.64
12:34:39 -0.56 50.47 98.64
12:34:40 10.22 50.47 98.64
12:34:41 22.74 50.47 98.64
12:34:42 66.57 50.47 98.64
12:34:43 132.23 50.47 98.64
12:34:44 204.62 50.47 98.64
12:34:45 255.69 50.47 98.64
12:34:46 269.71 50.47 98.64
12:34:47 250.73 50.47 98.64
12:34:48 207.93 50.47 98.64
12:34:49 162.21 50.47 98.64
12:34:50 114.19 50.47 98.64
12:34:51 75.25 50.47 98.64
12:34:52 49.83 50.47 98.64
12:34:53 32.11 50.47 98.64
12:34:54 21.56 50.47 98.64
12:34:55 14.67 50.47 98.64
12:34:56 9.99 50.47 98.64
12:34:57 7.08 50.47 98.64
12:34:58 4.83 50.47 98.64
12:34:59 3.16 50.47 98.64
12:35:00 1.98 50.47 98.64
12:35:01 0.72 50.47 98.64
12:35:02 -0.28 50.47 98.64
12:35:03 -0.73 50.47 98.64
12:35:04 -0.77 50.47 98.64
12:35:05 -1.47 50.47 98.64
12:35:06 -1.84 50.47 98.64
12:35:07 -2.50 50.47 98.64
12:35:08 -2.53 50.47 98.64
12:35:09 -2.38 50.47 98.64
12:35:10 -2.83 50.47 98.64
12:35:11 -2.95 50.47 98.64
12:35:12 -3.48 50.47 98.64
12:35:13 -3.56 50.47 98.63
12:35:14 -3.22 50.47 98.63
12:35:15 -3.54 50.47 98.64
12:35:16 -2.82 50.47 98.64
12:35:17 -0.36 50.47 98.64
12:35:18 10.06 50.47 98.64
12:35:19 38.44 50.47 98.64
12:35:20 88.50 50.47 98.64
12:35:21 152.78 50.47 98.64
12:35:22 208.45 50.47 98.63
12:35:23 236.25 50.47 98.63
12:35:24 237.22 50.47 98.63
12:35:25 218.03 50.47 98.64
12:35:26 180.98 50.47 98.64
12:35:27 138.86 50.47 98.64
12:35:28 100.87 50.47 98.64
12:35:29 65.59 50.47 98.64
12:35:30 41.95 50.47 98.64
12:35:31 26.89 50.47 98.64
12:35:32 17.22 50.47 98.64
12:35:33 10.71 50.47 98.64
12:35:34 7.25 50.47 98.64
12:35:35 4.48 50.47 98.64
12:35:36 2.11 50.47 98.64
12:35:37 1.12 50.47 98.63
12:35:38 0.18 50.47 98.63
12:35:39 -0.77 50.47 98.64
12:35:40 -0.96 50.47 98.64
12:35:41 -1.66 50.47 98.64
12:35:42 -2.34 50.47 98.64
12:35:43 -2.91 50.47 98.64
12:35:44 -2.80 50.47 98.64
12:35:45 -3.26 50.47 98.64
12:35:46 -3.16 50.47 98.64
12:35:47 -2.85 50.47 98.64
12:35:48 -3.45 50.47 98.64
12:35:49 -3.74 50.47 98.64
12:35:50 -3.98 50.47 98.64
12:35:51 -3.29 50.47 98.64
12:35:52 -3.68 50.47 98.64
12:35:53 -2.51 50.47 98.64
12:35:54 1.76 50.47 98.64
12:35:55 17.90 50.47 98.64
12:35:56 53.30 50.47 98.64
12:35:57 106.69 50.47 98.64
12:35:58 165.65 50.47 98.64
12:35:59 206.76 50.47 98.64
12:36:00 218.96 50.47 98.64
12:36:01 201.89 50.47 98.64
12:36:02 168.50 50.47 98.64
12:36:03 129.65 50.47 98.64
12:36:04 90.25 50.47 98.64
12:36:05 58.28 50.47 98.64
12:36:06 37.21 50.47 98.64
12:36:07 23.67 50.47 98.64
12:36:08 18.55 50.47 98.64
12:36:09 11.88 50.47 98.64
12:36:10 7.74 50.47 98.64
12:36:11 4.63 50.47 98.64
12:36:12 2.67 50.47 98.64
12:36:13 1.61 50.47 98.64
12:36:14 0.04 50.47 98.64
12:36:15 -0.65 50.47 98.64
12:36:16 -1.18 50.47 98.64
12:36:17 -1.60 50.47 98.64
12:36:18 -1.92 50.47 98.64
12:36:19 -3.01 50.47 98.64
12:36:20 -3.03 50.47 98.64
12:36:21 -2.87 50.47 98.64
12:36:22 -2.94 50.47 98.64
12:36:23 -3.47 50.47 98.64
12:36:24 -3.13 50.47 98.64
12:36:25 -3.57 50.47 98.64
12:36:26 -3.37 50.47 98.64
12:36:27 -3.68 50.47 98.64
12:36:28 -2.83 50.47 98.64
12:36:29 1.85 50.47 98.64
12:36:30 7.04 50.47 98.64
12:36:31 30.50 50.47 98.64
12:36:32 72.77 50.47 98.63
12:36:33 127.23 50.47 98.63
12:36:34 176.05 50.47 98.64
12:36:35 201.42 50.47 98.64
12:36:36 199.13 50.47 98.64
12:36:37 174.09 50.47 98.64
12:36:38 138.60 50.47 98.64
12:36:39 103.38 50.47 98.64
12:36:40 72.31 50.47 98.64
12:36:41 45.56 50.47 98.64
12:36:42 27.95 50.47 98.64
12:36:43 17.28 50.47 98.64
12:36:44 10.98 50.47 98.64
12:36:45 6.42 50.47 98.64
12:36:46 3.41 50.47 98.64
12:36:47 2.11 50.47 98.64
12:36:48 0.72 50.47 98.64
12:36:49 -0.68 50.47 98.64
12:36:50 -1.17 50.47 98.64
12:36:51 -1.63 50.47 98.64
12:36:52 -2.40 50.47 98.64
12:36:53 -2.40 50.47 98.64
12:36:54 -2.85 50.47 98.64
12:36:55 -3.04 50.47 98.64
12:36:56 -3.03 50.47 98.64
12:36:57 -3.25 50.47 98.64
12:36:58 -3.43 50.47 98.64
12:36:59 -3.58 50.47 98.64
12:37:00 -3.46 50.47 98.64
12:37:01 -3.83 50.47 98.64
12:37:02 -3.51 50.47 98.64
12:37:03 -3.81 50.47 98.64
12:37:04 -3.83 50.47 98.64
12:37:05 -3.87 50.47 98.64
12:37:06 -3.84 50.47 98.64
12:37:07 -3.53 50.47 98.64
12:37:08 -2.44 50.47 98.64
12:37:09 4.42 50.47 98.64
12:37:10 24.23 50.47 98.64
12:37:11 62.77 50.47 98.64
12:37:12 116.05 50.47 98.64
12:37:13 142.37 50.47 98.64
12:37:14 183.93 50.47 98.64
12:37:15 200.51 50.47 98.64
12:37:16 189.15 50.47 98.64
12:37:17 160.44 50.47 98.64
12:37:18 124.57 50.47 98.64
12:37:19 90.38 50.47 98.64
12:37:20 59.38 50.47 98.64
12:37:21 37.15 50.47 98.64
12:37:22 23.03 50.47 98.64
12:37:23 14.38 50.47 98.64
12:37:24 8.96 50.47 98.64
12:37:25 5.17 50.47 98.64
12:37:26 2.79 50.47 98.64
12:37:27 1.23 50.47 98.64
12:37:28 0.04 50.47 98.64
12:37:29 -0.99 50.47 98.64
12:37:30 -1.18 50.47 98.64
12:37:31 -1.91 50.47 98.64
12:37:32 -2.52 50.47 98.64
12:37:33 -2.69 50.47 98.64
12:37:34 -2.48 50.47 98.64
12:37:35 -2.83 50.47 98.64
12:37:36 -3.34 50.47 98.64
12:37:37 -3.28 50.47 98.66
12:37:38 -3.28 50.47 98.64
12:37:39 -3.55 50.47 98.64
12:37:40 -3.71 50.47 98.64
12:37:41 -3.65 50.47 98.64
12:37:42 -3.62 50.47 98.64
12:37:43 -3.36 50.47 98.64
12:37:44 -0.56 50.47 98.64
12:37:45 12.47 50.47 98.64
12:37:46 45.76 50.47 98.64
12:37:47 108.97 50.47 98.64
12:37:48 189.84 50.47 98.64
12:37:49 263.59 50.47 98.64
12:37:50 302.83 50.47 98.64
12:37:51 297.83 50.47 98.64
12:37:52 260.71 50.47 98.64
12:37:53 209.08 50.47 98.64
12:37:54 155.29 50.47 98.64
12:37:55 104.41 50.47 98.64
12:37:56 84.14 50.47 98.64
12:37:57 54.77 50.47 98.64
12:37:58 35.25 50.47 98.64
12:37:59 23.02 50.47 98.64
12:38:00 15.52 50.47 98.64
12:38:01 10.94 50.47 98.64
12:38:02 7.89 50.47 98.64
12:38:03 4.68 50.47 98.64
12:38:04 3.47 50.47 98.64
12:38:05 1.86 50.47 98.64
12:38:06 0.52 50.47 98.64
12:38:07 0.22 50.47 98.64
12:38:08 -0.64 50.47 98.64
12:38:09 -1.20 50.47 98.64
12:38:10 -1.93 50.47 98.64
12:38:11 -2.31 50.47 98.64
12:38:12 -2.39 50.47 98.64
12:38:13 -2.49 50.47 98.64
12:38:14 -3.19 50.47 98.64
12:38:15 -2.55 50.47 98.64
12:38:16 -3.00 50.47 98.64
12:38:17 -3.13 50.47 98.64
12:38:18 -3.06 50.47 98.64
12:38:19 -3.51 50.47 98.64
12:38:20 -3.32 50.47 98.64
12:38:21 -3.29 50.47 98.64
12:38:22 -1.71 50.47 98.64
12:38:23 6.05 50.47 98.64
12:38:24 23.43 50.47 98.64
12:38:25 54.41 50.47 98.64
12:38:26 92.93 50.47 98.64
12:38:27 124.49 50.47 98.64
12:38:28 139.60 50.47 98.64
12:38:29 135.49 50.47 98.64
12:38:30 116.19 50.47 98.64
12:38:31 92.13 50.47 98.64
12:38:32 67.24 50.47 98.64
12:38:33 44.13 50.47 98.64
12:38:34 27.72 50.47 98.64
12:38:35 16.80 50.47 98.64
12:38:36 10.01 50.47 98.64
12:38:37 6.15 50.47 98.64
12:38:38 3.56 50.47 98.64
12:38:39 1.76 50.47 98.64
12:38:40 0.87 50.47 98.64
12:38:41 -0.18 50.47 98.64
12:38:42 -0.97 50.47 98.64
12:38:43 -1.63 50.47 98.64
12:38:44 -2.14 50.47 98.64
12:38:45 -2.23 50.47 98.64
12:38:46 -2.69 50.47 98.64
12:38:47 -2.82 50.47 98.64
12:38:48 -3.20 50.47 98.64
12:38:49 -3.54 50.47 98.64
12:38:50 -3.40 50.47 98.64
12:38:51 -3.40 50.47 98.64
12:38:52 -3.09 50.47 98.64
12:38:53 -3.65 50.47 98.64
12:38:54 -3.73 50.47 98.64
12:38:55 -3.69 50.47 98.64
12:38:56 -4.11 50.47 98.64
12:38:57 -3.44 50.47 98.64
12:38:58 -1.53 50.47 98.64
12:38:59 6.71 50.47 98.64
12:39:00 27.13 50.47 98.64
12:39:01 45.05 50.47 98.64
12:39:02 90.78 50.47 98.64
12:39:03 141.12 50.47 98.64
12:39:04 176.10 50.47 98.64
12:39:05 185.89 50.47 98.64
12:39:06 170.52 50.47 98.64
12:39:07 141.33 50.47 98.64
12:39:08 108.91 50.47 98.64
12:39:09 76.50 50.47 98.64
12:39:10 48.63 50.47 98.64
12:39:11 29.91 50.47 98.64
12:39:12 18.91 50.47 98.64
12:39:13 11.58 50.47 98.64
12:39:14 6.81 50.47 98.66
12:39:15 4.32 50.47 98.64
12:39:16 1.83 50.47 98.64
12:39:17 0.34 50.47 98.64
12:39:18 -0.40 50.47 98.64
12:39:19 -1.08 50.47 98.64
12:39:20 -1.82 50.47 98.64
12:39:21 -2.30 50.47 98.64
12:39:22 -2.69 50.47 98.64
12:39:23 -2.73 50.47 98.64
12:39:24 -3.00 50.47 98.64
12:39:25 -3.24 50.47 98.64
12:39:26 -3.00 50.47 98.64
12:39:27 -3.60 50.47 98.64
12:39:28 -3.44 50.47 98.64
12:39:29 -3.72 50.47 98.64
12:39:30 -3.46 50.47 98.64
12:39:31 -3.65 50.47 98.64
12:39:32 -3.60 50.47 98.64
12:39:33 -3.85 50.47 98.64
12:39:34 -3.66 50.47 98.64
12:39:35 -3.83 50.47 98.64
12:39:36 -3.56 50.47 98.64
12:39:37 -3.91 50.47 98.64
12:39:38 -4.19 50.47 98.64
12:39:39 -3.94 50.47 98.64
12:39:40 -3.97 50.47 98.64
12:39:41 -3.55 50.47 98.66
12:39:42 -3.61 50.47 98.66
12:39:43 -3.90 50.47 98.66
12:39:44 -4.00 50.47 98.66
12:39:45 -4.02 50.47 98.64
12:39:46 -3.73 50.47 98.64
12:39:47 -3.92 50.47 98.64
12:39:48 -3.87 50.47 98.64
12:39:49 -4.26 50.47 98.64
12:39:50 -3.96 50.47 98.64
12:39:51 -3.92 50.47 98.64
12:39:52 -3.90 50.47 98.64
12:39:53 -3.97 50.47 98.64
12:39:54 -4.30 50.47 98.64
12:39:55 -4.28 50.47 98.64
12:39:56 -3.85 50.47 98.64
12:39:57 -4.15 50.47 98.64
12:39:58 -4.10 50.47 98.64
12:39:59 -4.12 50.47 98.64
12:40:00 -4.22 50.47 98.64
12:40:01 -3.99 50.47 98.64
12:40:02 -4.35 50.47 98.64
12:40:03 -4.07 50.47 98.64
12:40:04 -4.05 50.47 98.64
12:40:05 -3.96 50.47 98.64
12:40:06 -4.19 50.47 98.64
12:40:07 -3.84 50.47 98.64
12:40:08 -4.10 50.47 98.64
12:40:09 -3.94 50.47 98.64
12:40:10 -3.85 50.47 98.64
12:40:11 -4.04 50.47 98.64
12:40:12 -3.90 50.47 98.64
12:40:13 -4.07 50.47 98.64
12:40:14 -3.92 50.47 98.64
12:40:15 -4.15 50.47 98.64
12:40:16 -3.96 50.47 98.64
12:40:17 -4.32 50.47 98.64
12:40:18 -4.01 50.47 98.64
12:40:19 -4.34 50.47 98.64
12:40:20 -4.47 50.47 98.64
12:40:21 -3.94 50.47 98.64
12:40:22 -3.90 50.47 98.64
12:40:23 -4.01 50.47 98.64
12:40:24 -4.25 50.47 98.64
12:40:25 -4.04 50.47 98.64
12:40:26 -4.27 50.47 98.64
12:40:27 -3.75 50.47 98.64
12:40:28 -3.84 50.47 98.64
12:40:29 -4.07 50.47 98.64
12:40:30 -3.66 50.47 98.64
12:40:31 -4.34 50.47 98.64
12:40:32 -4.25 50.47 98.64
12:40:33 -3.79 50.47 98.64
12:40:34 -4.16 50.47 98.64
12:40:35 -3.93 50.47 98.64
12:40:36 -4.30 50.47 98.64
12:40:37 -3.92 50.47 98.64
12:40:38 -4.19 50.47 98.64
12:40:39 -3.90 50.47 98.64
12:40:40 -4.15 50.47 98.64
12:40:41 -4.18 50.47 98.64
12:40:42 -3.87 50.47 98.64
12:40:43 -4.33 50.47 98.64
12:40:44 -4.41 50.47 98.64
12:40:45 -3.82 50.47 98.64
12:40:46 -3.96 50.47 98.64
12:40:47 -4.32 50.47 98.64
12:40:48 -3.95 50.47 98.64
12:40:49 -4.13 50.47 98.64
12:40:50 -4.28 50.47 98.64
12:40:51 -4.21 50.47 98.64
12:40:52 -4.40 50.47 98.64
12:40:53 -3.74 50.47 98.64
12:40:54 -4.37 50.47 98.64
12:40:55 -4.31 50.47 98.64
12:40:56 -3.85 50.47 98.64
12:40:57 -4.30 50.47 98.64
12:40:58 -3.88 50.47 98.66
12:40:59 -3.81 50.47 98.64
12:41:00 -4.16 50.47 98.64
12:41:01 -3.91 50.47 98.64
12:41:02 -3.84 50.47 98.64
12:41:03 -4.09 50.47 98.66
12:41:04 -4.03 50.47 98.66
12:41:05 -4.59 50.47 98.64
12:41:06 -3.81 50.47 98.64
12:41:07 -4.30 50.47 98.64
12:41:08 -4.10 50.47 98.64
12:41:09 -4.16 50.47 98.64
12:41:10 -4.31 50.47 98.64
12:41:11 -4.25 50.47 98.64
12:41:12 -4.28 50.47 98.64
12:41:13 -3.99 50.47 98.64
12:41:14 -4.22 50.47 98.64
12:41:15 -3.96 50.47 98.66
12:41:16 -4.15 50.47 98.64
12:41:17 -4.25 50.47 98.64
12:41:18 -4.13 50.47 98.64
12:41:19 -4.01 50.47 98.64
12:41:20 -4.30 50.47 98.64
12:41:21 -4.27 50.47 98.66
12:41:22 -4.17 50.47 98.64
12:41:23 -3.82 50.47 98.64
12:41:24 -4.33 50.47 98.64
12:41:25 -4.00 50.47 98.64
12:41:26 -4.13 50.47 98.64
12:41:27 -4.16 50.47 98.64
12:41:28 -3.89 50.47 98.64
12:41:29 -4.24 50.47 98.64
12:41:30 -3.89 50.47 98.64
12:41:31 -4.28 50.47 98.64
12:41:32 -4.00 50.47 98.64
12:41:33 -3.99 50.47 98.64
12:41:34 -4.27 50.47 98.64
12:41:35 -4.40 50.47 98.64
12:41:36 -4.34 50.47 98.64
12:41:37 -4.41 50.47 98.64
12:41:38 -4.21 50.47 98.64
12:41:39 -4.77 50.47 98.64
12:41:40 -4.17 50.47 98.64
12:41:41 -3.96 50.47 98.64
12:41:42 -4.13 50.47 98.64
12:41:43 -4.37 50.47 98.64
12:41:44 -4.02 50.47 98.66
12:41:45 -4.27 50.47 98.66
12:41:46 -4.37 50.47 98.66
12:41:47 -4.08 50.47 98.64
12:41:48 -4.41 50.47 98.64
12:41:49 -4.39 50.47 98.64
12:41:50 -4.35 50.47 98.64
12:41:51 -3.92 50.47 98.66
12:41:52 -4.37 50.47 98.66
12:41:53 -4.27 50.47 98.66
12:41:54 -4.33 50.47 98.64
12:41:55 -3.94 50.47 98.64
12:41:56 -4.28 50.47 98.64
12:41:57 -4.36 50.47 98.64
12:41:58 -4.04 50.47 98.64
12:41:59 -4.07 50.47 98.64
12:42:00 -4.01 50.47 98.64
12:42:01 -4.37 50.47 98.64
12:42:02 -3.48 50.47 98.64
12:42:03 -0.59 50.47 98.64
12:42:04 9.64 50.47 98.64
12:42:05 31.32 50.47 98.64
12:42:06 63.80 50.47 98.64
12:42:07 97.59 50.47 98.64
12:42:08 121.17 50.47 98.64
12:42:09 126.72 50.47 98.64
12:42:10 116.47 50.47 98.64
12:42:11 96.32 50.47 98.64
12:42:12 73.76 50.47 98.64
12:42:13 49.92 50.47 98.64
12:42:14 31.60 50.47 98.64
12:42:15 19.62 50.47 98.64
12:42:16 12.01 50.47 98.64
12:42:17 8.86 50.47 98.64
12:42:18 5.52 50.47 98.66
12:42:19 2.73 50.47 98.64
12:42:20 1.15 50.47 98.64
12:42:21 0.01 50.47 98.64
12:42:22 -0.71 50.47 98.64
12:42:23 -1.78 50.47 98.64
12:42:24 -2.07 50.47 98.64
12:42:25 -2.27 50.47 98.64
12:42:26 -2.77 50.47 98.64
12:42:27 -3.13 50.47 98.66
12:42:28 -3.22 50.47 98.64
12:42:29 -3.45 50.47 98.64
12:42:30 -3.94 50.47 98.64
12:42:31 -3.83 50.47 98.64
12:42:32 -3.43 50.47 98.64
12:42:33 -3.57 50.47 98.64
12:42:34 -4.01 50.47 98.64
12:42:35 -3.71 50.47 98.64
12:42:36 -3.68 50.47 98.64
12:42:37 -3.85 50.47 98.64
12:42:38 -3.56 50.47 98.64
12:42:39 -3.10 50.47 98.64
12:42:40 1.12 50.47 98.64
12:42:41 17.83 50.47 98.64
12:42:42 58.61 50.47 98.64
12:42:43 126.00 50.47 98.64
12:42:44 207.68 50.47 98.64
12:42:45 273.03 50.47 98.64
12:42:46 301.35 50.47 98.64
12:42:47 289.55 50.47 98.64
12:42:48 248.19 50.47 98.64
12:42:49 196.53 50.47 98.64
12:42:50 141.34 50.47 98.64
12:42:51 93.40 50.47 98.64
12:42:52 60.78 50.47 98.64
12:42:53 39.06 50.47 98.64
12:42:54 25.04 50.47 98.64
12:42:55 16.25 50.47 98.64
12:42:56 10.61 50.47 98.64
12:42:57 6.73 50.47 98.64
12:42:58 4.54 50.47 98.64
12:42:59 2.14 50.47 98.64
12:43:00 1.69 50.47 98.64
12:43:01 0.20 50.47 98.64
12:43:02 -0.60 50.47 98.64
12:43:03 -1.38 50.47 98.64
12:43:04 -2.00 50.47 98.64
12:43:05 -2.19 50.47 98.64
12:43:06 -2.67 50.47 98.64
12:43:07 -2.91 50.47 98.64
12:43:08 -3.68 50.47 98.64
12:43:09 -3.18 50.47 98.66
12:43:10 -3.30 50.47 98.66
12:43:11 -3.55 50.47 98.64
12:43:12 -3.59 50.47 98.64
12:43:13 -3.61 50.47 98.64
12:43:14 -3.55 50.47 98.64
12:43:15 -2.45 50.47 98.64
12:43:16 3.03 50.47 98.64
12:43:17 19.57 50.47 98.64
12:43:18 54.07 50.47 98.64
12:43:19 102.58 50.47 98.64
12:43:20 150.90 50.47 98.64
12:43:21 181.81 50.47 98.64
12:43:22 187.63 50.47 98.64
12:43:23 179.48 50.47 98.64
12:43:24 153.57 50.47 98.64
12:43:25 120.45 50.47 98.64
12:43:26 86.92 50.47 98.64
12:43:27 56.64 50.47 98.64
12:43:28 35.74 50.47 98.64
12:43:29 21.74 50.47 98.64
12:43:30 13.31 50.47 98.64
12:43:31 7.95 50.47 98.64
12:43:32 4.96 50.47 98.64
12:43:33 2.18 50.47 98.64
12:43:34 0.98 50.47 98.64
12:43:35 -0.24 50.47 98.64
12:43:36 -1.22 50.47 98.64
12:43:37 -1.59 50.47 98.64
12:43:38 -1.89 50.47 98.64
12:43:39 -3.01 50.47 98.64
12:43:40 -2.73 50.47 98.64
12:43:41 -3.13 50.47 98.64
12:43:42 -3.11 50.47 98.64
12:43:43 -3.48 50.47 98.64
12:43:44 -3.64 50.47 98.64
12:43:45 -3.66 50.47 98.64
12:43:46 -3.48 50.47 98.64
12:43:47 -3.73 50.47 98.64
12:43:48 -3.42 50.47 98.64
12:43:49 -4.04 50.47 98.64
12:43:50 -3.38 50.47 98.64
12:43:51 -3.91 50.47 98.64
12:43:52 -3.98 50.47 98.64
12:43:53 -3.67 50.47 98.64
12:43:54 -1.29 50.47 98.64
12:43:55 8.12 50.47 98.66
12:43:56 33.52 50.47 98.66
12:43:57 79.77 50.47 98.66
12:43:58 138.34 50.47 98.64
12:43:59 191.04 50.47 98.64
12:44:00 217.21 50.47 98.64
12:44:01 213.24 50.47 98.64
12:44:02 186.33 50.47 98.64
12:44:03 148.15 50.47 98.64
12:44:04 110.93 50.47 98.64
12:44:05 91.79 50.47 98.64
12:44:06 58.67 50.47 98.64
12:44:07 36.15 50.47 98.64
12:44:08 22.86 50.47 98.64
12:44:09 14.09 50.47 98.64
12:44:10 8.42 50.47 98.64
12:44:11 5.27 50.47 98.64
12:44:12 2.67 50.47 98.64
12:44:13 1.16 50.47 98.64
12:44:14 0.24 50.47 98.64
12:44:15 -1.23 50.47 98.64
12:44:16 -1.30 50.47 98.64
12:44:17 -2.01 50.47 98.64
12:44:18 -2.13 50.47 98.64
12:44:19 -2.59 50.47 98.64
12:44:20 -2.80 50.47 98.64
12:44:21 -3.37 50.47 98.64
12:44:22 -3.49 50.47 98.66
12:44:23 -3.29 50.47 98.64
12:44:24 -3.37 50.47 98.64
12:44:25 -3.67 50.47 98.64
12:44:26 -3.25 50.47 98.64
12:44:27 -3.33 50.47 98.64
12:44:28 -3.74 50.47 98.64
12:44:29 -3.42 50.47 98.64
12:44:30 -3.82 50.47 98.64
12:44:31 -3.37 50.47 98.64
12:44:32 -0.74 50.47 98.64
12:44:33 8.49 50.47 98.64
12:44:34 32.39 50.47 98.64
12:44:35 71.40 50.47 98.64
12:44:36 118.43 50.47 98.64
12:44:37 155.74 50.47 98.64
12:44:38 171.97 50.47 98.64
12:44:39 164.54 50.47 98.64
12:44:40 140.67 50.47 98.64
12:44:41 109.68 50.47 98.64
12:44:42 80.59 50.47 98.64
12:44:43 52.98 50.47 98.64
12:44:44 33.66 50.47 98.64
12:44:45 20.92 50.47 98.64
12:44:46 12.93 50.47 98.64
12:44:47 8.05 50.47 98.64
12:44:48 4.87 50.47 98.64
12:44:49 3.32 50.47 98.64
12:44:50 1.66 50.47 98.64
12:44:51 0.55 50.47 98.64
12:44:52 -0.67 50.47 98.64
12:44:53 -1.50 50.47 98.64
12:44:54 -1.77 50.47 98.64
12:44:55 -2.01 50.47 98.64
12:44:56 -2.14 50.47 98.64
12:44:57 -2.88 50.47 98.64
12:44:58 -2.86 50.47 98.64
12:44:59 -3.11 50.47 98.64
12:45:00 -3.79 50.47 98.64
12:45:01 -3.42 50.47 98.64
12:45:02 -3.52 50.47 98.64
12:45:03 -3.51 50.47 98.64
12:45:04 -3.46 50.47 98.64
12:45:05 -3.60 50.47 98.64
12:45:06 -3.75 50.47 98.64
12:45:07 -3.59 50.47 98.64
12:45:08 -3.77 50.47 98.64
12:45:09 -2.48 50.47 98.64
12:45:10 2.65 50.47 98.64
12:45:11 8.15 50.47 98.64
12:45:12 28.87 50.47 98.64
12:45:13 60.12 50.47 98.64
12:45:14 94.89 50.47 98.64
12:45:15 121.12 50.47 98.64
12:45:16 130.26 50.47 98.64
12:45:17 122.24 50.47 98.64
12:45:18 103.01 50.47 98.64
12:45:19 79.81 50.47 98.64
12:45:20 57.54 50.47 98.64
12:45:21 37.08 50.47 98.64
12:45:22 22.94 50.47 98.64
12:45:23 14.14 50.47 98.64
12:45:24 8.14 50.47 98.64
12:45:25 4.53 50.47 98.64
12:45:26 2.27 50.47 98.64
12:45:27 1.15 50.47 98.64
12:45:28 -0.22 50.47 98.64
12:45:29 -1.16 50.47 98.64
12:45:30 -1.56 50.47 98.64
12:45:31 -2.13 50.47 98.64
12:45:32 -2.51 50.47 98.64
12:45:33 -2.58 50.47 98.64
12:45:34 -3.10 50.47 98.64
12:45:35 -3.12 50.47 98.64
12:45:36 -3.28 50.47 98.64
12:45:37 -3.43 50.47 98.64
12:45:38 -3.85 50.47 98.64
12:45:39 -3.99 50.47 98.64
12:45:40 -3.96 50.47 98.64
12:45:41 -3.47 50.47 98.64
12:45:42 -3.74 50.47 98.64
12:45:43 -4.08 50.47 98.64
12:45:44 -3.67 50.47 98.64
12:45:45 -4.23 50.47 98.64
12:45:46 -3.66 50.47 98.64
12:45:47 -4.26 50.47 98.64
12:45:48 -3.61 50.47 98.64
12:45:49 0.28 50.47 98.64
12:45:50 12.87 50.47 98.64
12:45:51 44.54 50.47 98.64
12:45:52 95.54 50.47 98.64
12:45:53 155.53 50.47 98.64
12:45:54 182.59 50.47 98.64
12:45:55 216.93 50.47 98.64
12:45:56 221.59 50.47 98.64
12:45:57 199.79 50.47 98.64
12:45:58 162.55 50.47 98.64
12:45:59 123.42 50.47 98.64
12:46:00 85.75 50.47 98.64
12:46:01 54.87 50.47 98.64
12:46:02 34.51 50.47 98.64
12:46:03 21.94 50.47 98.64
12:46:04 13.87 50.47 98.64
12:46:05 8.92 50.47 98.64
12:46:06 5.28 50.47 98.64
12:46:07 2.73 50.47 98.64
12:46:08 1.26 50.47 98.64
12:46:09 -0.16 50.47 98.64
12:46:10 -0.71 50.47 98.64
12:46:11 -1.55 50.47 98.64
12:46:12 -2.22 50.47 98.64
12:46:13 -2.19 50.47 98.64
12:46:14 -2.84 50.47 98.64
12:46:15 -3.08 50.47 98.64
12:46:16 -3.15 50.47 98.64
12:46:17 -3.13 50.47 98.64
12:46:18 -3.30 50.47 98.64
12:46:19 -3.15 50.47 98.64
12:46:20 -3.42 50.47 98.64
12:46:21 -3.71 50.47 98.64
12:46:22 -3.97 50.47 98.64
12:46:23 -3.63 50.47 98.64
12:46:24 -3.99 50.47 98.64
12:46:25 -3.37 50.47 98.64
12:46:26 -2.25 50.47 98.64
12:46:27 4.99 50.47 98.64
12:46:28 27.92 50.47 98.64
12:46:29 74.45 50.47 98.64
12:46:30 141.57 50.47 98.64
12:46:31 206.83 50.47 98.64
12:46:32 250.43 50.47 98.64
12:46:33 257.09 50.47 98.64
12:46:34 232.48 50.47 98.64
12:46:35 190.30 50.47 98.64
12:46:36 145.15 50.47 98.64
12:46:37 123.27 50.47 98.64
12:46:38 81.24 50.47 98.64
12:46:39 51.84 50.47 98.64
12:46:40 32.08 50.47 98.64
12:46:41 20.91 50.47 98.64
12:46:42 13.17 50.47 98.64
12:46:43 8.04 50.47 98.64
12:46:44 4.81 50.47 98.64
12:46:45 2.94 50.47 98.64
12:46:46 1.33 50.47 98.64
12:46:47 0.11 50.47 98.64
12:46:48 -0.63 50.47 98.64
12:46:49 -1.18 50.47 98.64
12:46:50 -2.14 50.47 98.64
12:46:51 -1.92 50.47 98.64
12:46:52 -2.45 50.47 98.64
12:46:53 -2.82 50.47 98.64
12:46:54 -2.72 50.47 98.64
12:46:55 -3.26 50.47 98.64
12:46:56 -3.13 50.47 98.64
12:46:57 -3.70 50.47 98.64
12:46:58 -3.28 50.47 98.64
12:46:59 -3.40 50.47 98.64
12:47:00 -3.55 50.47 98.64
12:47:01 -3.99 50.47 98.64
12:47:02 -3.37 50.47 98.64
12:47:03 -3.79 50.47 98.64
12:47:04 -3.81 50.47 98.64
12:47:05 -3.89 50.47 98.64
12:47:06 -3.97 50.47 98.64
12:47:07 -3.93 50.47 98.64
12:47:08 -4.22 50.47 98.64
12:47:09 -3.70 50.47 98.64
12:47:10 -3.74 50.47 98.64
12:47:11 -4.11 50.47 98.64
12:47:12 -3.99 50.47 98.64
12:47:13 -4.26 50.47 98.64
12:47:14 -4.21 50.47 98.64
12:47:15 -4.07 50.47 98.64
12:47:16 -3.98 50.47 98.64
12:47:17 -4.33 50.47 98.64
12:47:18 -4.15 50.47 98.64
12:47:19 -4.13 50.47 98.64
12:47:20 -4.05 50.47 98.64
12:47:21 -4.15 50.47 98.64
12:47:22 -4.00 50.47 98.64
12:47:23 -3.96 50.47 98.64
12:47:24 -3.86 50.47 98.64
12:47:25 -4.40 50.47 98.64
12:47:26 -4.06 50.47 98.64
12:47:27 -4.01 50.47 98.64
12:47:28 -4.07 50.47 98.64
12:47:29 -3.74 50.47 98.64
12:47:30 -4.19 50.47 98.64
12:47:31 -4.05 50.47 98.64
12:47:32 -3.74 50.47 98.64
12:47:33 -4.07 50.47 98.64
12:47:34 -3.95 50.47 98.64
12:47:35 -4.23 50.47 98.64
12:47:36 -4.02 50.47 98.64
12:47:37 -4.28 50.47 98.64
12:47:38 -3.85 50.47 98.64
12:47:39 -4.29 50.47 98.64
12:47:40 -4.05 50.47 98.64
12:47:41 -4.10 50.47 98.64
12:47:42 -4.15 50.47 98.64
12:47:43 -4.14 50.47 98.64
12:47:44 -4.42 50.47 98.64
12:47:45 -4.12 50.47 98.64
12:47:46 -3.85 50.47 98.64
12:47:47 -4.30 50.47 98.64
12:47:48 -4.40 50.47 98.64
12:47:49 -4.27 50.47 98.64
12:47:50 -4.16 50.47 98.64
12:47:51 -4.26 50.47 98.64
12:47:52 -4.23 50.47 98.64
12:47:53 -3.84 50.47 98.64
12:47:54 -4.31 50.47 98.64
12:47:55 -4.37 50.47 98.64
12:47:56 -3.75 50.47 98.64
12:47:57 -4.31 50.47 98.64
12:47:58 -4.13 50.47 98.64
12:47:59 -4.18 50.47 98.64
12:48:00 -4.01 50.47 98.64
12:48:01 -4.45 50.47 98.64
12:48:02 -4.01 50.47 98.64
12:48:03 -3.92 50.47 98.64
12:48:04 -3.78 50.47 98.64
12:48:05 -4.53 50.47 98.64
12:48:06 -4.16 50.47 98.64
12:48:07 -4.05 50.47 98.64
12:48:08 -4.27 50.47 98.64
12:48:09 -4.22 50.47 98.64
12:48:10 -4.19 50.47 98.64
12:48:11 -4.33 50.47 98.64
12:48:12 -3.84 50.47 98.64
12:48:13 -3.98 50.47 98.64
12:48:14 -4.12 50.47 98.64
12:48:15 -4.03 50.47 98.64
12:48:16 -4.12 50.47 98.64
12:48:17 -4.34 50.47 98.64
12:48:18 -3.94 50.47 98.64
12:48:19 -4.08 50.47 98.64
12:48:20 -4.53 50.47 98.64
12:48:21 -4.02 50.47 98.64
12:48:22 -4.06 50.47 98.64
12:48:23 -4.25 50.47 98.64
12:48:24 -4.19 50.47 98.64
12:48:25 -4.44 50.47 98.64
12:48:26 -4.24 50.47 98.64
12:48:27 -4.26 50.47 98.64
12:48:28 -4.25 50.47 98.64
12:48:29 -4.00 50.47 98.64
12:48:30 -3.38 50.47 98.64
12:48:31 1.58 50.47 98.64
12:48:32 14.04 50.47 98.64
12:48:33 38.98 50.47 98.64
12:48:34 73.96 50.47 98.64
12:48:35 106.83 50.47 98.64
12:48:36 127.18 50.47 98.64
12:48:38 123.21 50.47 98.64
12:48:39 104.79 50.47 98.64
12:48:40 80.87 50.47 98.64
12:48:41 58.58 50.47 98.64
12:48:42 48.92 50.47 98.64
12:48:43 32.56 50.47 98.64
12:48:44 19.61 50.47 98.64
12:48:45 11.07 50.47 98.64
12:48:46 6.15 50.47 98.64
12:48:47 3.02 50.47 98.64
12:48:48 1.20 50.47 98.64
12:48:49 0.05 50.47 98.64
12:48:50 -1.18 50.47 98.64
12:48:51 -1.64 50.47 98.64
12:48:52 -2.19 50.47 98.64
12:48:53 -3.06 50.47 98.64
12:48:54 -2.87 50.47 98.64
12:48:55 -3.50 50.47 98.64
12:48:56 -3.24 50.47 98.64
12:48:57 -3.06 50.47 98.64
12:48:58 -3.71 50.47 98.64
12:48:59 -3.75 50.47 98.64
12:49:00 -3.74 50.47 98.64
12:49:01 -4.03 50.47 98.64
12:49:02 -4.10 50.47 98.64
12:49:03 -4.15 50.47 98.64
12:49:04 -4.19 50.47 98.64
12:49:05 -4.04 50.47 98.64
12:49:06 -3.76 50.47 98.64
12:49:07 -4.35 50.47 98.64
12:49:08 -3.77 50.47 98.64
12:49:09 -4.19 50.47 98.64
12:49:10 -3.82 50.47 98.64
12:49:11 -3.21 50.47 98.64
12:49:12 -0.72 50.47 98.64
12:49:13 7.77 50.47 98.64
12:49:14 23.26 50.47 98.64
12:49:15 45.11 50.47 98.64
12:49:16 65.78 50.47 98.64
12:49:17 78.71 50.47 98.64
12:49:18 79.78 50.47 98.64
12:49:19 71.55 50.47 98.64
12:49:20 57.15 50.47 98.64
12:49:21 42.93 50.47 98.64
12:49:22 29.95 50.47 98.64
12:49:23 19.24 50.47 98.64
12:49:24 11.16 50.47 98.64
12:49:25 6.64 50.47 98.64
12:49:26 5.08 50.47 98.64
12:49:27 2.33 50.47 98.64
12:49:28 0.58 50.47 98.64
12:49:29 -0.39 50.47 98.64
12:49:30 -1.14 50.47 98.64
12:49:31 -1.64 50.47 98.64
12:49:32 -2.11 50.47 98.64
12:49:33 -2.54 50.47 98.64
12:49:34 -2.73 50.47 98.64
12:49:35 -2.81 50.47 98.64
12:49:36 -2.87 50.47 98.64
12:49:37 -3.78 50.47 98.64
12:49:38 -3.67 50.47 98.64
12:49:39 -3.48 50.47 98.64
12:49:40 -3.57 50.47 98.64
12:49:41 -3.98 50.47 98.64
12:49:42 -3.72 50.47 98.64
12:49:43 -4.18 50.47 98.64
12:49:44 -4.00 50.47 98.64
12:49:45 -3.94 50.47 98.64
12:49:46 -3.43 50.47 98.64
12:49:47 -2.88 50.47 98.64
12:49:48 1.50 50.47 98.64
12:49:49 15.43 50.47 98.64
12:49:50 44.50 50.47 98.64
12:49:51 86.68 50.47 98.64
12:49:52 131.81 50.47 98.64
12:49:53 163.25 50.47 98.64
12:49:54 173.36 50.47 98.64
12:49:55 160.51 50.47 98.64
12:49:56 135.36 50.47 98.64
12:49:57 104.25 50.47 98.64
12:49:58 74.85 50.47 98.64
12:49:59 47.79 50.47 98.64
12:50:00 28.93 50.47 98.64
12:50:01 17.32 50.47 98.64
12:50:02 9.73 50.47 98.64
12:50:03 5.36 50.47 98.64
12:50:04 1.98 50.47 98.64
12:50:05 0.35 50.47 98.64
12:50:06 -0.87 50.47 98.64
12:50:07 -2.31 50.47 98.64
12:50:08 -2.46 50.47 98.64
12:50:09 -2.81 50.47 98.64
12:50:10 -3.07 50.47 98.64
12:50:11 -3.34 50.47 98.64
12:50:12 -3.27 50.47 98.64
12:50:13 -3.74 50.47 98.64
12:50:14 -3.66 50.47 98.64
12:50:15 -3.86 50.47 98.66
12:50:16 -4.15 50.47 98.66
12:50:17 -4.03 50.47 98.66
12:50:18 -4.00 50.47 98.66
12:50:19 -3.61 50.47 98.66
12:50:20 -3.95 50.47 98.64
12:50:21 -4.32 50.47 98.64
12:50:22 -4.17 50.47 98.64
12:50:23 -4.09 50.47 98.64
12:50:24 -4.16 50.47 98.64
12:50:25 -2.87 50.47 98.64
12:50:26 3.60 50.47 98.64
12:50:27 23.28 50.47 98.64
12:50:28 66.17 50.47 98.64
12:50:29 131.12 50.47 98.64
12:50:30 200.43 50.47 98.64
12:50:31 228.32 50.47 98.64
12:50:32 259.88 50.47 98.64
12:50:33 254.95 50.47 98.64
12:50:34 222.18 50.47 98.64
12:50:35 176.93 50.47 98.64
12:50:36 132.36 50.47 98.64
12:50:37 94.26 50.47 98.64
12:50:38 63.38 50.47 98.64
12:50:39 39.49 50.47 98.64
12:50:40 25.08 50.47 98.64
12:50:41 16.32 50.47 98.64
12:50:42 10.61 50.47 98.64
12:50:43 6.86 50.47 98.64
12:50:44 4.10 50.47 98.64
12:50:45 2.26 50.47 98.64
12:50:46 0.88 50.47 98.64
12:50:47 0.21 50.47 98.64
12:50:48 -0.69 50.47 98.64
12:50:49 -1.04 50.47 98.64
12:50:50 -1.72 50.47 98.64
12:50:51 -1.81 50.47 98.66
12:50:52 -2.20 50.47 98.66
12:50:53 -2.48 50.47 98.66
12:50:54 -2.65 50.47 98.66
12:50:55 -3.15 50.47 98.66
12:50:56 -2.88 50.47 98.66
12:50:57 -3.26 50.47 98.66
12:50:58 -3.56 50.47 98.64
12:50:59 -3.50 50.47 98.64
12:51:00 -3.52 50.47 98.64
12:51:01 -3.38 50.47 98.64
12:51:02 -3.49 50.47 98.64
12:51:03 -3.50 50.47 98.64
12:51:04 -3.60 50.47 98.64
12:51:05 -1.14 50.47 98.64
12:51:06 5.15 50.47 98.64
12:51:07 18.24 50.47 98.64
12:51:08 36.93 50.47 98.64
12:51:09 55.76 50.47 98.64
12:51:10 68.33 50.47 98.64
12:51:11 70.19 50.47 98.64
12:51:12 63.61 50.47 98.64
12:51:13 51.61 50.47 98.64
12:51:14 45.03 50.47 98.64
12:51:15 32.59 50.47 98.64
12:51:16 20.83 50.47 98.64
12:51:17 12.31 50.47 98.64
12:51:18 6.69 50.47 98.64
12:51:19 3.71 50.47 98.64
12:51:20 1.66 50.47 98.66
12:51:21 -0.33 50.47 98.64
12:51:22 -1.13 50.47 98.64
12:51:23 -1.54 50.47 98.64
12:51:24 -2.23 50.47 98.64
12:51:25 -2.45 50.47 98.64
12:51:26 -3.07 50.47 98.64
12:51:27 -3.07 50.47 98.64
12:51:28 -3.06 50.47 98.64
12:51:29 -3.75 50.47 98.64
12:51:30 -3.98 50.47 98.66
12:51:31 -3.59 50.47 98.66
12:51:32 -3.85 50.47 98.66
12:51:33 -3.61 50.47 98.64
12:51:34 -3.96 50.47 98.64
12:51:35 -3.74 50.47 98.64
12:51:36 -3.96 50.47 98.64
12:51:37 -4.29 50.47 98.64
12:51:38 -4.22 50.47 98.64
12:51:39 -3.85 50.47 98.64
12:51:40 -3.96 50.47 98.64
12:51:41 -4.26 50.47 98.64
12:51:42 -3.66 50.47 98.64
12:51:43 -4.01 50.47 98.64
12:51:44 -4.26 50.47 98.64
12:51:45 -3.61 50.47 98.64
12:51:46 -4.36 50.47 98.66
12:51:47 -4.09 50.47 98.64
12:51:48 -4.14 50.47 98.64
12:51:49 -3.92 50.47 98.64
12:51:50 -4.16 50.47 98.64
12:51:51 -4.13 50.47 98.64
12:51:52 -4.01 50.47 98.64
12:51:53 -4.39 50.47 98.64
12:51:54 -4.15 50.47 98.64
12:51:55 -4.29 50.47 98.64
12:51:56 -3.93 50.47 98.66
12:51:57 -4.12 50.47 98.64
12:51:58 -4.13 50.47 98.64
12:51:59 -4.71 50.47 98.64
12:52:00 -4.20 50.47 98.64
12:52:01 -4.30 50.47 98.64
12:52:02 -4.07 50.47 98.64
12:52:03 -3.82 50.47 98.64
12:52:04 -4.22 50.47 98.64
12:52:05 -4.23 50.47 98.66
12:52:06 -4.08 50.47 98.64
12:52:07 -3.92 50.47 98.64
12:52:08 -4.22 50.47 98.66
12:52:09 -4.62 50.47 98.64
12:52:10 -3.91 50.47 98.64
12:52:11 -3.91 50.47 98.64
12:52:12 -4.42 50.47 98.64
12:52:13 -3.95 50.47 98.64
12:52:14 -4.58 50.47 98.64
12:52:15 -4.01 50.47 98.64
12:52:16 -4.11 50.47 98.64
12:52:17 -3.96 50.47 98.64
12:52:18 -4.15 50.47 98.64
12:52:19 -4.17 50.47 98.64
12:52:20 -4.14 50.47 98.64
12:52:21 -4.14 50.47 98.64
12:52:22 -4.57 50.47 98.64
12:52:23 -4.44 50.47 98.64
12:52:24 -4.17 50.47 98.64
12:52:25 -4.06 50.47 98.64
12:52:26 -3.98 50.47 98.64
12:52:27 -3.97 50.47 98.64
12:52:28 -4.26 50.47 98.64
12:52:29 -4.25 50.47 98.64
12:52:30 -4.51 50.47 98.64
12:52:31 -4.20 50.47 98.64
12:52:32 -4.24 50.47 98.66
12:52:33 -3.96 50.47 98.64
12:52:34 -4.36 50.47 98.64
12:52:35 -4.39 50.47 98.66
12:52:36 -4.38 50.47 98.66
12:52:37 -4.17 50.47 98.66
12:52:38 -4.36 50.47 98.64
12:52:39 -4.14 50.47 98.64
12:52:40 -4.20 50.47 98.64
12:52:41 -4.40 50.47 98.64
12:52:42 -3.77 50.47 98.64
12:52:43 -4.22 50.47 98.64
12:52:44 -4.27 50.47 98.66
12:52:45 -4.40 50.47 98.66
12:52:46 -4.25 50.47 98.66
12:52:47 -4.13 50.47 98.66
12:52:48 -3.81 50.47 98.64
12:52:49 -4.38 50.47 98.64
12:52:50 -4.33 50.47 98.64
12:52:51 -3.85 50.47 98.64
12:52:52 -4.32 50.47 98.64
12:52:53 -4.42 50.47 98.64
12:52:54 -3.85 50.47 98.64
12:52:55 -4.36 50.47 98.64
12:52:56 -4.14 50.47 98.66
12:52:57 -4.39 50.47 98.66
12:52:58 -3.93 50.47 98.66
12:52:59 -4.61 50.47 98.66
12:53:00 -4.47 50.47 98.66
12:53:01 -3.98 50.47 98.66
12:53:02 -4.11 50.47 98.66
12:53:03 -3.93 50.47 98.66
12:53:04 -4.33 50.47 98.64
12:53:05 -4.36 50.47 98.64
12:53:06 -4.16 50.47 98.66
12:53:07 -4.41 50.47 98.64
12:53:08 -4.32 50.47 98.64
12:53:09 -4.10 50.47 98.64
12:53:10 -4.21 50.47 98.64
12:53:11 -4.30 50.47 98.64
12:53:12 -4.05 50.47 98.64
12:53:13 -4.27 50.47 98.64
12:53:14 -4.05 50.47 98.64
12:53:15 -4.38 50.47 98.64
12:53:16 -3.45 50.47 98.64
12:53:17 1.33 50.47 98.64
12:53:18 17.03 50.47 98.64
12:53:19 49.52 50.47 98.64
12:53:20 99.09 50.47 98.64
12:53:21 151.14 50.47 98.64
12:53:22 188.24 50.47 98.64
12:53:23 198.03 50.47 98.64
12:53:24 192.58 50.47 98.64
12:53:25 168.86 50.47 98.64
12:53:26 134.78 50.47 98.64
12:53:27 100.59 50.47 98.64
12:53:28 68.29 50.47 98.64
12:53:29 43.05 50.47 98.64
12:53:30 26.76 50.47 98.64
12:53:31 16.69 50.47 98.64
12:53:32 10.11 50.47 98.64
12:53:33 6.22 50.47 98.64
12:53:34 3.34 50.47 98.64
12:53:35 2.03 50.47 98.64
12:53:36 0.30 50.47 98.64
12:53:37 -0.69 50.47 98.66
12:53:38 -1.39 50.47 98.64
12:53:39 -2.06 50.47 98.64
12:53:40 -2.10 50.47 98.64
12:53:41 -2.74 50.47 98.66
12:53:42 -3.27 50.47 98.66
12:53:43 -3.13 50.47 98.66
12:53:44 -3.30 50.47 98.66
12:53:45 -3.27 50.47 98.64
12:53:46 -3.62 50.47 98.64
12:53:47 -3.62 50.47 98.64
12:53:48 -3.78 50.47 98.64
12:53:49 -3.87 50.47 98.64
12:53:50 -3.82 50.47 98.64
12:53:51 -3.70 50.47 98.64
12:53:52 -2.96 50.47 98.64
12:53:53 0.65 50.47 98.64
12:53:54 13.34 50.47 98.64
12:53:55 39.61 50.47 98.64
12:53:56 79.29 50.47 98.64
12:53:57 120.05 50.47 98.64
12:53:58 148.88 50.47 98.64
12:53:59 156.72 50.47 98.64
12:54:00 144.03 50.47 98.64
12:54:01 118.66 50.47 98.64
12:54:02 91.54 50.47 98.64
12:54:03 65.18 50.47 98.64
12:54:04 41.96 50.47 98.66
12:54:05 26.24 50.47 98.64
12:54:06 16.87 50.47 98.64
12:54:07 9.92 50.47 98.66
12:54:08 7.72 50.47 98.66
12:54:09 4.75 50.47 98.64
12:54:10 2.77 50.47 98.64
12:54:11 0.87 50.47 98.66
12:54:12 0.09 50.47 98.64
12:54:13 -1.11 50.47 98.64
12:54:14 -1.29 50.47 98.64
12:54:15 -1.74 50.47 98.64
12:54:16 -2.53 50.47 98.66
12:54:17 -2.88 50.47 98.66
12:54:18 -2.99 50.47 98.64
12:54:19 -3.23 50.47 98.64
12:54:20 -3.25 50.47 98.64
12:54:21 -3.09 50.47 98.64
12:54:22 -3.81 50.47 98.64
12:54:23 -3.58 50.47 98.64
12:54:24 -3.68 50.47 98.64
12:54:25 -3.61 50.47 98.66
12:54:26 -3.62 50.47 98.66
12:54:27 -2.95 50.47 98.66
12:54:28 2.19 50.47 98.64
12:54:29 7.80 50.47 98.64
12:54:30 31.30 50.47 98.64
12:54:31 71.40 50.47 98.64
12:54:32 121.12 50.47 98.64
12:54:33 163.66 50.47 98.64
12:54:34 184.19 50.47 98.64
12:54:35 179.24 50.47 98.64
12:54:36 155.72 50.47 98.66
12:54:37 123.44 50.47 98.66
12:54:38 90.72 50.47 98.66
12:54:39 59.51 50.47 98.66
12:54:40 37.03 50.47 98.66
12:54:41 22.66 50.47 98.66
12:54:42 13.80 50.47 98.64
12:54:43 7.63 50.47 98.64
12:54:44 4.05 50.47 98.64
12:54:45 2.18 50.47 98.64
12:54:46 -0.09 50.47 98.64
12:54:47 -0.48 50.47 98.64
12:54:48 -1.41 50.47 98.64
12:54:49 -2.41 50.47 98.64
12:54:50 -2.58 50.47 98.64
12:54:51 -2.74 50.47 98.64
12:54:52 -3.14 50.47 98.64
12:54:53 -3.23 50.47 98.64
12:54:54 -3.34 50.47 98.64
12:54:55 -3.47 50.47 98.64
12:54:56 -3.90 50.47 98.64
12:54:57 -3.71 50.47 98.64
12:54:58 -3.71 50.47 98.64
12:54:59 -4.06 50.47 98.64
12:55:00 -3.95 50.47 98.64
12:55:01 -3.93 50.47 98.64
12:55:02 -3.59 50.47 98.64
12:55:03 -1.33 50.47 98.64
12:55:04 7.29 50.47 98.64
12:55:05 26.83 50.47 98.64
12:55:06 58.68 50.47 98.64
12:55:07 95.70 50.47 98.64
12:55:08 123.94 50.47 98.64
12:55:09 135.66 50.47 98.64
12:55:10 128.46 50.47 98.64
12:55:11 109.44 50.47 98.64
12:55:12 85.43 50.47 98.64
12:55:13 73.88 50.47 98.64
12:55:14 50.63 50.47 98.64
12:55:15 31.61 50.47 98.66
12:55:16 19.80 50.47 98.66
12:55:17 12.22 50.47 98.66
12:55:18 7.33 50.47 98.66
12:55:19 4.13 50.47 98.66
12:55:20 2.18 50.47 98.64
12:55:21 0.50 50.47 98.64
12:55:22 -0.27 50.47 98.64
12:55:23 -1.30 50.47 98.64
12:55:24 -1.72 50.47 98.64
12:55:25 -2.32 50.47 98.64
12:55:26 -2.71 50.47 98.64
12:55:27 -2.69 50.47 98.64
12:55:28 -3.00 50.47 98.64
12:55:29 -4.01 50.47 98.66
12:55:30 -3.42 50.47 98.64
12:55:31 -3.36 50.47 98.64
12:55:32 -3.88 50.47 98.64
12:55:33 -3.53 50.47 98.64
12:55:34 -3.65 50.47 98.64
12:55:35 -3.85 50.47 98.64
12:55:36 -3.87 50.47 98.64
12:55:37 -4.04 50.47 98.64
12:55:38 -3.42 50.47 98.64
12:55:39 0.21 50.47 98.64
12:55:40 12.02 50.47 98.64
12:55:41 40.67 50.47 98.64
12:55:42 87.25 50.47 98.64
12:55:43 142.10 50.47 98.64
12:55:44 185.36 50.47 98.64
12:55:45 202.27 50.47 98.64
12:55:46 192.93 50.47 98.64
12:55:47 164.30 50.47 98.64
12:55:48 128.34 50.47 98.64
12:55:49 94.51 50.47 98.64
12:55:50 62.69 50.47 98.64
12:55:51 38.92 50.47 98.64
12:55:52 23.79 50.47 98.64
12:55:53 13.91 50.47 98.66
12:55:54 8.59 50.47 98.66
12:55:55 4.62 50.47 98.66
12:55:56 3.06 50.47 98.66
12:55:57 1.12 50.47 98.66
12:55:58 -0.30 50.47 98.66
12:55:59 -0.90 50.47 98.64
12:56:00 -2.08 50.47 98.64
12:56:01 -2.48 50.47 98.64
12:56:02 -2.65 50.47 98.64
12:56:03 -3.38 50.47 98.64
12:56:04 -3.50 50.47 98.64
12:56:05 -3.56 50.47 98.64
12:56:06 -3.54 50.47 98.64
12:56:07 -4.07 50.47 98.64
12:56:08 -3.68 50.47 98.64
12:56:09 -3.51 50.47 98.64
12:56:10 -4.23 50.47 98.66
12:56:11 -3.76 50.47 98.66
12:56:12 -3.82 50.47 98.64
12:56:13 -3.91 50.47 98.64
12:56:14 -4.26 50.47 98.66
12:56:15 -4.26 50.47 98.66
12:56:16 -3.87 50.47 98.64
12:56:17 -4.22 50.47 98.64
12:56:18 -4.12 50.47 98.64
12:56:19 -4.21 50.47 98.64
12:56:20 -3.96 50.47 98.64
12:56:21 -4.35 50.47 98.64
12:56:22 -4.11 50.47 98.64
12:56:23 -4.09 50.47 98.64
12:56:24 -4.17 50.47 98.64
12:56:25 -4.06 50.47 98.66
12:56:26 -4.15 50.47 98.66
12:56:27 -3.97 50.47 98.66
12:56:28 -4.29 50.47 98.64
12:56:29 -4.22 50.47 98.64
12:56:30 -4.27 50.47 98.64
12:56:31 -4.26 50.47 98.64
12:56:32 -4.11 50.47 98.64
12:56:33 -4.01 50.47 98.64
12:56:34 -4.41 50.47 98.64
12:56:35 -4.12 50.47 98.66
12:56:36 -4.09 50.47 98.66
12:56:37 -4.68 50.47 98.64
12:56:38 -4.11 50.47 98.64
12:56:39 -3.88 50.47 98.64
12:56:40 -3.94 50.47 98.64
12:56:41 -4.47 50.47 98.64
12:56:42 -4.22 50.47 98.64
12:56:43 -4.05 50.47 98.64
12:56:44 -4.19 50.47 98.64
12:56:45 -4.23 50.47 98.64
12:56:46 -4.04 50.47 98.64
12:56:47 -4.03 50.47 98.64
12:56:48 -4.47 50.47 98.64
12:56:49 -3.98 50.47 98.64
12:56:50 -4.01 50.47 98.64
12:56:51 -4.39 50.47 98.64
12:56:52 -4.30 50.47 98.64
12:56:53 -4.34 50.47 98.64
12:56:54 -4.02 50.47 98.64
12:56:55 -3.75 50.47 98.64
12:56:56 -4.49 50.47 98.64
12:56:57 -4.00 50.47 98.64
12:56:58 -4.49 50.47 98.64
12:56:59 -4.14 50.47 98.64
12:57:00 -4.17 50.47 98.64
12:57:01 -4.01 50.47 98.64
12:57:02 -4.26 50.47 98.64
12:57:03 -4.43 50.47 98.64
12:57:04 -4.36 50.47 98.64
12:57:05 -4.41 50.47 98.64
12:57:06 -4.16 50.47 98.64
12:57:07 -4.10 50.47 98.64
12:57:08 -4.21 50.47 98.64
12:57:09 -4.32 50.47 98.64
12:57:10 -3.96 50.47 98.64
12:57:11 -4.42 50.47 98.64
12:57:12 -4.24 50.47 98.64
12:57:13 -3.14 50.47 98.64
12:57:14 5.13 50.47 98.64
12:57:15 33.47 50.47 98.64
12:57:16 96.73 50.47 98.64
12:57:17 198.60 50.47 98.64
12:57:18 311.50 50.47 98.64
12:57:19 397.77 50.47 98.64
12:57:20 428.79 50.47 98.64
12:57:21 404.50 50.47 98.64
12:57:22 344.30 50.47 98.64
12:57:23 307.38 50.47 98.64
12:57:24 235.29 50.47 98.64
12:57:25 164.67 50.47 98.64
12:57:26 108.26 50.47 98.64
12:57:27 70.70 50.47 98.64
12:57:28 45.89 50.47 98.64
12:57:29 30.55 50.47 98.64
12:57:30 20.60 50.47 98.64
12:57:31 13.92 50.47 98.64
12:57:32 9.25 50.47 98.64
12:57:33 6.71 50.47 98.64
12:57:34 4.13 50.47 98.64
12:57:35 1.94 50.47 98.64
12:57:36 1.44 50.47 98.64
12:57:37 -0.25 50.47 98.64
12:57:38 -0.91 50.47 98.64
12:57:39 -1.31 50.47 98.64
12:57:40 -1.41 50.47 98.64
12:57:41 -2.55 50.47 98.64
12:57:42 -2.44 50.47 98.64
12:57:43 -3.06 50.47 98.64
12:57:44 -3.08 50.47 98.64
12:57:45 -3.33 50.47 98.64
12:57:46 -3.24 50.47 98.64
12:57:47 -3.20 50.47 98.64
12:57:48 -3.40 50.47 98.64
12:57:49 -3.62 50.47 98.64
12:57:50 -3.72 50.47 98.64
12:57:51 -3.95 50.47 98.64
12:57:52 -3.58 50.47 98.64
12:57:53 -3.26 50.47 98.64
12:57:54 0.27 50.47 98.64
12:57:55 10.84 50.47 98.64
12:57:56 32.52 50.47 98.64
12:57:57 64.18 50.47 98.64
12:57:58 97.64 50.47 98.64
12:57:59 119.61 50.47 98.64
12:58:00 125.71 50.47 98.64
12:58:01 114.36 50.47 98.64
12:58:02 93.89 50.47 98.64
12:58:03 71.18 50.47 98.64
12:58:04 50.24 50.47 98.64
12:58:05 31.40 50.47 98.64
12:58:06 24.41 50.47 98.64
12:58:07 14.82 50.47 98.64
12:58:08 8.30 50.47 98.64
12:58:09 4.94 50.47 98.64
12:58:10 2.36 50.47 98.64
12:58:11 0.52 50.47 98.64
12:58:12 -0.32 50.47 98.64
12:58:13 -1.35 50.47 98.64
12:58:14 -1.48 50.47 98.64
12:58:15 -2.23 50.47 98.64
12:58:16 -2.64 50.47 98.64
12:58:17 -3.09 50.47 98.64
12:58:18 -2.89 50.47 98.64
12:58:19 -3.27 50.47 98.64
12:58:20 -3.51 50.47 98.66
12:58:21 -3.26 50.47 98.64
12:58:22 -3.83 50.47 98.64
12:58:23 -3.47 50.47 98.64
12:58:24 -3.74 50.47 98.64
12:58:25 -3.82 50.47 98.64
12:58:26 -3.66 50.47 98.64
12:58:27 -3.63 50.47 98.64
12:58:28 -3.41 50.47 98.66
12:58:29 -3.84 50.47 98.64
12:58:30 -1.46 50.47 98.64
12:58:31 7.20 50.47 98.64
12:58:32 28.56 50.47 98.64
12:58:33 66.20 50.47 98.64
12:58:34 113.99 50.47 98.64
12:58:35 154.10 50.47 98.64
12:58:36 173.37 50.47 98.64
12:58:37 169.74 50.47 98.64
12:58:38 147.32 50.47 98.64
12:58:39 117.16 50.47 98.64
12:58:40 86.73 50.47 98.64
12:58:41 58.04 50.47 98.64
12:58:42 36.48 50.47 98.64
12:58:43 23.35 50.47 98.64
12:58:44 13.85 50.47 98.64
12:58:45 8.48 50.47 98.64
12:58:46 5.21 50.47 98.64
12:58:47 2.85 50.47 98.64
12:58:48 1.18 50.47 98.64
12:58:49 -0.02 50.47 98.64
12:58:50 -0.64 50.47 98.64
12:58:51 -1.37 50.47 98.64
12:58:52 -1.70 50.47 98.64
12:58:53 -2.27 50.47 98.64
12:58:54 -2.18 50.47 98.64
12:58:55 -2.90 50.47 98.64
12:58:56 -2.72 50.47 98.64
12:58:57 -3.62 50.47 98.64
12:58:58 -3.33 50.47 98.64
12:58:59 -3.46 50.47 98.64
12:59:00 -3.28 50.47 98.64
12:59:01 -3.83 50.47 98.64
12:59:02 -4.07 50.47 98.64
12:59:03 -3.57 50.47 98.64
12:59:04 -3.67 50.47 98.64
12:59:05 -4.11 50.47 98.64
12:59:06 -3.39 50.47 98.64
12:59:07 -1.46 50.47 98.64
12:59:08 6.10 50.47 98.64
12:59:09 24.74 50.47 98.64
12:59:10 56.60 50.47 98.64
12:59:11 93.04 50.47 98.64
12:59:12 110.50 50.47 98.64
12:59:13 132.65 50.47 98.64
12:59:14 136.42 50.47 98.64
12:59:15 122.84 50.47 98.64
12:59:16 100.10 50.47 98.64
12:59:17 75.53 50.47 98.64
12:59:18 50.79 50.47 98.64
12:59:19 31.82 50.47 98.64
12:59:20 18.99 50.47 98.64
12:59:21 11.01 50.47 98.66
12:59:22 6.00 50.47 98.64
12:59:23 3.07 50.47 98.64
12:59:24 0.83 50.47 98.64
12:59:25 -0.27 50.47 98.64
12:59:26 -1.61 50.47 98.64
12:59:27 -1.60 50.47 98.64
12:59:28 -2.67 50.47 98.64
12:59:29 -2.64 50.47 98.64
12:59:30 -3.02 50.47 98.64
12:59:31 -3.19 50.47 98.66
12:59:32 -3.47 50.47 98.64
12:59:33 -3.57 50.47 98.64
12:59:34 -3.75 50.47 98.64
12:59:35 -3.71 50.47 98.64
12:59:36 -3.21 50.47 98.64
12:59:37 -3.82 50.47 98.64
12:59:38 -4.07 50.47 98.64
12:59:39 -4.10 50.47 98.64
12:59:40 -3.56 50.47 98.64
12:59:41 -3.99 50.47 98.64
12:59:42 -3.86 50.47 98.64
12:59:43 -0.77 50.47 98.64
12:59:44 6.45 50.47 98.64
12:59:45 23.82 50.47 98.64
12:59:46 51.65 50.47 98.64
12:59:47 82.92 50.47 98.64
12:59:48 108.17 50.47 98.64
12:59:49 118.76 50.47 98.64
12:59:50 113.03 50.47 98.64
12:59:51 96.89 50.47 98.64
12:59:52 75.90 50.47 98.64
12:59:53 55.47 50.47 98.64
12:59:54 35.27 50.47 98.64
12:59:55 27.64 50.47 98.64
12:59:56 16.46 50.47 98.64
12:59:57 8.97 50.47 98.64
12:59:58 4.01 50.47 98.64
12:59:59 1.74 50.47 98.64
13:00:00 -0.19 50.47 98.64
13:00:01 -1.44 50.47 98.64
13:00:02 -1.95 50.47 98.64
13:00:03 -2.72 50.47 98.64
13:00:04 -2.91 50.47 98.64
13:00:05 -3.45 50.47 98.64
13:00:06 -3.19 50.47 98.64
13:00:07 -3.97 50.47 98.64
13:00:08 -3.51 50.47 98.64
13:00:09 -3.73 50.47 98.64
13:00:10 -3.98 50.47 98.64
13:00:11 -4.08 50.47 98.64
13:00:12 -3.96 50.47 98.64
13:00:13 -3.79 50.47 98.64
13:00:14 -4.02 50.47 98.64
13:00:15 -4.47 50.47 98.64
13:00:16 -3.91 50.47 98.64
13:00:17 -4.18 50.47 98.64
13:00:18 -4.08 50.47 98.64
13:00:19 -4.02 50.47 98.64
13:00:20 -4.13 50.47 98.64
13:00:21 -4.23 50.47 98.64
13:00:22 -3.99 50.47 98.64
13:00:23 -4.14 50.47 98.64
13:00:24 -4.14 50.47 98.64
13:00:25 -4.20 50.47 98.64
13:00:26 -4.28 50.47 98.64
13:00:27 -4.09 50.47 98.64
13:00:28 -4.21 50.47 98.64
13:00:29 -4.31 50.47 98.64
13:00:30 -3.96 50.47 98.64
13:00:31 -4.12 50.47 98.64
13:00:32 -3.87 50.47 98.64
13:00:33 -4.46 50.47 98.64
13:00:34 -4.06 50.47 98.64
13:00:35 -4.15 50.47 98.64
13:00:36 -3.83 50.47 98.64
13:00:37 -4.27 50.47 98.64
13:00:38 -4.21 50.47 98.64
13:00:39 -4.15 50.47 98.64
13:00:40 -4.42 50.47 98.64
13:00:41 -4.34 50.47 98.64
13:00:42 -4.07 50.47 98.64
13:00:43 -4.42 50.47 98.64
13:00:44 -4.04 50.47 98.64
13:00:45 -4.24 50.47 98.64
13:00:46 -3.94 50.47 98.64
13:00:47 -4.37 50.47 98.64
13:00:48 -4.19 50.47 98.64
13:00:49 -4.14 50.47 98.64
13:00:50 -4.60 50.47 98.64
13:00:51 -4.31 50.47 98.66
13:00:52 -4.26 50.47 98.64
13:00:53 -4.17 50.47 98.64
13:00:54 -3.80 50.47 98.66
13:00:55 -4.50 50.47 98.64
13:00:56 -4.32 50.47 98.64
13:00:57 -3.91 50.47 98.64
13:00:58 -4.13 50.47 98.64
13:00:59 -4.23 50.47 98.64
13:01:00 -4.28 50.47 98.64
13:01:01 -4.35 50.47 98.64
13:01:02 -4.36 50.47 98.64
13:01:03 -4.24 50.47 98.64
13:01:04 -4.10 50.47 98.64
13:01:05 -4.22 50.47 98.64
13:01:06 -4.39 50.47 98.64
13:01:07 -4.11 50.47 98.64
13:01:08 -4.13 50.47 98.64
13:01:09 -4.17 50.47 98.64
13:01:10 -4.31 50.47 98.64
13:01:11 -4.49 50.47 98.64
13:01:12 -3.89 50.47 98.64
13:01:13 -4.53 50.47 98.66
13:01:14 -4.05 50.47 98.66
13:01:15 -4.17 50.47 98.66
13:01:16 -4.33 50.47 98.66
13:01:17 -4.48 50.47 98.64
13:01:18 -4.01 50.47 98.64
13:01:19 -4.10 50.47 98.66
13:01:20 -4.30 50.47 98.66
13:01:21 -3.83 50.47 98.66
13:01:22 -4.29 50.47 98.66
13:01:23 -3.85 50.47 98.64
13:01:24 -4.42 50.47 98.66
13:01:25 -4.25 50.47 98.64
13:01:26 -3.98 50.47 98.64
13:01:27 -4.56 50.47 98.64
13:01:28 -4.35 50.47 98.64
13:01:29 -4.06 50.47 98.64
13:01:30 -4.21 50.47 98.64
13:01:31 -4.10 50.47 98.64
13:01:32 -2.33 50.47 98.64
13:01:33 4.70 50.47 98.64
13:01:34 23.58 50.47 98.64
13:01:35 57.50 50.47 98.64
13:01:36 101.93 50.47 98.64
13:01:37 142.20 50.47 98.64
13:01:38 164.61 50.47 98.66
13:01:39 164.15 50.47 98.64
13:01:40 145.00 50.47 98.64
13:01:41 116.94 50.47 98.64
13:01:42 87.37 50.47 98.64
13:01:43 72.77 50.47 98.64
13:01:44 46.98 50.47 98.64
13:01:45 29.12 50.47 98.64
13:01:46 17.19 50.47 98.66
13:01:47 10.10 50.47 98.66
13:01:48 5.68 50.47 98.66
13:01:49 2.70 50.47 98.66
13:01:50 0.85 50.47 98.64
13:01:51 -0.38 50.47 98.64
13:01:52 -1.30 50.47 98.66
13:01:53 -2.00 50.47 98.66
13:01:54 -2.66 50.47 98.66
13:01:55 -2.76 50.47 98.64
13:01:56 -2.89 50.47 98.64
13:01:57 -3.41 50.47 98.64
13:01:58 -3.79 50.47 98.64
13:01:59 -3.61 50.47 98.64
13:02:00 -3.49 50.47 98.64
13:02:01 -3.81 50.47 98.64
13:02:02 -3.89 50.47 98.64
13:02:03 -3.95 50.47 98.64
13:02:04 -3.86 50.47 98.64
13:02:05 -3.95 50.47 98.64
13:02:06 -4.17 50.47 98.64
13:02:07 -3.60 50.47 98.64
13:02:08 -2.33 50.47 98.64
13:02:09 3.54 50.47 98.64
13:02:10 17.57 50.47 98.64
13:02:11 41.84 50.47 98.64
13:02:12 70.04 50.47 98.64
13:02:13 93.77 50.47 98.64
13:02:14 104.24 50.47 98.64
13:02:15 100.09 50.47 98.64
13:02:16 85.15 50.47 98.64
13:02:17 66.15 50.47 98.64
13:02:18 48.48 50.47 98.64
13:02:19 31.04 50.47 98.64
13:02:20 18.39 50.47 98.64
13:02:21 10.56 50.47 98.64
13:02:22 5.17 50.47 98.66
13:02:23 2.26 50.47 98.64
13:02:24 -0.01 50.47 98.64
13:02:25 -1.07 50.47 98.64
13:02:26 -1.58 50.47 98.64
13:02:27 -2.05 50.47 98.64
13:02:28 -2.67 50.47 98.64
13:02:29 -2.67 50.47 98.66
13:02:30 -3.38 50.47 98.64
13:02:31 -3.73 50.47 98.64
13:02:32 -3.44 50.47 98.66
13:02:33 -3.80 50.47 98.66
13:02:34 -3.89 50.47 98.66
13:02:35 -4.16 50.47 98.66
13:02:36 -3.89 50.47 98.66
13:02:37 -3.65 50.47 98.64
13:02:38 -4.24 50.47 98.64
13:02:39 -4.42 50.47 98.64
13:02:40 -4.10 50.47 98.64
13:02:41 -4.12 50.47 98.64
13:02:42 -3.95 50.47 98.64
13:02:43 -3.89 50.47 98.64
13:02:44 -3.90 50.47 98.64
13:02:45 -1.79 50.47 98.64
13:02:46 4.88 50.47 98.64
13:02:47 19.69 50.47 98.64
13:02:48 30.63 50.47 98.64
13:02:49 56.60 50.47 98.64
13:02:50 80.75 50.47 98.64
13:02:51 94.52 50.47 98.64
13:02:52 94.58 50.47 98.64
13:02:53 83.43 50.47 98.64
13:02:54 66.36 50.47 98.64
13:02:55 49.19 50.47 98.64
13:02:56 33.57 50.47 98.64
13:02:57 20.59 50.47 98.64
13:02:58 11.76 50.47 98.64
13:02:59 6.62 50.47 98.66
13:03:00 3.20 50.47 98.66
13:03:01 1.01 50.47 98.64
13:03:02 -0.27 50.47 98.64
13:03:03 -1.06 50.47 98.66
13:03:04 -1.71 50.47 98.66
13:03:05 -2.32 50.47 98.66
13:03:06 -2.69 50.47 98.66
13:03:07 -2.80 50.47 98.66
13:03:08 -3.24 50.47 98.66
13:03:09 -3.16 50.47 98.66
13:03:10 -3.53 50.47 98.66
13:03:11 -3.45 50.47 98.64
13:03:12 -3.65 50.47 98.64
13:03:13 -3.59 50.47 98.64
13:03:14 -3.88 50.47 98.66
13:03:15 -3.90 50.47 98.66
13:03:16 -3.96 50.47 98.66
13:03:17 -3.73 50.47 98.66
13:03:18 -3.93 50.47 98.66
13:03:19 -4.02 50.47 98.66
13:03:20 -3.98 50.47 98.64
13:03:21 -3.76 50.47 98.64
13:03:22 -4.28 50.47 98.64
13:03:23 -3.39 50.47 98.66
13:03:24 -2.39 50.47 98.64
13:03:25 3.78 50.47 98.64
13:03:26 21.67 50.47 98.64
13:03:27 54.32 50.47 98.64
13:03:28 96.26 50.47 98.64
13:03:29 135.24 50.47 98.64
13:03:30 157.12 50.47 98.64
13:03:31 156.13 50.47 98.64
13:03:32 148.23 50.47 98.64
13:03:33 124.19 50.47 98.64
13:03:34 96.14 50.47 98.64
13:03:35 69.88 50.47 98.64
13:03:36 46.45 50.47 98.64
13:03:37 28.23 50.47 98.66
13:03:38 18.03 50.47 98.66
13:03:39 10.51 50.47 98.66
13:03:40 6.47 50.47 98.64
13:03:41 3.38 50.47 98.64
13:03:42 1.57 50.47 98.66
13:03:43 0.13 50.47 98.66
13:03:44 -0.38 50.47 98.66
13:03:45 -1.63 50.47 98.64
13:03:46 -1.81 50.47 98.64
13:03:47 -2.60 50.47 98.64
13:03:48 -2.85 50.47 98.64
13:03:49 -2.80 50.47 98.64
13:03:50 -3.07 50.47 98.64
13:03:51 -3.20 50.47 98.64
13:03:52 -3.53 50.47 98.64
13:03:53 -3.48 50.47 98.64
13:03:54 -3.65 50.47 98.64
13:03:55 -3.70 50.47 98.64
13:03:56 -3.28 50.47 98.66
13:03:57 -3.71 50.47 98.66
13:03:58 -3.85 50.47 98.66
13:03:59 -4.10 50.47 98.64
13:04:00 -3.86 50.47 98.64
13:04:01 -3.74 50.47 98.64
13:04:02 -3.61 50.47 98.64
13:04:03 -4.10 50.47 98.66
13:04:04 -4.15 50.47 98.66
13:04:05 -4.29 50.47 98.66
13:04:06 -4.25 50.47 98.66
13:04:07 -4.27 50.47 98.66
13:04:08 -4.19 50.47 98.66
13:04:09 -3.79 50.47 98.66
13:04:10 -4.39 50.47 98.64
13:04:11 -4.08 50.47 98.64
13:04:12 -3.53 50.47 98.64
13:04:13 -0.01 50.47 98.64
13:04:14 11.24 50.47 98.64
13:04:15 21.39 50.47 98.64
13:04:16 52.20 50.47 98.64
13:04:17 91.64 50.47 98.64
13:04:18 125.29 50.47 98.64
13:04:19 143.66 50.47 98.64
13:04:20 141.81 50.47 98.64
13:04:21 124.47 50.47 98.64
13:04:22 98.90 50.47 98.64
13:04:23 73.94 50.47 98.64
13:04:24 51.88 50.47 98.64
13:04:25 33.45 50.47 98.64
13:04:26 19.34 50.47 98.64
13:04:27 11.31 50.47 98.64
13:04:28 5.95 50.47 98.66
13:04:29 2.69 50.47 98.66
13:04:30 1.02 50.47 98.66
13:04:31 -0.45 50.47 98.66
13:04:32 -1.65 50.47 98.66
13:04:33 -2.31 50.47 98.64
13:04:34 -2.53 50.47 98.64
13:04:35 -2.95 50.47 98.64
13:04:36 -3.39 50.47 98.64
13:04:37 -3.35 50.47 98.64
13:04:38 -3.41 50.47 98.64
13:04:39 -3.76 50.47 98.66
