"2016-05-23 at 12:16"
Time(H:M:S) CO2(ppm) CellTemp(c) CellPres(kPa)
12:16:31 -4.23 50.47 98.62
12:16:32 -4.03 50.47 98.62
12:16:33 -4.05 50.47 98.62
12:16:34 -4.07 50.47 98.62
12:16:35 -4.15 50.47 98.62
12:16:36 -4.32 50.47 98.62
12:16:37 -4.09 50.47 98.62
12:16:38 -4.35 50.47 98.62
12:16:39 -4.01 50.47 98.62
12:16:40 -3.84 50.47 98.62
12:16:41 -3.87 50.47 98.62
12:16:42 -4.61 50.47 98.62
12:16:43 -3.97 50.47 98.62
12:16:44 -3.89 50.47 98.62
12:16:45 -4.19 50.47 98.62
12:16:46 -4.03 50.47 98.62
12:16:47 -3.80 50.47 98.62
12:16:48 -4.29 50.47 98.62
12:16:49 -4.23 50.47 98.62
12:16:50 -4.35 50.47 98.62
12:16:51 -4.40 50.47 98.62
12:16:52 -3.99 50.47 98.62
12:16:53 -4.47 50.47 98.62
12:16:54 -4.18 50.47 98.62
12:16:55 -4.24 50.47 98.62
12:16:56 -4.04 50.47 98.62
12:16:57 -2.65 50.47 98.62
12:16:58 3.90 50.47 98.62
12:16:59 20.26 50.47 98.62
12:17:00 51.39 50.47 98.62
12:17:01 92.52 50.47 98.62
12:17:02 128.87 50.47 98.62
12:17:03 147.95 50.47 98.62
12:17:04 146.03 50.47 98.62
12:17:05 127.02 50.47 98.62
12:17:06 101.32 50.47 98.62
12:17:07 74.01 50.47 98.62
12:17:08 52.21 50.47 98.62
12:17:09 35.06 50.47 98.62
12:17:10 23.37 50.47 98.62
12:17:11 14.97 50.47 98.62
12:17:12 8.66 50.47 98.62
12:17:13 4.53 50.47 98.62
12:17:14 2.16 50.47 98.62
12:17:15 0.63 50.47 98.62
12:17:16 -0.48 50.47 98.62
12:17:17 -0.59 50.47 98.62
12:17:18 -2.13 50.47 98.62
12:17:19 -2.02 50.47 98.62
12:17:20 -2.61 50.47 98.62
12:17:21 -2.50 50.47 98.62
12:17:22 -3.19 50.47 98.62
12:17:23 -3.18 50.47 98.62
12:17:24 -3.75 50.47 98.62
12:17:25 -3.69 50.47 98.62
12:17:26 -3.47 50.47 98.62
12:17:27 -3.38 50.47 98.62
12:17:28 -3.68 50.47 98.62
12:17:29 -3.63 50.47 98.62
12:17:30 -4.38 50.47 98.62
12:17:31 -3.87 50.47 98.62
12:17:32 -4.18 50.47 98.62
12:17:33 -3.84 50.47 98.62
12:17:34 -3.56 50.47 98.62
12:17:35 0.41 50.47 98.62
12:17:36 10.34 50.47 98.62
12:17:37 29.24 50.47 98.62
12:17:38 54.96 50.47 98.62
12:17:39 67.65 50.47 98.62
12:17:40 88.10 50.47 98.62
12:17:41 95.54 50.47 98.62
12:17:42 89.63 50.47 98.62
12:17:43 75.57 50.47 98.62
12:17:44 57.70 50.47 98.62
12:17:45 41.40 50.47 98.62
12:17:46 27.63 50.47 98.62
12:17:47 18.21 50.47 98.62
12:17:48 11.75 50.47 98.62
12:17:49 6.91 50.47 98.62
12:17:50 2.65 50.47 98.62
12:17:51 0.51 50.47 98.62
12:17:52 -0.49 50.47 98.62
12:17:53 -1.84 50.47 98.62
12:17:54 -2.03 50.47 98.62
12:17:55 -2.77 50.47 98.62
12:17:56 -2.71 50.47 98.62
12:17:57 -3.32 50.47 98.62
12:17:58 -3.19 50.47 98.62
12:17:59 -3.50 50.47 98.62
12:18:00 -4.08 50.47 98.62
12:18:01 -4.05 50.47 98.62
12:18:02 -4.03 50.47 98.62
12:18:03 -3.58 50.47 98.62
12:18:04 -3.92 50.47 98.62
12:18:05 -4.12 50.47 98.62
12:18:06 -3.99 50.47 98.62
12:18:07 -4.00 50.47 98.62
12:18:08 -4.26 50.47 98.62
12:18:09 -3.57 50.47 98.62
12:18:10 -3.66 50.47 98.62
12:18:11 -1.23 50.47 98.62
12:18:12 3.77 50.47 98.62
12:18:13 13.90 50.47 98.62
12:18:14 26.65 50.47 98.62
12:18:15 38.29 50.47 98.62
12:18:16 44.43 50.47 98.62
12:18:17 44.06 50.47 98.62
12:18:18 38.32 50.47 98.62
12:18:19 29.53 50.47 98.62
12:18:20 20.36 50.47 98.62
12:18:21 13.83 50.47 98.62
12:18:22 8.13 50.47 98.62
12:18:23 5.96 50.47 98.62
12:18:24 3.22 50.47 98.62
12:18:25 0.30 50.47 98.62
12:18:26 -1.01 50.47 98.62
12:18:27 -1.96 50.47 98.62
12:18:28 -2.13 50.47 98.62
12:18:29 -3.18 50.47 98.63
12:18:30 -3.44 50.47 98.63
12:18:31 -3.23 50.47 98.62
12:18:32 -3.79 50.47 98.62
12:18:33 -3.54 50.47 98.62
12:18:34 -3.59 50.47 98.62
12:18:35 -4.00 50.47 98.63
12:18:36 -4.08 50.47 98.63
12:18:37 -3.75 50.47 98.62
12:18:38 -4.27 50.47 98.62
12:18:39 -4.08 50.47 98.62
12:18:40 -3.78 50.47 98.62
12:18:41 -4.37 50.47 98.62
12:18:42 -3.86 50.47 98.62
12:18:43 -4.24 50.47 98.62
12:18:44 -3.88 50.47 98.62
12:18:45 -4.02 50.47 98.62
12:18:46 -2.99 50.47 98.62
12:18:47 1.33 50.47 98.62
12:18:48 7.08 50.47 98.62
12:18:49 14.85 50.47 98.62
12:18:50 22.87 50.47 98.62
12:18:51 26.29 50.47 98.63
12:18:52 26.14 50.47 98.62
12:18:53 23.31 50.47 98.62
12:18:54 17.56 50.47 98.62
12:18:55 12.79 50.47 98.62
12:18:56 7.63 50.47 98.63
12:18:57 3.82 50.47 98.63
12:18:58 1.50 50.47 98.63
12:18:59 -0.58 50.47 98.63
12:19:00 -1.47 50.47 98.63
12:19:01 -1.69 50.47 98.63
12:19:02 -2.55 50.47 98.63
12:19:03 -2.53 50.47 98.63
12:19:04 -2.92 50.47 98.63
12:19:05 -2.95 50.47 98.63
12:19:06 -2.84 50.47 98.63
12:19:07 -4.01 50.47 98.63
12:19:08 -3.58 50.47 98.63
12:19:09 -3.64 50.47 98.63
12:19:10 -3.51 50.47 98.63
12:19:11 -3.57 50.47 98.63
12:19:12 -3.97 50.47 98.63
12:19:13 -3.73 50.47 98.63
12:19:14 -3.78 50.47 98.62
12:19:15 -4.00 50.47 98.62
12:19:16 -4.12 50.47 98.63
12:19:17 -3.48 50.47 98.63
12:19:18 -3.03 50.47 98.63
12:19:19 -0.33 50.47 98.63
12:19:20 3.70 50.47 98.63
12:19:21 8.02 50.47 98.63
12:19:22 11.91 50.47 98.63
12:19:23 13.00 50.47 98.63
12:19:24 12.26 50.47 98.62
12:19:25 9.93 50.47 98.62
12:19:26 6.76 50.47 98.63
12:19:27 3.71 50.47 98.63
12:19:28 1.91 50.47 98.63
12:19:29 -0.38 50.47 98.63
12:19:30 -1.80 50.47 98.63
12:19:31 -2.57 50.47 98.63
12:19:32 -3.23 50.47 98.63
12:19:33 -3.21 50.47 98.63
12:19:34 -3.80 50.47 98.63
12:19:35 -3.46 50.47 98.63
12:19:36 -3.88 50.47 98.63
12:19:37 -4.19 50.47 98.63
12:19:38 -4.51 50.47 98.63
12:19:39 -3.79 50.47 98.63
12:19:40 -3.96 50.47 98.63
12:19:41 -3.91 50.47 98.63
12:19:42 -4.46 50.47 98.63
12:19:43 -4.08 50.47 98.63
12:19:44 -4.60 50.47 98.63
12:19:45 -4.20 50.47 98.62
12:19:46 -4.12 50.47 98.62
12:19:47 -4.26 50.47 98.63
12:19:48 -4.05 50.47 98.63
12:19:49 -4.19 50.47 98.63
12:19:50 -4.10 50.47 98.63
12:19:51 -4.05 50.47 98.63
12:19:52 -3.09 50.47 98.63
12:19:53 -1.70 50.47 98.63
12:19:54 1.34 50.47 98.63
12:19:55 5.12 50.47 98.63
12:19:56 7.85 50.47 98.63
12:19:57 9.12 50.47 98.63
12:19:58 8.46 50.47 98.63
12:19:59 7.04 50.47 98.63
12:20:00 4.17 50.47 98.63
12:20:01 1.86 50.47 98.63
12:20:02 -0.16 50.47 98.63
12:20:03 -1.36 50.47 98.63
12:20:04 -2.25 50.47 98.63
12:20:05 -3.05 50.47 98.63
12:20:06 -3.29 50.47 98.63
12:20:07 -3.48 50.47 98.63
12:20:08 -3.43 50.47 98.63
12:20:09 -3.79 50.47 98.63
12:20:10 -4.03 50.47 98.63
12:20:11 -3.84 50.47 98.63
12:20:12 -3.86 50.47 98.63
12:20:13 -4.09 50.47 98.63
12:20:14 -4.38 50.47 98.63
12:20:15 -4.26 50.47 98.63
12:20:16 -4.59 50.47 98.63
12:20:17 -3.89 50.47 98.63
12:20:18 -4.09 50.47 98.63
12:20:19 -4.39 50.47 98.63
12:20:20 -4.12 50.47 98.63
12:20:21 -4.28 50.47 98.63
12:20:22 -4.21 50.47 98.63
12:20:23 -4.12 50.47 98.63
12:20:24 -4.11 50.47 98.63
12:20:25 -4.34 50.47 98.63
12:20:26 -4.38 50.47 98.63
12:20:27 -4.18 50.47 98.63
12:20:28 -4.21 50.47 98.63
12:20:29 -4.47 50.47 98.63
12:20:30 -4.31 50.47 98.63
12:20:31 -4.00 50.47 98.63
12:20:32 -4.24 50.47 98.63
12:20:33 -4.07 50.47 98.63
12:20:34 -3.71 50.47 98.63
12:20:35 -4.18 50.47 98.63
12:20:36 -4.52 50.47 98.63
12:20:37 -4.35 50.47 98.63
12:20:38 -4.10 50.47 98.63
12:20:39 -4.62 50.47 98.63
12:20:40 -4.03 50.47 98.63
12:20:41 -4.56 50.47 98.63
12:20:42 -4.09 50.47 98.63
12:20:43 -3.91 50.47 98.63
12:20:44 -3.92 50.47 98.63
12:20:45 -4.41 50.47 98.63
12:20:46 -4.42 50.47 98.63
12:20:47 -4.26 50.47 98.63
12:20:48 -4.28 50.47 98.63
12:20:49 -3.95 50.47 98.63
12:20:50 -4.14 50.47 98.63
12:20:51 -4.32 50.47 98.63
12:20:52 -4.22 50.47 98.63
12:20:53 -4.42 50.47 98.63
12:20:54 -4.12 50.47 98.63
12:20:55 -4.22 50.47 98.63
12:20:56 -4.09 50.47 98.63
12:20:57 -4.23 50.47 98.63
12:20:58 -4.06 50.47 98.63
12:20:59 -4.34 50.47 98.63
12:21:00 -4.65 50.47 98.63
12:21:01 -4.13 50.47 98.63
12:21:02 -3.93 50.47 98.63
12:21:03 -4.21 50.47 98.63
12:21:04 -4.18 50.47 98.63
12:21:05 -4.28 50.47 98.63
12:21:06 -4.41 50.47 98.63
12:21:07 -4.25 50.47 98.63
12:21:08 -3.84 50.47 98.63
12:21:09 -3.30 50.47 98.63
12:21:10 2.87 50.47 98.63
12:21:11 23.83 50.47 98.63
12:21:12 65.74 50.47 98.63
12:21:13 121.62 50.47 98.63
12:21:14 167.01 50.47 98.63
12:21:15 183.59 50.47 98.63
12:21:16 178.75 50.47 98.63
12:21:17 152.15 50.47 98.63
12:21:18 114.64 50.47 98.63
12:21:19 79.82 50.47 98.63
12:21:20 51.89 50.47 98.63
12:21:21 33.12 50.47 98.63
12:21:22 20.24 50.47 98.63
12:21:23 12.97 50.47 98.63
12:21:24 7.95 50.47 98.63
12:21:25 4.96 50.47 98.63
12:21:26 2.92 50.47 98.63
12:21:27 0.51 50.47 98.63
12:21:28 -0.07 50.47 98.63
12:21:29 -0.72 50.47 98.63
12:21:30 -1.12 50.47 98.63
12:21:31 -2.38 50.47 98.63
12:21:32 -1.95 50.47 98.63
12:21:33 -2.85 50.47 98.63
12:21:34 -2.47 50.47 98.63
12:21:35 -3.22 50.47 98.63
12:21:36 -3.59 50.47 98.63
12:21:37 -3.33 50.47 98.63
12:21:38 -3.17 50.47 98.63
12:21:39 -3.08 50.47 98.63
12:21:40 -3.48 50.47 98.63
12:21:41 -3.58 50.47 98.63
12:21:42 -3.52 50.47 98.63
12:21:43 -3.61 50.47 98.63
12:21:44 -3.79 50.47 98.63
12:21:45 -3.72 50.47 98.63
12:21:46 -3.79 50.47 98.63
12:21:47 -3.70 50.47 98.63
12:21:48 -3.78 50.47 98.63
12:21:49 -4.03 50.47 98.63
12:21:50 -3.69 50.47 98.63
12:21:51 -4.00 50.47 98.63
12:21:52 -4.04 50.47 98.63
12:21:53 -3.71 50.47 98.63
12:21:54 -4.12 50.47 98.63
12:21:55 -3.75 50.47 98.63
12:21:56 -4.06 50.47 98.63
12:21:57 -4.08 50.47 98.63
12:21:58 -4.29 50.47 98.63
12:21:59 -4.10 50.47 98.63
12:22:00 -4.20 50.47 98.63
12:22:01 -4.00 50.47 98.63
12:22:02 -2.12 50.47 98.63
12:22:03 4.86 50.47 98.63
12:22:04 25.31 50.47 98.63
12:22:05 64.64 50.47 98.63
12:22:06 119.50 50.47 98.63
12:22:07 170.69 50.47 98.63
12:22:08 200.58 50.47 98.63
12:22:09 201.58 50.47 98.63
12:22:10 177.86 50.47 98.63
12:22:11 142.89 50.47 98.63
12:22:12 106.43 50.47 98.63
12:22:13 74.95 50.47 98.63
12:22:14 47.36 50.47 98.63
12:22:15 29.43 50.47 98.63
12:22:16 18.07 50.47 98.64
12:22:17 11.59 50.47 98.64
12:22:18 6.76 50.47 98.63
12:22:19 3.72 50.47 98.63
12:22:20 2.19 50.47 98.63
12:22:21 1.23 50.47 98.63
12:22:22 -0.11 50.47 98.63
12:22:23 -0.80 50.47 98.63
12:22:24 -1.51 50.47 98.63
12:22:25 -2.25 50.47 98.63
12:22:26 -2.21 50.47 98.63
12:22:27 -2.47 50.47 98.63
12:22:28 -3.16 50.47 98.63
12:22:29 -3.49 50.47 98.63
12:22:30 -3.33 50.47 98.63
12:22:31 -3.63 50.47 98.63
12:22:32 -3.58 50.47 98.63
12:22:33 -3.77 50.47 98.63
12:22:34 -3.65 50.47 98.63
12:22:35 -3.85 50.47 98.63
12:22:36 -4.11 50.47 98.63
12:22:37 -4.11 50.47 98.63
12:22:38 -4.07 50.47 98.63
12:22:39 -4.27 50.47 98.63
12:22:40 -3.71 50.47 98.63
12:22:41 -4.02 50.47 98.63
12:22:42 -3.88 50.47 98.63
12:22:43 -4.05 50.47 98.63
12:22:44 -4.20 50.47 98.63
12:22:45 -3.92 50.47 98.63
12:22:46 -4.00 50.47 98.63
12:22:47 -3.97 50.47 98.63
12:22:48 -2.02 50.47 98.63
12:22:49 5.86 50.47 98.63
12:22:50 26.45 50.47 98.63
12:22:51 65.44 50.47 98.63
12:22:52 115.54 50.47 98.63
12:22:53 161.96 50.47 98.63
12:22:54 188.45 50.47 98.63
12:22:55 188.97 50.47 98.63
12:22:56 168.44 50.47 98.63
12:22:57 136.35 50.47 98.63
12:22:58 102.90 50.47 98.63
12:22:59 70.81 50.47 98.63
12:23:00 44.02 50.47 98.63
12:23:01 26.80 50.47 98.63
12:23:02 15.79 50.47 98.63
12:23:03 8.94 50.47 98.64
12:23:04 5.06 50.47 98.63
12:23:05 3.18 50.47 98.63
12:23:06 0.79 50.47 98.63
12:23:07 -0.26 50.47 98.63
12:23:08 -1.63 50.47 98.63
12:23:09 -2.48 50.47 98.63
12:23:10 -2.69 50.47 98.63
12:23:11 -3.11 50.47 98.63
12:23:12 -3.40 50.47 98.63
12:23:13 -3.79 50.47 98.63
12:23:14 -3.84 50.47 98.63
12:23:15 -3.85 50.47 98.63
12:23:16 -3.70 50.47 98.63
12:23:17 -3.77 50.47 98.63
12:23:18 -4.16 50.47 98.63
12:23:19 -4.06 50.47 98.63
12:23:20 -4.19 50.47 98.63
12:23:21 -4.31 50.47 98.63
12:23:22 -4.24 50.47 98.64
12:23:23 -4.04 50.47 98.63
12:23:24 -3.57 50.47 98.63
12:23:25 -4.63 50.47 98.64
12:23:26 -4.51 50.47 98.64
12:23:27 -3.86 50.47 98.63
12:23:28 -4.48 50.47 98.63
12:23:29 -4.39 50.47 98.63
12:23:30 -4.05 50.47 98.63
12:23:31 -4.30 50.47 98.63
12:23:32 -4.05 50.47 98.63
12:23:33 -4.60 50.47 98.63
12:23:34 -4.12 50.47 98.63
12:23:35 -4.08 50.47 98.63
12:23:36 -2.25 50.47 98.63
12:23:37 4.49 50.47 98.63
12:23:38 20.30 50.47 98.63
12:23:39 47.66 50.47 98.63
12:23:40 81.36 50.47 98.63
12:23:41 109.33 50.47 98.63
12:23:42 122.65 50.47 98.63
12:23:43 119.41 50.47 98.63
12:23:44 103.36 50.47 98.63
12:23:45 82.01 50.47 98.63
12:23:46 60.26 50.47 98.63
12:23:47 39.87 50.47 98.64
12:23:48 31.25 50.47 98.63
12:23:49 18.74 50.47 98.63
12:23:50 10.19 50.47 98.64
12:23:51 5.50 50.47 98.64
12:23:52 2.69 50.47 98.64
12:23:53 0.73 50.47 98.64
12:23:54 -0.95 50.47 98.64
12:23:55 -1.57 50.47 98.64
12:23:56 -1.98 50.47 98.64
12:23:57 -3.26 50.47 98.64
12:23:58 -3.18 50.47 98.64
12:23:59 -3.38 50.47 98.64
12:24:00 -3.50 50.47 98.64
12:24:01 -3.46 50.47 98.64
12:24:02 -4.33 50.47 98.64
12:24:03 -3.65 50.47 98.64
12:24:04 -3.86 50.47 98.64
12:24:05 -4.02 50.47 98.64
12:24:06 -4.09 50.47 98.64
12:24:07 -4.07 50.47 98.64
12:24:08 -4.14 50.47 98.64
12:24:09 -4.18 50.47 98.64
12:24:10 -4.05 50.47 98.64
12:24:11 -4.26 50.47 98.64
12:24:12 -3.07 50.47 98.64
12:24:13 1.14 50.47 98.64
12:24:14 13.63 50.47 98.64
12:24:15 36.73 50.47 98.64
12:24:16 67.56 50.47 98.64
12:24:17 96.61 50.47 98.64
12:24:18 112.93 50.47 98.64
12:24:19 113.45 50.47 98.64
12:24:20 100.79 50.47 98.64
12:24:21 81.41 50.47 98.64
12:24:22 61.27 50.47 98.64
12:24:23 42.21 50.47 98.64
12:24:24 26.67 50.47 98.64
12:24:25 16.60 50.47 98.64
12:24:26 10.51 50.47 98.64
12:24:27 6.06 50.47 98.64
12:24:28 3.67 50.47 98.64
12:24:29 1.74 50.47 98.64
12:24:30 0.57 50.47 98.64
12:24:31 0.25 50.47 98.64
12:24:32 -0.68 50.47 98.64
12:24:33 -1.27 50.47 98.64
12:24:34 -1.87 50.47 98.64
12:24:35 -2.25 50.47 98.64
12:24:36 -2.45 50.47 98.64
12:24:37 -3.08 50.47 98.64
12:24:38 -3.11 50.47 98.64
12:24:39 -3.69 50.47 98.64
12:24:40 -3.33 50.47 98.64
12:24:41 -3.19 50.47 98.64
12:24:42 -3.68 50.47 98.64
12:24:43 -3.64 50.47 98.63
12:24:44 -3.47 50.47 98.63
12:24:45 -3.43 50.47 98.64
12:24:46 -3.88 50.47 98.64
12:24:47 -2.97 50.47 98.64
12:24:48 1.50 50.47 98.64
12:24:49 15.12 50.47 98.64
12:24:50 45.12 50.47 98.64
12:24:51 89.64 50.47 98.64
12:24:52 137.86 50.47 98.64
12:24:53 157.26 50.47 98.64
12:24:54 180.23 50.47 98.64
12:24:55 178.02 50.47 98.64
12:24:56 156.50 50.47 98.64
12:24:57 124.83 50.47 98.64
12:24:58 93.14 50.47 98.64
12:24:59 61.30 50.47 98.64
12:25:00 38.56 50.47 98.64
12:25:01 23.61 50.47 98.64
12:25:02 13.96 50.47 98.64
12:25:03 7.78 50.47 98.64
12:25:04 3.95 50.47 98.64
12:25:05 1.70 50.47 98.64
12:25:06 -0.13 50.47 98.64
12:25:07 -0.86 50.47 98.64
12:25:08 -1.98 50.47 98.64
12:25:09 -2.67 50.47 98.64
12:25:10 -2.74 50.47 98.64
12:25:11 -3.43 50.47 98.64
12:25:12 -3.40 50.47 98.64
12:25:13 -3.42 50.47 98.64
12:25:14 -3.60 50.47 98.64
12:25:15 -3.59 50.47 98.64
12:25:16 -3.84 50.47 98.64
12:25:17 -3.82 50.47 98.64
12:25:18 -4.07 50.47 98.64
12:25:19 -4.17 50.47 98.64
12:25:20 -3.90 50.47 98.64
12:25:21 -4.41 50.47 98.64
12:25:22 -3.96 50.47 98.64
12:25:23 -3.79 50.47 98.64
12:25:24 -2.42 50.47 98.64
12:25:25 2.22 50.47 98.64
12:25:26 18.86 50.47 98.64
12:25:27 50.29 50.47 98.64
12:25:28 93.11 50.47 98.64
12:25:29 135.30 50.47 98.64
12:25:30 161.82 50.47 98.64
12:25:31 164.28 50.47 98.64
12:25:32 148.16 50.47 98.64
12:25:33 120.77 50.47 98.64
12:25:34 91.10 50.47 98.64
12:25:35 61.08 50.47 98.64
12:25:36 38.86 50.47 98.64
12:25:37 30.91 50.47 98.64
12:25:38 18.54 50.47 98.64
12:25:39 10.81 50.47 98.64
12:25:40 5.84 50.47 98.64
12:25:41 3.05 50.47 98.64
12:25:42 1.14 50.47 98.64
12:25:43 -0.80 50.47 98.64
12:25:44 -1.12 50.47 98.64
12:25:45 -1.63 50.47 98.64
12:25:46 -2.54 50.47 98.64
12:25:47 -2.69 50.47 98.64
12:25:48 -3.23 50.47 98.64
12:25:49 -3.56 50.47 98.64
12:25:50 -3.68 50.47 98.66
12:25:51 -4.12 50.47 98.66
12:25:52 -3.93 50.47 98.64
12:25:53 -3.77 50.47 98.64
12:25:54 -3.78 50.47 98.64
12:25:55 -3.93 50.47 98.64
12:25:56 -4.09 50.47 98.64
12:25:57 -4.09 50.47 98.64
12:25:58 -4.27 50.47 98.64
12:25:59 -4.18 50.47 98.64
12:26:00 -3.53 50.47 98.64
12:26:01 0.26 50.47 98.64
12:26:02 14.09 50.47 98.64
12:26:03 46.13 50.47 98.64
12:26:04 96.06 50.47 98.64
12:26:05 153.29 50.47 98.64
12:26:06 196.85 50.47 98.64
12:26:07 213.08 50.47 98.64
12:26:08 200.41 50.47 98.64
12:26:09 170.19 50.47 98.64
12:26:10 132.50 50.47 98.64
12:26:11 97.75 50.47 98.64
12:26:12 67.11 50.47 98.64
12:26:13 42.52 50.47 98.64
12:26:14 26.36 50.47 98.64
12:26:15 16.94 50.47 98.64
12:26:16 10.47 50.47 98.64
12:26:17 6.67 50.47 98.66
12:26:18 3.98 50.47 98.64
12:26:19 1.92 50.47 98.64
12:26:20 0.94 50.47 98.64
12:26:21 0.15 50.47 98.64
12:26:22 -0.81 50.47 98.64
12:26:23 -1.61 50.47 98.64
12:26:24 -1.87 50.47 98.66
12:26:25 -2.23 50.47 98.66
12:26:26 -3.02 50.47 98.66
12:26:27 -3.26 50.47 98.66
12:26:28 -3.17 50.47 98.64
12:26:29 -3.13 50.47 98.64
12:26:30 -3.61 50.47 98.64
12:26:31 -3.52 50.47 98.66
12:26:32 -3.60 50.47 98.66
12:26:33 -3.97 50.47 98.66
12:26:34 -3.87 50.47 98.66
12:26:35 -4.14 50.47 98.66
12:26:36 -3.91 50.47 98.66
12:26:37 -3.82 50.47 98.66
12:26:38 -3.66 50.47 98.66
12:26:39 -4.27 50.47 98.66
12:26:40 -3.89 50.47 98.64
12:26:41 -4.03 50.47 98.64
12:26:42 -4.37 50.47 98.64
12:26:43 -4.40 50.47 98.66
12:26:44 -3.85 50.47 98.64
12:26:45 -4.29 50.47 98.64
12:26:46 -4.60 50.47 98.64
12:26:47 -3.78 50.47 98.64
12:26:48 -4.21 50.47 98.66
12:26:49 -4.50 50.47 98.66
12:26:50 -4.13 50.47 98.66
12:26:51 -4.19 50.47 98.66
12:26:52 -3.93 50.47 98.64
12:26:53 -4.29 50.47 98.64
12:26:54 -4.19 50.47 98.64
12:26:55 -4.38 50.47 98.64
12:26:56 -4.11 50.47 98.64
12:26:57 -4.46 50.47 98.64
12:26:58 -4.10 50.47 98.64
12:26:59 -3.78 50.47 98.64
12:27:00 -4.49 50.47 98.66
12:27:01 -4.46 50.47 98.66
12:27:02 -3.83 50.47 98.66
12:27:03 -4.06 50.47 98.64
12:27:04 -4.38 50.47 98.64
12:27:05 -4.51 50.47 98.66
12:27:06 -3.98 50.47 98.64
12:27:07 -4.49 50.47 98.64
12:27:08 -4.46 50.47 98.64
12:27:09 -4.42 50.47 98.64
12:27:10 -4.25 50.47 98.66
12:27:11 -4.69 50.47 98.66
12:27:12 -4.22 50.47 98.66
12:27:13 -4.61 50.47 98.64
12:27:14 -4.06 50.47 98.64
12:27:15 -4.45 50.47 98.64
12:27:16 -4.70 50.47 98.64
12:27:17 -3.90 50.47 98.64
12:27:18 -4.15 50.47 98.64
12:27:19 -4.33 50.47 98.64
12:27:20 -4.68 50.47 98.66
12:27:21 -4.47 50.47 98.66
12:27:22 -4.08 50.47 98.64
12:27:23 -4.32 50.47 98.64
12:27:24 -4.22 50.47 98.64
12:27:25 -4.35 50.47 98.64
12:27:26 -4.24 50.47 98.64
12:27:27 -4.22 50.47 98.64
12:27:28 -4.59 50.47 98.64
12:27:29 -4.19 50.47 98.64
12:27:30 -3.88 50.47 98.64
12:27:31 -0.77 50.47 98.64
12:27:32 9.19 50.47 98.64
12:27:33 33.17 50.47 98.64
12:27:34 71.97 50.47 98.64
12:27:35 116.65 50.47 98.64
12:27:36 151.08 50.47 98.64
12:27:37 164.46 50.47 98.64
12:27:38 156.36 50.47 98.64
12:27:39 132.74 50.47 98.64
12:27:40 104.12 50.47 98.64
12:27:41 73.49 50.47 98.64
12:27:42 48.59 50.47 98.64
12:27:43 31.34 50.47 98.64
12:27:44 19.81 50.47 98.66
12:27:45 12.50 50.47 98.64
12:27:46 7.67 50.47 98.64
12:27:47 6.16 50.47 98.64
12:27:48 3.88 50.47 98.66
12:27:49 1.88 50.47 98.66
12:27:50 0.68 50.47 98.64
12:27:51 -0.16 50.47 98.64
12:27:52 -0.76 50.47 98.64
12:27:53 -1.73 50.47 98.66
12:27:54 -2.04 50.47 98.66
12:27:55 -2.30 50.47 98.66
12:27:56 -3.01 50.47 98.66
12:27:57 -3.07 50.47 98.66
12:27:58 -3.29 50.47 98.64
12:27:59 -3.26 50.47 98.64
12:28:00 -3.22 50.47 98.64
12:28:01 -3.41 50.47 98.64
12:28:02 -3.72 50.47 98.64
12:28:03 -3.64 50.47 98.64
12:28:04 -3.46 50.47 98.64
12:28:05 -3.38 50.47 98.64
12:28:06 0.71 50.47 98.64
12:28:07 14.06 50.47 98.64
12:28:08 41.85 50.47 98.64
12:28:09 62.26 50.47 98.64
12:28:10 108.40 50.47 98.66
12:28:11 149.80 50.47 98.66
12:28:12 172.67 50.47 98.64
12:28:13 171.33 50.47 98.64
12:28:14 150.63 50.47 98.64
12:28:15 120.76 50.47 98.64
12:28:16 90.94 50.47 98.64
12:28:17 61.76 50.47 98.64
12:28:18 37.97 50.47 98.64
12:28:19 23.30 50.47 98.64
12:28:20 14.19 50.47 98.64
12:28:21 7.98 50.47 98.64
12:28:22 4.39 50.47 98.64
12:28:23 1.72 50.47 98.64
12:28:24 0.00 50.47 98.64
12:28:25 -0.63 50.47 98.64
12:28:26 -1.73 50.47 98.64
12:28:27 -2.24 50.47 98.64
12:28:28 -2.43 50.47 98.64
12:28:29 -3.22 50.47 98.64
12:28:30 -3.05 50.47 98.66
12:28:31 -3.47 50.47 98.64
12:28:32 -3.50 50.47 98.64
12:28:33 -4.04 50.47 98.66
12:28:34 -3.88 50.47 98.66
12:28:35 -4.08 50.47 98.64
12:28:36 -4.13 50.47 98.64
12:28:37 -3.87 50.47 98.66
12:28:38 -4.05 50.47 98.66
12:28:39 -3.91 50.47 98.64
12:28:40 -4.31 50.47 98.64
12:28:41 -4.16 50.47 98.64
12:28:42 -4.36 50.47 98.64
12:28:43 -4.12 50.47 98.64
12:28:44 -3.92 50.47 98.64
12:28:45 -3.65 50.47 98.64
12:28:46 -2.37 50.47 98.64
12:28:47 1.14 50.47 98.64
12:28:48 7.39 50.47 98.64
12:28:49 14.68 50.47 98.64
12:28:50 21.20 50.47 98.64
12:28:51 23.92 50.47 98.64
12:28:52 23.78 50.47 98.64
12:28:53 20.76 50.47 98.64
12:28:54 16.47 50.47 98.64
12:28:55 11.54 50.47 98.64
12:28:56 6.38 50.47 98.64
12:28:57 2.21 50.47 98.66
12:28:58 0.34 50.47 98.64
12:28:59 -1.25 50.47 98.64
12:29:00 -2.35 50.47 98.66
12:29:01 -2.86 50.47 98.66
12:29:02 -3.43 50.47 98.66
12:29:03 -3.52 50.47 98.66
12:29:04 -3.89 50.47 98.66
12:29:05 -3.99 50.47 98.64
12:29:06 -3.82 50.47 98.64
12:29:07 -4.07 50.47 98.66
12:29:08 -4.10 50.47 98.66
12:29:09 -3.81 50.47 98.66
12:29:10 -4.71 50.47 98.66
12:29:11 -3.82 50.47 98.66
12:29:12 -3.89 50.47 98.64
12:29:13 -4.46 50.47 98.64
12:29:14 -4.18 50.47 98.64
12:29:15 -4.22 50.47 98.64
12:29:16 -4.34 50.47 98.64
12:29:17 -4.30 50.47 98.64
12:29:18 -4.48 50.47 98.64
12:29:19 -4.46 50.47 98.64
12:29:20 -3.24 50.47 98.64
12:29:21 3.53 50.47 98.64
12:29:22 26.39 50.47 98.64
12:29:23 81.35 50.47 98.64
12:29:24 169.59 50.47 98.64
12:29:25 271.46 50.47 98.64
12:29:26 351.09 50.47 98.64
12:29:27 381.13 50.47 98.64
12:29:28 363.51 50.47 98.64
12:29:29 310.77 50.47 98.64
12:29:30 246.32 50.47 98.64
12:29:31 178.22 50.47 98.64
12:29:32 118.64 50.47 98.66
12:29:33 76.65 50.47 98.66
12:29:34 49.96 50.47 98.66
12:29:35 39.93 50.47 98.66
12:29:36 26.33 50.47 98.66
12:29:37 16.95 50.47 98.66
12:29:38 11.22 50.47 98.66
12:29:39 7.55 50.47 98.66
12:29:40 4.44 50.47 98.66
12:29:41 2.73 50.47 98.66
12:29:42 1.04 50.47 98.66
12:29:43 0.03 50.47 98.66
12:29:44 -0.87 50.47 98.66
12:29:45 -1.23 50.47 98.66
12:29:46 -1.43 50.47 98.66
12:29:47 -2.43 50.47 98.66
12:29:48 -2.98 50.47 98.66
12:29:49 -3.14 50.47 98.66
12:29:50 -3.06 50.47 98.66
12:29:51 -3.50 50.47 98.64
12:29:52 -3.22 50.47 98.64
12:29:53 -3.69 50.47 98.64
12:29:54 -3.55 50.47 98.64
12:29:55 -3.48 50.47 98.64
12:29:56 -4.08 50.47 98.64
12:29:57 -4.00 50.47 98.64
12:29:58 -2.37 50.47 98.64
12:29:59 3.58 50.47 98.64
12:30:00 21.59 50.47 98.64
12:30:01 57.34 50.47 98.64
12:30:02 107.28 50.47 98.64
12:30:03 157.16 50.47 98.64
12:30:04 189.79 50.47 98.64
12:30:05 196.19 50.47 98.64
12:30:06 178.72 50.47 98.64
12:30:07 147.43 50.47 98.64
12:30:08 113.35 50.47 98.64
12:30:09 80.04 50.47 98.64
12:30:10 51.86 50.47 98.64
12:30:11 32.49 50.47 98.64
12:30:12 19.78 50.47 98.64
12:30:13 12.83 50.47 98.66
12:30:14 7.10 50.47 98.64
12:30:15 4.28 50.47 98.64
12:30:16 1.38 50.47 98.66
12:30:17 0.29 50.47 98.64
12:30:18 -1.11 50.47 98.64
12:30:19 -1.76 50.47 98.64
12:30:20 -1.86 50.47 98.64
12:30:21 -2.32 50.47 98.64
12:30:22 -2.82 50.47 98.64
12:30:23 -3.03 50.47 98.66
12:30:24 -3.11 50.47 98.64
12:30:25 -3.80 50.47 98.64
12:30:26 -3.99 50.47 98.66
12:30:27 -4.09 50.47 98.66
12:30:28 -3.58 50.47 98.64
12:30:29 -3.96 50.47 98.64
12:30:30 -3.70 50.47 98.64
12:30:31 -3.92 50.47 98.64
12:30:32 -3.87 50.47 98.64
12:30:33 -4.45 50.47 98.64
12:30:34 -3.65 50.47 98.64
12:30:35 -2.68 50.47 98.64
12:30:36 4.00 50.47 98.64
12:30:37 24.16 50.47 98.64
12:30:38 61.61 50.47 98.64
12:30:39 113.59 50.47 98.64
12:30:40 163.53 50.47 98.64
12:30:41 182.40 50.47 98.64
12:30:42 200.30 50.47 98.64
12:30:43 190.98 50.47 98.64
12:30:44 164.11 50.47 98.66
12:30:45 129.08 50.47 98.66
12:30:46 96.20 50.47 98.66
12:30:47 63.78 50.47 98.64
12:30:48 41.00 50.47 98.64
12:30:49 27.14 50.47 98.66
12:30:50 17.79 50.47 98.64
12:30:51 11.58 50.47 98.64
12:30:52 7.46 50.47 98.66
12:30:53 5.04 50.47 98.64
12:30:54 2.85 50.47 98.64
12:30:55 1.46 50.47 98.66
12:30:56 0.60 50.47 98.66
12:30:57 -0.13 50.47 98.66
12:30:58 -1.09 50.47 98.66
12:30:59 -1.59 50.47 98.66
12:31:00 -2.18 50.47 98.66
12:31:01 -2.67 50.47 98.66
12:31:02 -2.63 50.47 98.66
12:31:03 -2.82 50.47 98.66
12:31:04 -2.83 50.47 98.66
12:31:05 -2.98 50.47 98.64
12:31:06 -3.48 50.47 98.64
12:31:07 -3.26 50.47 98.64
12:31:08 -3.25 50.47 98.64
12:31:09 -3.71 50.47 98.64
12:31:10 -3.86 50.47 98.64
12:31:11 -3.29 50.47 98.64
12:31:12 0.28 50.47 98.64
12:31:13 11.68 50.47 98.66
12:31:14 36.89 50.47 98.64
12:31:15 76.18 50.47 98.64
12:31:16 119.81 50.47 98.66
12:31:17 151.66 50.47 98.66
12:31:18 163.31 50.47 98.66
12:31:19 152.98 50.47 98.66
12:31:20 129.42 50.47 98.64
12:31:21 101.09 50.47 98.64
12:31:22 71.62 50.47 98.66
12:31:23 46.67 50.47 98.66
12:31:24 36.78 50.47 98.66
12:31:25 22.92 50.47 98.66
12:31:26 13.67 50.47 98.66
12:31:27 7.97 50.47 98.66
12:31:28 4.37 50.47 98.66
12:31:29 2.13 50.47 98.66
12:31:30 0.44 50.47 98.66
12:31:31 -0.80 50.47 98.66
12:31:32 -1.49 50.47 98.66
12:31:33 -2.09 50.47 98.66
12:31:34 -2.71 50.47 98.67
12:31:35 -3.04 50.47 98.66
12:31:36 -3.21 50.47 98.66
12:31:37 -3.53 50.47 98.67
12:31:38 -3.86 50.47 98.66
12:31:39 -3.67 50.47 98.66
12:31:40 -3.90 50.47 98.66
12:31:41 -3.80 50.47 98.66
12:31:42 -4.00 50.47 98.66
12:31:43 -4.00 50.47 98.66
12:31:44 -3.70 50.47 98.66
12:31:45 -4.07 50.47 98.66
12:31:46 -4.21 50.47 98.66
12:31:47 -3.70 50.47 98.66
12:31:48 -0.45 50.47 98.66
12:31:49 10.83 50.47 98.66
12:31:50 38.18 50.47 98.66
12:31:51 82.85 50.47 98.66
12:31:52 136.58 50.47 98.66
12:31:53 181.43 50.47 98.66
12:31:54 202.09 50.47 98.66
12:31:55 196.67 50.47 98.66
12:31:56 171.40 50.47 98.64
12:31:57 136.72 50.47 98.64
12:31:58 102.28 50.47 98.66
12:31:59 67.48 50.47 98.66
12:32:00 42.68 50.47 98.66
12:32:01 26.36 50.47 98.66
12:32:02 15.43 50.47 98.66
12:32:03 8.81 50.47 98.66
12:32:04 4.49 50.47 98.66
12:32:05 1.67 50.47 98.66
12:32:06 0.15 50.47 98.66
12:32:07 -0.33 50.47 98.66
12:32:08 -1.67 50.47 98.66
12:32:09 -2.36 50.47 98.66
12:32:10 -2.70 50.47 98.66
12:32:11 -3.09 50.47 98.66
12:32:12 -2.92 50.47 98.66
12:32:13 -3.79 50.47 98.66
12:32:14 -4.22 50.47 98.66
12:32:15 -3.78 50.47 98.66
12:32:16 -3.68 50.47 98.64
12:32:17 -4.06 50.47 98.64
12:32:18 -3.99 50.47 98.66
12:32:19 -4.28 50.47 98.66
12:32:20 -3.95 50.47 98.66
12:32:21 -4.04 50.47 98.66
12:32:22 -4.33 50.47 98.66
12:32:23 -4.55 50.47 98.66
12:32:24 -4.12 50.47 98.66
12:32:25 -4.21 50.47 98.66
12:32:26 -4.37 50.47 98.66
12:32:27 -4.11 50.47 98.66
12:32:28 -4.42 50.47 98.66
12:32:29 -4.52 50.47 98.66
12:32:30 -4.34 50.47 98.66
12:32:31 -4.61 50.47 98.66
12:32:32 -4.42 50.47 98.66
12:32:33 -4.31 50.47 98.66
12:32:34 -4.41 50.47 98.66
12:32:35 -4.13 50.47 98.66
12:32:36 -4.24 50.47 98.66
12:32:37 -4.46 50.47 98.66
12:32:38 -4.28 50.47 98.66
12:32:39 -4.46 50.47 98.66
12:32:40 -4.18 50.47 98.66
12:32:41 -4.16 50.47 98.66
12:32:42 -4.36 50.47 98.66
12:32:43 -4.51 50.47 98.66
12:32:44 -4.34 50.47 98.66
12:32:45 -4.31 50.47 98.66
12:32:46 -4.27 50.47 98.66
12:32:47 -4.31 50.47 98.66
12:32:48 -4.58 50.47 98.66
12:32:49 -4.19 50.47 98.64
12:32:50 -4.52 50.47 98.64
12:32:51 -4.41 50.47 98.66
12:32:52 -4.32 50.47 98.66
12:32:53 -4.11 50.47 98.66
12:32:54 -4.42 50.47 98.66
12:32:55 -4.54 50.47 98.66
12:32:56 -4.34 50.47 98.66
12:32:57 -4.22 50.47 98.66
12:32:58 -4.16 50.47 98.66
12:32:59 -4.28 50.47 98.66
12:33:00 -4.28 50.47 98.66
12:33:01 -4.33 50.47 98.66
12:33:02 -4.45 50.47 98.66
12:33:03 -4.47 50.47 98.66
12:33:04 -4.15 50.47 98.66
12:33:05 -4.28 50.47 98.66
12:33:06 -4.26 50.47 98.66
12:33:07 -4.41 50.47 98.66
12:33:08 -4.25 50.47 98.66
12:33:09 -4.56 50.47 98.66
12:33:10 -4.46 50.47 98.66
12:33:11 -4.15 50.47 98.66
12:33:12 -4.08 50.47 98.66
12:33:13 -4.52 50.47 98.66
12:33:14 -4.20 50.47 98.66
12:33:15 -4.48 50.47 98.66
12:33:16 -4.66 50.47 98.66
12:33:17 -4.42 50.47 98.66
12:33:18 -4.47 50.47 98.66
12:33:19 -4.34 50.47 98.66
12:33:20 -4.01 50.47 98.66
12:33:21 -4.62 50.47 98.67
12:33:22 -4.08 50.47 98.66
12:33:23 -4.34 50.47 98.66
12:33:24 -4.33 50.47 98.66
12:33:25 -4.31 50.47 98.66
12:33:26 -4.44 50.47 98.66
12:33:27 -4.26 50.47 98.66
12:33:28 -4.26 50.47 98.66
12:33:29 -3.94 50.47 98.66
12:33:30 -4.38 50.47 98.66
12:33:31 -4.45 50.47 98.66
12:33:32 -4.40 50.47 98.66
12:33:33 -4.37 50.47 98.66
12:33:34 -4.30 50.47 98.66
12:33:35 -4.26 50.47 98.66
12:33:36 -4.42 50.47 98.66
12:33:37 -4.58 50.47 98.66
12:33:38 -4.15 50.47 98.66
12:33:39 -4.62 50.47 98.66
12:33:40 -4.63 50.47 98.66
12:33:41 -4.32 50.47 98.66
12:33:42 -4.50 50.47 98.66
12:33:43 -4.64 50.47 98.66
12:33:44 -4.20 50.47 98.66
12:33:45 -4.38 50.47 98.66
12:33:46 -4.44 50.47 98.66
12:33:47 -4.39 50.47 98.66
12:33:48 -4.52 50.47 98.66
12:33:49 -1.91 50.47 98.66
12:33:50 8.30 50.47 98.66
12:33:51 42.65 50.47 98.66
12:33:52 117.76 50.47 98.66
12:33:53 230.78 50.47 98.66
12:33:54 353.79 50.47 98.66
12:33:55 441.00 50.47 98.66
12:33:56 462.07 50.47 98.66
12:33:57 457.40 50.47 98.66
12:33:58 402.62 50.47 98.66
12:33:59 326.11 50.47 98.66
12:34:00 241.46 50.47 98.66
12:34:01 162.41 50.47 98.66
12:34:02 105.49 50.47 98.66
12:34:03 68.02 50.47 98.66
12:34:04 42.79 50.47 98.66
12:34:05 27.19 50.47 98.66
12:34:06 17.50 50.47 98.66
12:34:07 10.92 50.47 98.66
12:34:08 7.15 50.47 98.66
12:34:09 3.99 50.47 98.66
12:34:10 2.19 50.47 98.66
12:34:11 0.57 50.47 98.66
12:34:12 -0.75 50.47 98.66
12:34:13 -1.66 50.47 98.66
12:34:14 -1.68 50.47 98.66
12:34:15 -2.50 50.47 98.66
12:34:16 -3.20 50.47 98.66
12:34:17 -2.94 50.47 98.66
12:34:18 -3.21 50.47 98.66
12:34:19 -3.14 50.47 98.66
12:34:20 -3.48 50.47 98.66
12:34:21 -3.60 50.47 98.66
12:34:22 -3.64 50.47 98.66
12:34:23 -3.90 50.47 98.66
12:34:24 -4.02 50.47 98.66
12:34:25 -4.21 50.47 98.66
12:34:26 -3.89 50.47 98.66
12:34:27 -3.94 50.47 98.66
12:34:28 -4.05 50.47 98.66
12:34:29 -4.06 50.47 98.66
12:34:30 -4.20 50.47 98.66
12:34:31 -4.14 50.47 98.66
12:34:32 -3.88 50.47 98.66
12:34:33 -3.91 50.47 98.66
12:34:34 -1.92 50.47 98.66
12:34:35 6.54 50.47 98.66
12:34:36 30.71 50.47 98.66
12:34:37 76.00 50.47 98.66
12:34:38 137.50 50.47 98.66
12:34:39 168.21 50.47 98.66
12:34:40 216.81 50.47 98.66
12:34:41 237.64 50.47 98.66
12:34:42 225.52 50.47 98.66
12:34:43 193.28 50.47 98.66
12:34:44 152.66 50.47 98.66
12:34:45 111.27 50.47 98.66
12:34:46 73.33 50.47 98.66
12:34:47 46.05 50.47 98.66
12:34:48 29.14 50.47 98.67
12:34:49 17.98 50.47 98.66
12:34:50 10.66 50.47 98.66
12:34:51 6.15 50.47 98.66
12:34:52 3.30 50.47 98.66
12:34:53 1.07 50.47 98.66
12:34:54 -0.52 50.47 98.66
12:34:55 -1.23 50.47 98.66
12:34:56 -1.78 50.47 98.66
12:34:57 -2.37 50.47 98.66
12:34:58 -3.05 50.47 98.66
12:34:59 -2.81 50.47 98.66
12:35:00 -3.95 50.47 98.67
12:35:01 -3.82 50.47 98.67
12:35:02 -3.61 50.47 98.66
12:35:03 -3.93 50.47 98.66
12:35:04 -3.70 50.47 98.66
12:35:05 -3.75 50.47 98.66
12:35:06 -4.06 50.47 98.66
12:35:07 -4.09 50.47 98.66
12:35:08 -4.19 50.47 98.66
12:35:09 -4.26 50.47 98.66
12:35:10 -3.35 50.47 98.66
12:35:11 0.64 50.47 98.66
12:35:12 13.75 50.47 98.66
12:35:13 43.10 50.47 98.66
12:35:14 87.08 50.47 98.66
12:35:15 135.70 50.47 98.66
12:35:16 172.42 50.47 98.66
12:35:17 184.41 50.47 98.66
12:35:18 173.29 50.47 98.66
12:35:19 146.67 50.47 98.66
12:35:20 115.11 50.47 98.66
12:35:21 82.39 50.47 98.66
12:35:22 54.02 50.47 98.66
12:35:23 43.34 50.47 98.66
12:35:24 27.92 50.47 98.66
12:35:25 17.96 50.47 98.66
12:35:26 11.48 50.47 98.66
12:35:27 7.39 50.47 98.67
12:35:28 4.66 50.47 98.67
12:35:29 2.50 50.47 98.67
12:35:30 0.72 50.47 98.67
12:35:31 0.13 50.47 98.66
12:35:32 -1.02 50.47 98.66
12:35:33 -1.38 50.47 98.66
12:35:34 -1.89 50.47 98.66
12:35:35 -2.30 50.47 98.66
12:35:36 -2.88 50.47 98.67
12:35:37 -2.87 50.47 98.67
12:35:38 -3.48 50.47 98.66
12:35:39 -3.29 50.47 98.66
12:35:40 -3.74 50.47 98.67
12:35:41 -3.81 50.47 98.66
12:35:42 -3.72 50.47 98.66
12:35:43 -3.54 50.47 98.66
12:35:44 -3.53 50.47 98.66
12:35:45 -4.05 50.47 98.66
12:35:46 -3.85 50.47 98.66
12:35:47 -3.83 50.47 98.66
12:35:48 -3.73 50.47 98.66
12:35:49 -4.21 50.47 98.66
12:35:50 -2.85 50.47 98.66
12:35:51 3.21 50.47 98.67
12:35:52 20.16 50.47 98.66
12:35:53 55.82 50.47 98.66
12:35:54 105.24 50.47 98.66
12:35:55 155.35 50.47 98.66
12:35:56 188.02 50.47 98.66
12:35:57 193.81 50.47 98.66
12:35:58 176.88 50.47 98.66
12:35:59 146.13 50.47 98.66
12:36:00 112.64 50.47 98.67
12:36:01 81.09 50.47 98.67
12:36:02 53.08 50.47 98.67
12:36:03 34.38 50.47 98.67
12:36:04 21.84 50.47 98.67
12:36:05 14.47 50.47 98.67
12:36:06 11.63 50.47 98.67
12:36:07 7.56 50.47 98.67
12:36:08 4.46 50.47 98.67
12:36:09 2.70 50.47 98.66
12:36:10 1.31 50.47 98.66
12:36:11 0.25 50.47 98.67
12:36:12 -0.19 50.47 98.67
12:36:13 -1.37 50.47 98.67
12:36:14 -1.41 50.47 98.67
12:36:15 -2.26 50.47 98.67
12:36:16 -2.31 50.47 98.67
12:36:17 -3.06 50.47 98.67
12:36:18 -3.01 50.47 98.67
12:36:19 -3.21 50.47 98.67
12:36:20 -3.71 50.47 98.67
12:36:21 -3.04 50.47 98.67
12:36:22 -3.64 50.47 98.67
12:36:23 -3.80 50.47 98.67
12:36:24 -3.52 50.47 98.67
12:36:25 -3.64 50.47 98.66
12:36:26 -1.90 50.47 98.66
12:36:27 4.96 50.47 98.67
12:36:28 12.95 50.47 98.66
12:36:29 43.24 50.47 98.66
12:36:30 92.05 50.47 98.67
12:36:31 148.57 50.47 98.67
12:36:32 194.13 50.47 98.66
12:36:33 211.84 50.47 98.66
12:36:34 202.98 50.47 98.66
12:36:35 173.18 50.47 98.67
12:36:36 136.85 50.47 98.67
12:36:37 100.74 50.47 98.67
12:36:38 67.94 50.47 98.67
12:36:39 43.29 50.47 98.67
12:36:40 27.13 50.47 98.67
12:36:41 17.03 50.47 98.67
12:36:42 10.56 50.47 98.67
12:36:43 6.27 50.47 98.67
12:36:44 3.66 50.47 98.67
12:36:45 1.49 50.47 98.67
12:36:46 0.26 50.47 98.67
12:36:47 -0.58 50.47 98.67
12:36:48 -1.37 50.47 98.67
12:36:49 -1.52 50.47 98.67
12:36:50 -1.99 50.47 98.67
12:36:51 -2.63 50.47 98.67
12:36:52 -3.10 50.47 98.67
12:36:53 -3.34 50.47 98.67
12:36:54 -3.57 50.47 98.67
12:36:55 -3.50 50.47 98.67
12:36:56 -3.81 50.47 98.67
12:36:57 -3.82 50.47 98.67
12:36:58 -3.82 50.47 98.67
12:36:59 -3.86 50.47 98.67
12:37:00 -4.40 50.47 98.67
12:53:29 -4.41 50.47 98.66
12:53:30 -4.51 50.47 98.64
12:53:31 -4.71 50.47 98.64
12:53:32 -4.44 50.47 98.66
12:53:33 -4.54 50.47 98.66
12:53:34 -4.79 50.47 98.66
12:53:35 -4.52 50.47 98.66
12:53:36 -4.67 50.47 98.66
12:53:37 -4.31 50.47 98.66
12:53:38 -4.60 50.47 98.66
12:53:39 -4.91 50.47 98.66
12:53:40 -4.69 50.47 98.66
12:53:41 -4.39 50.47 98.66
12:53:42 -4.35 50.47 98.66
12:53:43 -4.13 50.47 98.66
12:53:44 -2.79 50.47 98.66
12:53:45 4.21 50.47 98.66
12:53:46 11.83 50.47 98.66
12:53:47 40.40 50.47 98.66
12:53:48 84.31 50.47 98.66
12:53:49 135.98 50.47 98.66
12:53:50 175.27 50.47 98.66
12:53:51 191.49 50.47 98.66
12:53:52 182.48 50.47 98.66
12:53:53 156.46 50.47 98.66
12:53:54 123.45 50.47 98.66
12:53:55 89.94 50.47 98.66
12:53:56 59.24 50.47 98.66
12:53:57 37.21 50.47 98.66
12:53:58 23.90 50.47 98.66
12:53:59 14.82 50.47 98.66
12:54:00 8.71 50.47 98.66
12:54:01 5.03 50.47 98.66
12:54:02 2.60 50.47 98.66
12:54:03 0.98 50.47 98.66
12:54:04 -0.25 50.47 98.66
12:54:05 -1.11 50.47 98.66
12:54:06 -1.81 50.47 98.66
12:54:07 -2.37 50.47 98.66
12:54:08 -2.71 50.47 98.66
12:54:09 -2.96 50.47 98.66
12:54:10 -3.50 50.47 98.66
12:54:11 -3.20 50.47 98.68
12:54:12 -3.93 50.47 98.66
12:54:13 -3.90 50.47 98.66
12:54:14 -3.97 50.47 98.66
12:54:15 -3.86 50.47 98.66
12:54:16 -4.19 50.47 98.66
12:54:17 -4.20 50.47 98.66
12:54:18 -4.26 50.47 98.66
12:54:19 -3.80 50.47 98.66
12:54:20 -4.23 50.47 98.66
12:54:21 -4.26 50.47 98.66
12:54:22 -4.35 50.47 98.66
12:54:23 -4.16 50.47 98.66
12:54:24 -4.21 50.47 98.64
12:54:25 -4.40 50.47 98.64
12:54:26 -4.28 50.47 98.66
12:54:27 -4.26 50.47 98.66
12:54:28 -4.53 50.47 98.66
12:54:29 -4.22 50.47 98.66
12:54:30 -4.48 50.47 98.66
12:54:31 -4.68 50.47 98.66
12:54:32 -4.46 50.47 98.66
12:54:33 -4.47 50.47 98.64
12:54:34 -4.36 50.47 98.64
12:54:35 -4.12 50.47 98.66
12:54:36 -4.26 50.47 98.66
12:54:37 -4.44 50.47 98.66
12:54:38 -4.57 50.47 98.64
12:54:39 -4.52 50.47 98.64
12:54:40 -4.28 50.47 98.66
12:54:41 -3.48 50.47 98.64
12:54:42 1.69 50.47 98.64
12:54:43 12.65 50.47 98.64
12:54:44 34.19 50.47 98.64
12:54:45 60.15 50.47 98.64
12:54:46 84.34 50.47 98.64
12:54:47 97.50 50.47 98.66
12:54:48 97.13 50.47 98.64
12:54:49 86.01 50.47 98.64
12:54:50 69.65 50.47 98.64
12:54:51 60.86 50.47 98.64
12:54:52 43.66 50.47 98.64
12:54:53 27.63 50.47 98.64
12:54:54 16.79 50.47 98.66
12:54:55 9.83 50.47 98.66
12:54:56 5.58 50.47 98.66
12:54:57 2.76 50.47 98.66
12:54:58 0.59 50.47 98.66
12:54:59 -0.31 50.47 98.66
12:55:00 -1.81 50.47 98.66
12:55:01 -2.03 50.47 98.66
12:55:02 -2.80 50.47 98.66
12:55:03 -2.94 50.47 98.66
12:55:04 -3.31 50.47 98.66
12:55:05 -3.67 50.47 98.66
12:55:06 -4.17 50.47 98.66
12:55:07 -3.59 50.47 98.66
12:55:08 -4.05 50.47 98.64
12:55:09 -3.72 50.47 98.64
12:55:10 -4.66 50.47 98.64
12:55:11 -4.21 50.47 98.64
12:55:12 -4.32 50.47 98.64
12:55:13 -4.09 50.47 98.64
12:55:14 -4.06 50.47 98.64
12:55:15 -1.29 50.47 98.64
12:55:16 8.92 50.47 98.64
12:55:17 33.36 50.47 98.64
12:55:18 72.43 50.47 98.64
12:55:19 118.86 50.47 98.64
12:55:20 156.12 50.47 98.64
12:55:21 172.96 50.47 98.64
12:55:22 165.18 50.47 98.66
12:55:23 142.13 50.47 98.66
12:55:24 113.34 50.47 98.66
12:55:25 81.71 50.47 98.66
12:55:26 54.27 50.47 98.66
12:55:27 35.05 50.47 98.66
12:55:28 22.17 50.47 98.66
12:55:29 14.06 50.47 98.66
12:55:30 8.80 50.47 98.66
12:55:31 5.54 50.47 98.64
12:55:32 3.18 50.47 98.64
12:55:33 1.39 50.47 98.66
12:55:34 0.23 50.47 98.66
12:55:35 -0.23 50.47 98.66
12:55:36 -1.10 50.47 98.66
12:55:37 -1.82 50.47 98.66
12:55:38 -2.23 50.47 98.66
12:55:39 -2.47 50.47 98.66
12:55:40 -3.18 50.47 98.66
12:55:41 -3.59 50.47 98.66
12:55:42 -3.03 50.47 98.66
12:55:43 -3.71 50.47 98.66
12:55:44 -3.62 50.47 98.66
12:55:45 -3.97 50.47 98.66
12:55:46 -3.87 50.47 98.66
12:55:47 -3.91 50.47 98.66
12:55:48 -3.98 50.47 98.66
12:55:49 -3.96 50.47 98.66
12:55:50 -4.11 50.47 98.66
12:55:51 -4.40 50.47 98.66
12:55:52 -4.01 50.47 98.66
12:55:53 -4.29 50.47 98.64
12:55:54 -4.28 50.47 98.64
12:55:55 -4.01 50.47 98.64
12:55:56 -4.63 50.47 98.64
12:55:57 -4.39 50.47 98.64
12:55:58 -4.58 50.47 98.64
12:55:59 -4.23 50.47 98.64
12:56:00 -4.64 50.47 98.64
12:56:01 -4.33 50.47 98.64
12:56:02 -4.44 50.47 98.64
12:56:03 -4.64 50.47 98.64
12:56:04 -4.19 50.47 98.66
12:56:05 -4.26 50.47 98.66
12:56:06 -4.49 50.47 98.66
12:56:07 -4.56 50.47 98.66
12:56:08 -4.53 50.47 98.64
12:56:09 -4.33 50.47 98.64
12:56:10 -4.12 50.47 98.66
12:56:11 -4.59 50.47 98.66
12:56:12 -4.43 50.47 98.66
12:56:13 -4.34 50.47 98.66
12:56:14 -4.39 50.47 98.64
12:56:15 -4.74 50.47 98.64
12:56:16 -4.40 50.47 98.64
12:56:17 -4.61 50.47 98.64
12:56:18 -4.33 50.47 98.64
12:56:19 -4.47 50.47 98.64
12:56:20 -4.74 50.47 98.66
12:56:21 -4.45 50.47 98.64
12:56:22 -4.65 50.47 98.64
12:56:23 -4.65 50.47 98.64
12:56:24 -4.39 50.47 98.64
12:56:25 -4.31 50.47 98.64
12:56:26 -4.49 50.47 98.64
12:56:27 -4.68 50.47 98.66
12:56:28 -4.35 50.47 98.64
12:56:29 -4.00 50.47 98.64
12:56:30 -2.36 50.47 98.64
12:56:31 3.95 50.47 98.64
12:56:32 15.84 50.47 98.64
12:56:33 31.82 50.47 98.64
12:56:34 48.50 50.47 98.64
12:56:35 59.10 50.47 98.64
12:56:36 60.92 50.47 98.64
12:56:37 54.54 50.47 98.64
12:56:38 44.45 50.47 98.64
12:56:39 33.63 50.47 98.64
12:56:40 27.75 50.47 98.64
12:56:41 17.45 50.47 98.64
12:56:42 10.09 50.47 98.64
12:56:43 5.29 50.47 98.64
12:56:44 2.23 50.47 98.64
12:56:45 0.37 50.47 98.64
12:56:46 -0.78 50.47 98.64
12:56:47 -1.52 50.47 98.64
12:56:48 -1.82 50.47 98.64
12:56:49 -2.56 50.47 98.64
12:56:50 -3.08 50.47 98.64
12:56:51 -3.28 50.47 98.64
12:56:52 -3.24 50.47 98.66
12:56:53 -3.85 50.47 98.66
12:56:54 -3.72 50.47 98.64
12:56:55 -4.07 50.47 98.64
12:56:56 -3.91 50.47 98.64
12:56:57 -3.80 50.47 98.64
12:56:58 -4.20 50.47 98.64
12:56:59 -4.54 50.47 98.64
12:57:00 -3.92 50.47 98.64
12:57:01 -4.37 50.47 98.64
12:57:02 -4.05 50.47 98.64
12:57:03 -3.45 50.47 98.64
12:57:04 0.80 50.47 98.64
12:57:05 18.71 50.47 98.64
12:57:06 64.74 50.47 98.64
12:57:07 145.34 50.47 98.64
12:57:08 247.43 50.47 98.64
12:57:09 336.18 50.47 98.64
12:57:10 382.19 50.47 98.64
12:57:11 376.34 50.47 98.64
12:57:12 331.64 50.47 98.64
12:57:13 268.06 50.47 98.64
12:57:14 202.77 50.47 98.64
12:57:15 139.56 50.47 98.64
12:57:16 91.75 50.47 98.64
12:57:17 60.01 50.47 98.64
12:57:18 39.36 50.47 98.64
12:57:19 25.74 50.47 98.64
12:57:20 17.57 50.47 98.64
12:57:21 11.95 50.47 98.64
12:57:22 7.51 50.47 98.64
12:57:23 6.17 50.47 98.64
12:57:24 3.75 50.47 98.64
12:57:25 2.33 50.47 98.64
12:57:26 1.26 50.47 98.64
12:57:27 -0.36 50.47 98.64
12:57:28 -0.81 50.47 98.64
12:57:29 -1.41 50.47 98.64
12:57:30 -2.09 50.47 98.64
12:57:31 -2.52 50.47 98.66
12:57:32 -3.27 50.47 98.64
12:57:33 -2.94 50.47 98.64
12:57:34 -3.18 50.47 98.64
12:57:35 -3.27 50.47 98.64
12:57:36 -3.66 50.47 98.64
12:57:37 -3.68 50.47 98.64
12:57:38 -3.61 50.47 98.64
12:57:39 -3.80 50.47 98.64
12:57:40 -3.35 50.47 98.64
12:57:41 -0.71 50.47 98.64
12:57:42 9.16 50.47 98.64
12:57:43 34.71 50.47 98.64
12:57:44 76.61 50.47 98.64
12:57:45 101.16 50.47 98.64
12:57:46 149.83 50.47 98.64
12:57:47 181.49 50.47 98.64
12:57:48 188.37 50.47 98.64
12:57:49 172.03 50.47 98.64
12:57:50 142.80 50.47 98.64
12:57:51 109.77 50.47 98.64
12:57:52 76.62 50.47 98.64
12:57:53 49.83 50.47 98.64
12:57:54 32.63 50.47 98.64
12:57:55 21.21 50.47 98.64
12:57:56 13.32 50.47 98.66
12:57:57 9.05 50.47 98.66
12:57:58 6.11 50.47 98.66
12:57:59 3.61 50.47 98.66
12:58:00 1.28 50.47 98.66
12:58:01 0.86 50.47 98.66
12:58:02 -0.40 50.47 98.66
12:58:03 -1.00 50.47 98.66
12:58:04 -1.61 50.47 98.66
12:58:05 -1.71 50.47 98.66
12:58:06 -2.93 50.47 98.66
12:58:07 -2.99 50.47 98.66
12:58:08 -2.44 50.47 98.66
12:58:09 -2.86 50.47 98.66
12:58:10 -3.37 50.47 98.66
12:58:11 -3.26 50.47 98.66
12:58:12 -3.46 50.47 98.66
12:58:13 -3.73 50.47 98.66
12:58:14 -4.07 50.47 98.66
12:58:15 -3.77 50.47 98.66
12:58:16 -2.42 50.47 98.66
12:58:17 4.41 50.47 98.66
12:58:18 22.81 50.47 98.66
12:58:19 58.67 50.47 98.66
12:58:20 106.81 50.47 98.66
12:58:21 153.50 50.47 98.66
12:58:22 181.99 50.47 98.66
12:58:23 185.24 50.47 98.66
12:58:24 167.20 50.47 98.66
12:58:25 137.97 50.47 98.66
12:58:26 104.48 50.47 98.66
12:58:27 71.46 50.47 98.66
12:58:28 58.40 50.47 98.66
12:58:29 37.77 50.47 98.66
12:58:30 24.67 50.47 98.66
12:58:31 16.07 50.47 98.66
12:58:32 10.42 50.47 98.66
12:58:33 6.54 50.47 98.66
12:58:34 4.31 50.47 98.66
12:58:35 2.26 50.47 98.66
12:58:36 1.07 50.47 98.66
12:58:37 -0.31 50.47 98.66
12:58:38 -0.40 50.47 98.66
12:58:39 -1.50 50.47 98.66
12:58:40 -1.88 50.47 98.66
12:58:41 -2.47 50.47 98.66
12:58:42 -2.97 50.47 98.66
12:58:43 -3.03 50.47 98.66
12:58:44 -3.01 50.47 98.66
12:58:45 -3.40 50.47 98.66
12:58:46 -3.58 50.47 98.66
12:58:47 -3.55 50.47 98.66
12:58:48 -3.67 50.47 98.66
12:58:49 -3.53 50.47 98.66
12:58:50 -3.30 50.47 98.66
12:58:51 -3.48 50.47 98.66
12:58:52 -0.83 50.47 98.66
12:58:53 7.66 50.47 98.66
12:58:54 24.48 50.47 98.66
12:58:55 47.21 50.47 98.66
12:58:56 67.25 50.47 98.66
12:58:57 77.73 50.47 98.66
12:58:58 75.81 50.47 98.66
12:58:59 64.02 50.47 98.66
12:59:00 49.01 50.47 98.64
12:59:01 34.37 50.47 98.64
12:59:02 21.89 50.47 98.64
12:59:03 13.09 50.47 98.64
12:59:04 7.03 50.47 98.66
12:59:05 3.43 50.47 98.64
12:59:06 1.45 50.47 98.64
12:59:07 -0.69 50.47 98.66
12:59:08 -1.19 50.47 98.66
12:59:09 -1.35 50.47 98.64
12:59:10 -2.51 50.47 98.64
12:59:11 -2.73 50.47 98.64
12:59:12 -2.91 50.47 98.64
12:59:13 -3.38 50.47 98.64
12:59:14 -3.23 50.47 98.64
12:59:15 -3.82 50.47 98.66
12:59:16 -3.79 50.47 98.64
12:59:17 -3.93 50.47 98.64
12:59:18 -4.02 50.47 98.64
12:59:19 -3.92 50.47 98.64
12:59:20 -4.19 50.47 98.64
12:59:21 -4.16 50.47 98.64
12:59:22 -4.05 50.47 98.64
12:59:23 -3.84 50.47 98.64
12:59:24 -3.73 50.47 98.66
12:59:25 -2.72 50.47 98.66
12:59:26 3.05 50.47 98.66
12:59:27 19.28 50.47 98.64
12:59:28 49.24 50.47 98.64
12:59:29 89.81 50.47 98.64
12:59:30 128.62 50.47 98.64
12:59:31 153.07 50.47 98.64
12:59:32 156.02 50.47 98.66
12:59:33 140.75 50.47 98.64
12:59:34 129.26 50.47 98.64
12:59:35 102.12 50.47 98.64
12:59:36 75.14 50.47 98.64
12:59:37 48.86 50.47 98.64
12:59:38 30.86 50.47 98.66
12:59:39 18.82 50.47 98.64
12:59:40 11.05 50.47 98.64
12:59:41 6.30 50.47 98.66
12:59:42 2.91 50.47 98.64
12:59:43 1.29 50.47 98.64
12:59:44 -0.79 50.47 98.64
12:59:45 -1.50 50.47 98.64
12:59:46 -2.10 50.47 98.64
12:59:47 -2.79 50.47 98.64
12:59:48 -3.02 50.47 98.64
12:59:49 -3.12 50.47 98.66
12:59:50 -3.83 50.47 98.66
12:59:51 -4.19 50.47 98.66
12:59:52 -3.80 50.47 98.64
12:59:53 -4.03 50.47 98.64
12:59:54 -3.88 50.47 98.64
12:59:55 -4.13 50.47 98.64
12:59:56 -4.00 50.47 98.64
12:59:57 -4.13 50.47 98.64
12:59:58 -4.27 50.47 98.64
12:59:59 -4.40 50.47 98.64
13:00:00 -3.58 50.47 98.64
13:00:01 -0.42 50.47 98.64
13:00:02 11.90 50.47 98.64
13:00:03 41.09 50.47 98.64
13:00:04 87.38 50.47 98.64
13:00:05 141.69 50.47 98.64
13:00:06 185.49 50.47 98.64
13:00:07 203.86 50.47 98.64
13:00:08 195.73 50.47 98.64
13:00:09 168.68 50.47 98.64
13:00:10 133.57 50.47 98.64
13:00:11 98.32 50.47 98.64
13:00:12 65.22 50.47 98.66
13:00:13 42.78 50.47 98.66
13:00:14 27.07 50.47 98.66
13:00:15 17.31 50.47 98.64
13:00:16 11.34 50.47 98.64
13:00:17 8.90 50.47 98.64
13:00:18 5.55 50.47 98.64
13:00:19 3.91 50.47 98.64
13:00:20 1.35 50.47 98.66
13:00:21 0.71 50.47 98.66
13:00:22 -0.79 50.47 98.66
13:00:23 -1.24 50.47 98.64
13:00:24 -1.47 50.47 98.64
13:00:25 -2.10 50.47 98.66
13:00:26 -3.09 50.47 98.66
13:00:27 -2.93 50.47 98.66
13:00:28 -3.18 50.47 98.64
13:00:29 -3.07 50.47 98.64
13:00:30 -3.65 50.47 98.64
13:00:31 -3.12 50.47 98.64
13:00:32 -3.61 50.47 98.64
13:00:33 -3.68 50.47 98.64
13:00:34 -3.74 50.47 98.64
13:00:35 -4.02 50.47 98.64
13:00:36 -1.74 50.47 98.64
13:00:37 6.30 50.47 98.64
13:00:38 28.87 50.47 98.64
13:00:39 48.84 50.47 98.64
13:00:40 105.14 50.47 98.64
13:00:41 172.73 50.47 98.64
13:00:42 233.34 50.47 98.64
13:00:43 264.94 50.47 98.64
13:00:44 264.65 50.47 98.64
13:00:45 235.94 50.47 98.64
13:00:46 193.88 50.47 98.64
13:00:47 149.32 50.47 98.64
13:00:48 102.67 50.47 98.64
13:00:49 66.28 50.47 98.64
13:00:50 42.05 50.47 98.64
13:00:51 26.01 50.47 98.64
13:00:52 15.17 50.47 98.64
13:00:53 8.77 50.47 98.64
13:00:54 4.53 50.47 98.64
13:00:55 2.19 50.47 98.64
13:00:56 0.33 50.47 98.64
13:00:57 -1.12 50.47 98.64
13:00:58 -2.09 50.47 98.64
13:00:59 -2.73 50.47 98.64
13:01:00 -2.98 50.47 98.64
13:01:01 -2.88 50.47 98.64
13:01:02 -3.67 50.47 98.64
13:01:03 -3.43 50.47 98.64
13:01:04 -3.65 50.47 98.64
13:01:05 -4.30 50.47 98.64
13:01:06 -3.90 50.47 98.64
13:01:07 -3.97 50.47 98.64
13:01:08 -4.33 50.47 98.64
13:01:09 -3.75 50.47 98.64
13:01:10 -4.23 50.47 98.64
13:01:11 -4.18 50.47 98.64
13:01:12 -4.37 50.47 98.64
13:01:13 -4.15 50.47 98.64
13:01:14 -4.37 50.47 98.64
13:01:15 -4.55 50.47 98.64
13:01:16 -4.38 50.47 98.64
13:01:17 -4.33 50.47 98.64
13:01:18 -4.32 50.47 98.64
13:01:19 -4.31 50.47 98.66
13:01:20 -4.13 50.47 98.64
13:01:21 -4.47 50.47 98.64
13:01:22 -4.44 50.47 98.64
13:01:23 -4.42 50.47 98.66
13:01:24 -4.36 50.47 98.66
13:01:25 -4.37 50.47 98.66
13:01:26 -4.23 50.47 98.64
13:01:27 -4.00 50.47 98.64
13:01:28 -4.67 50.47 98.64
13:01:29 -4.53 50.47 98.64
13:01:30 -4.29 50.47 98.64
13:01:31 -4.45 50.47 98.66
13:01:32 -4.47 50.47 98.66
13:01:33 -4.29 50.47 98.64
13:01:34 -4.20 50.47 98.64
13:01:35 -4.91 50.47 98.66
13:01:36 -4.70 50.47 98.66
13:01:37 -4.45 50.47 98.66
13:01:38 -4.01 50.47 98.66
13:01:39 -4.73 50.47 98.66
13:01:40 -4.14 50.47 98.64
13:01:41 -4.41 50.47 98.64
13:01:42 -4.68 50.47 98.64
13:01:43 -4.45 50.47 98.64
13:01:44 -4.42 50.47 98.64
13:01:45 -4.22 50.47 98.64
13:01:46 -3.51 50.47 98.64
13:01:47 -0.52 50.47 98.64
13:01:48 5.97 50.47 98.64
13:01:49 12.98 50.47 98.64
13:01:50 20.78 50.47 98.64
13:01:51 26.02 50.47 98.64
13:01:52 26.63 50.47 98.64
13:01:53 23.71 50.47 98.64
13:01:54 19.19 50.47 98.64
13:01:55 13.73 50.47 98.64
13:01:56 7.78 50.47 98.64
13:01:57 3.57 50.47 98.64
13:01:58 1.09 50.47 98.66
13:01:59 -0.96 50.47 98.64
13:02:00 -1.82 50.47 98.64
13:02:01 -2.79 50.47 98.64
13:02:02 -3.32 50.47 98.64
13:02:03 -3.69 50.47 98.64
13:02:04 -3.72 50.47 98.64
13:02:05 -3.36 50.47 98.64
13:02:06 -3.61 50.47 98.64
13:02:07 -4.12 50.47 98.66
13:02:08 -4.34 50.47 98.64
13:02:09 -4.34 50.47 98.64
13:02:10 -4.40 50.47 98.64
13:02:11 -4.36 50.47 98.64
13:02:12 -4.19 50.47 98.64
13:02:13 -4.80 50.47 98.64
13:02:14 -4.15 50.47 98.64
13:02:15 -4.56 50.47 98.64
13:02:16 -4.39 50.47 98.64
13:02:17 -4.33 50.47 98.64
13:02:18 -3.51 50.47 98.64
13:02:19 -0.03 50.47 98.64
13:02:20 4.83 50.47 98.64
13:02:21 11.91 50.47 98.64
13:02:22 18.83 50.47 98.64
13:02:23 23.35 50.47 98.64
13:02:24 23.91 50.47 98.64
13:02:25 21.56 50.47 98.64
13:02:26 16.85 50.47 98.64
13:02:27 14.61 50.47 98.64
13:02:28 9.52 50.47 98.64
13:02:29 4.88 50.47 98.64
13:02:30 1.14 50.47 98.64
13:02:31 -0.68 50.47 98.64
13:02:32 -1.68 50.47 98.64
13:02:33 -2.86 50.47 98.64
13:02:34 -3.39 50.47 98.64
13:02:35 -3.68 50.47 98.64
13:02:36 -3.75 50.47 98.64
13:02:37 -4.15 50.47 98.64
13:02:38 -4.38 50.47 98.64
13:02:39 -4.32 50.47 98.64
13:02:40 -4.33 50.47 98.64
13:02:41 -4.08 50.47 98.64
13:02:42 -4.70 50.47 98.64
13:02:43 -3.98 50.47 98.64
13:02:44 -4.80 50.47 98.64
13:02:45 -4.42 50.47 98.64
13:02:46 -4.39 50.47 98.64
13:02:47 -4.73 50.47 98.64
13:02:48 -3.54 50.47 98.64
13:02:49 -2.90 50.47 98.64
13:02:50 1.34 50.47 98.64
13:02:51 13.43 50.47 98.64
13:02:52 36.01 50.47 98.64
13:02:53 65.84 50.47 98.64
13:02:54 92.58 50.47 98.64
13:02:55 107.22 50.47 98.64
13:02:56 107.91 50.47 98.64
13:02:57 95.66 50.47 98.64
13:02:58 76.81 50.47 98.64
13:02:59 57.66 50.47 98.64
13:03:00 38.03 50.47 98.64
13:03:01 24.14 50.47 98.64
13:03:02 14.71 50.47 98.66
13:03:03 8.41 50.47 98.64
13:03:04 4.99 50.47 98.64
13:03:05 1.92 50.47 98.66
13:03:06 0.31 50.47 98.66
13:03:07 -0.21 50.47 98.66
13:03:08 -1.31 50.47 98.66
13:03:09 -1.88 50.47 98.66
13:03:10 -2.74 50.47 98.66
13:03:11 -3.01 50.47 98.64
13:03:12 -3.12 50.47 98.64
13:03:13 -3.56 50.47 98.64
13:03:14 -3.42 50.47 98.64
13:03:15 -3.23 50.47 98.64
13:03:16 -4.18 50.47 98.64
13:03:17 -4.07 50.47 98.64
13:03:18 -3.90 50.47 98.64
13:03:19 -4.15 50.47 98.64
13:03:20 -4.34 50.47 98.64
13:03:21 -2.69 50.47 98.64
13:03:22 2.80 50.47 98.64
13:03:23 16.68 50.47 98.64
13:03:24 43.16 50.47 98.64
13:03:25 77.67 50.47 98.64
13:03:26 109.26 50.47 98.64
13:03:27 127.27 50.47 98.64
13:03:28 127.54 50.47 98.64
13:03:29 113.74 50.47 98.64
13:03:30 92.21 50.47 98.64
13:03:31 68.44 50.47 98.64
13:03:32 56.68 50.47 98.64
13:03:33 36.47 50.47 98.64
13:03:34 22.36 50.47 98.64
13:03:35 12.80 50.47 98.64
13:03:36 7.30 50.47 98.64
13:03:37 4.12 50.47 98.66
13:03:38 1.16 50.47 98.64
13:03:39 -0.25 50.47 98.64
13:03:40 -0.96 50.47 98.64
13:03:41 -1.77 50.47 98.64
13:03:42 -2.65 50.47 98.64
13:03:43 -3.09 50.47 98.64
13:03:44 -2.98 50.47 98.64
13:03:45 -3.61 50.47 98.64
13:03:46 -4.32 50.47 98.64
13:03:47 -3.61 50.47 98.64
13:03:48 -3.71 50.47 98.64
13:03:49 -4.20 50.47 98.64
13:03:50 -4.29 50.47 98.64
13:03:51 -3.79 50.47 98.64
13:03:52 -4.39 50.47 98.64
13:03:53 -4.12 50.47 98.64
13:03:54 -4.39 50.47 98.64
13:03:55 -4.08 50.47 98.64
13:03:56 -2.84 50.47 98.66
13:03:57 0.21 50.47 98.66
13:03:58 9.98 50.47 98.66
13:03:59 26.74 50.47 98.64
13:04:00 48.70 50.47 98.64
13:04:01 67.42 50.47 98.64
13:04:02 77.80 50.47 98.64
13:04:03 77.76 50.47 98.64
13:04:04 68.44 50.47 98.64
13:04:05 55.38 50.47 98.64
13:04:06 40.82 50.47 98.64
13:04:07 26.47 50.47 98.64
13:04:08 15.48 50.47 98.64
13:04:09 8.56 50.47 98.64
13:04:10 4.01 50.47 98.64
13:04:11 1.17 50.47 98.64
13:04:12 -0.82 50.47 98.64
13:04:13 -2.04 50.47 98.64
13:04:14 -2.29 50.47 98.64
13:04:15 -3.20 50.47 98.64
13:04:16 -3.46 50.47 98.64
13:04:17 -3.15 50.47 98.64
13:04:18 -3.93 50.47 98.64
13:04:19 -4.08 50.47 98.64
13:04:20 -3.82 50.47 98.66
13:04:21 -4.48 50.47 98.64
13:04:22 -4.14 50.47 98.64
13:04:23 -3.97 50.47 98.64
13:04:24 -4.42 50.47 98.64
13:04:25 -4.08 50.47 98.64
13:04:26 -4.53 50.47 98.64
13:04:27 -4.48 50.47 98.64
13:04:28 -4.41 50.47 98.64
13:04:29 -4.16 50.47 98.64
13:04:30 -4.23 50.47 98.64
13:04:31 -2.90 50.47 98.64
13:04:32 2.45 50.47 98.64
13:04:33 16.82 50.47 98.64
13:04:34 43.60 50.47 98.64
13:04:35 78.03 50.47 98.64
13:04:36 110.45 50.47 98.64
13:04:37 121.96 50.47 98.64
13:04:38 131.95 50.47 98.64
13:04:39 124.19 50.47 98.64
13:04:40 105.18 50.47 98.64
13:04:41 81.62 50.47 98.64
13:04:42 56.69 50.47 98.64
13:04:43 36.00 50.47 98.66
13:04:44 22.22 50.47 98.66
13:04:45 12.48 50.47 98.64
13:04:46 6.83 50.47 98.64
13:04:47 3.04 50.47 98.64
13:04:48 0.76 50.47 98.64
13:04:49 -0.65 50.47 98.64
13:04:50 -2.11 50.47 98.64
13:04:51 -2.23 50.47 98.66
13:04:52 -2.74 50.47 98.66
13:04:53 -3.85 50.47 98.66
13:04:54 -3.62 50.47 98.66
13:04:55 -3.21 50.47 98.66
13:04:56 -3.90 50.47 98.66
13:04:57 -4.24 50.47 98.64
13:04:58 -4.14 50.47 98.64
13:04:59 -4.04 50.47 98.64
13:05:00 -4.11 50.47 98.64
13:05:01 -4.25 50.47 98.64
13:05:02 -4.27 50.47 98.64
13:05:03 -4.28 50.47 98.64
13:05:04 -3.54 50.47 98.64
13:05:05 -0.75 50.47 98.64
13:05:06 7.91 50.47 98.64
13:05:07 26.09 50.47 98.64
13:05:08 51.80 50.47 98.64
13:05:09 79.46 50.47 98.64
13:05:10 99.40 50.47 98.64
13:05:11 106.44 50.47 98.64
13:05:12 99.80 50.47 98.64
13:05:13 84.97 50.47 98.64
13:05:14 66.45 50.47 98.64
13:05:15 47.17 50.47 98.64
13:05:16 29.61 50.47 98.64
13:05:17 18.22 50.47 98.64
13:05:18 10.30 50.47 98.64
13:05:19 4.95 50.47 98.64
13:05:20 1.91 50.47 98.64
13:05:21 0.70 50.47 98.64
13:05:22 -0.93 50.47 98.64
13:05:23 -1.61 50.47 98.66
13:05:24 -2.72 50.47 98.64
13:05:25 -3.16 50.47 98.64
13:05:26 -2.92 50.47 98.66
13:05:27 -3.98 50.47 98.66
13:05:28 -3.90 50.47 98.66
13:05:29 -3.95 50.47 98.64
13:05:30 -4.15 50.47 98.64
13:05:31 -4.83 50.47 98.66
13:05:32 -3.98 50.47 98.66
13:05:33 -4.31 50.47 98.66
13:05:34 -4.35 50.47 98.66
13:05:35 -4.77 50.47 98.66
13:05:36 -4.59 50.47 98.66
13:05:37 -3.06 50.47 98.66
13:05:38 0.24 50.47 98.66
13:05:39 12.68 50.47 98.66
13:05:40 39.26 50.47 98.66
13:05:41 80.00 50.47 98.66
13:05:42 124.59 50.47 98.66
13:05:43 144.25 50.47 98.66
13:05:44 168.68 50.47 98.66
13:05:45 170.45 50.47 98.66
13:05:46 153.23 50.47 98.64
13:05:47 125.75 50.47 98.64
13:05:48 95.97 50.47 98.64
13:05:49 66.45 50.47 98.64
13:05:50 41.91 50.47 98.66
13:05:51 25.68 50.47 98.66
13:05:52 15.05 50.47 98.66
13:05:53 8.02 50.47 98.66
13:05:54 4.18 50.47 98.66
13:05:55 1.46 50.47 98.66
13:05:56 -0.43 50.47 98.66
13:05:57 -1.52 50.47 98.66
13:05:58 -2.33 50.47 98.64
13:05:59 -2.51 50.47 98.66
13:06:00 -3.32 50.47 98.66
13:06:01 -3.97 50.47 98.66
13:06:02 -4.00 50.47 98.66
13:06:03 -3.72 50.47 98.66
13:06:04 -3.99 50.47 98.66
13:06:05 -4.19 50.47 98.66
13:06:06 -3.97 50.47 98.66
13:06:07 -3.96 50.47 98.66
13:06:08 -3.83 50.47 98.64
13:06:09 -4.29 50.47 98.64
13:06:10 -4.08 50.47 98.64
13:06:11 -3.12 50.47 98.64
13:06:12 3.84 50.47 98.64
13:06:13 21.22 50.47 98.64
13:06:14 55.00 50.47 98.64
13:06:15 99.69 50.47 98.66
13:06:16 143.22 50.47 98.64
13:06:17 171.21 50.47 98.64
13:06:18 175.34 50.47 98.64
13:06:19 159.39 50.47 98.64
13:06:20 130.97 50.47 98.64
13:06:21 99.34 50.47 98.64
13:06:22 67.00 50.47 98.64
13:06:23 42.74 50.47 98.64
13:06:24 25.85 50.47 98.66
13:06:25 15.18 50.47 98.66
13:06:26 11.65 50.47 98.66
13:06:27 6.20 50.47 98.66
13:06:28 2.93 50.47 98.64
13:06:29 1.33 50.47 98.64
13:06:30 -0.92 50.47 98.66
13:06:31 -1.66 50.47 98.66
13:06:32 -2.13 50.47 98.66
13:06:33 -2.93 50.47 98.66
13:06:34 -3.24 50.47 98.66
13:06:35 -3.91 50.47 98.64
13:06:36 -3.81 50.47 98.64
13:06:37 -3.81 50.47 98.66
13:06:38 -4.07 50.47 98.66
13:06:39 -4.07 50.47 98.64
13:06:40 -4.36 50.47 98.64
13:06:41 -4.45 50.47 98.64
13:06:42 -4.36 50.47 98.64
13:06:43 -3.86 50.47 98.64
13:06:44 -3.16 50.47 98.64
13:06:45 1.17 50.47 98.64
13:06:46 12.79 50.47 98.64
13:06:47 34.74 50.47 98.66
13:06:48 48.07 50.47 98.66
13:06:49 77.55 50.47 98.66
13:06:50 101.13 50.47 98.64
13:06:51 111.52 50.47 98.64
13:06:52 106.91 50.47 98.64
13:06:53 92.55 50.47 98.64
13:06:54 73.62 50.47 98.64
13:06:55 52.43 50.47 98.64
13:06:56 33.52 50.47 98.66
13:06:57 20.70 50.47 98.66
13:06:58 11.81 50.47 98.66
13:06:59 6.16 50.47 98.66
13:07:00 2.09 50.47 98.66
13:07:01 0.36 50.47 98.66
13:07:02 -1.03 50.47 98.66
13:07:03 -2.25 50.47 98.66
13:07:04 -2.74 50.47 98.66
13:07:05 -2.97 50.47 98.66
13:07:06 -3.57 50.47 98.66
13:07:07 -4.02 50.47 98.66
13:07:08 -4.03 50.47 98.66
13:07:09 -3.81 50.47 98.66
13:07:10 -4.31 50.47 98.66
13:07:11 -4.27 50.47 98.66
13:07:12 -4.26 50.47 98.66
13:07:13 -4.03 50.47 98.66
13:07:14 -4.33 50.47 98.66
13:07:15 -4.26 50.47 98.66
13:07:16 -4.30 50.47 98.66
13:07:17 -4.62 50.47 98.66
13:07:18 -4.33 50.47 98.66
13:07:19 -4.46 50.47 98.66
13:07:20 -4.07 50.47 98.66
13:07:21 -4.26 50.47 98.64
13:07:22 -4.62 50.47 98.64
13:07:23 -4.63 50.47 98.66
13:07:24 -4.53 50.47 98.64
13:07:25 -4.59 50.47 98.64
13:07:26 -4.61 50.47 98.66
13:07:27 -4.47 50.47 98.66
13:07:28 -4.43 50.47 98.66
13:07:29 -4.17 50.47 98.66
13:07:30 -4.40 50.47 98.66
13:07:31 -4.34 50.47 98.66
13:07:32 -4.31 50.47 98.66
13:07:33 -4.63 50.47 98.66
13:07:34 -4.59 50.47 98.66
13:07:35 -4.25 50.47 98.66
13:07:36 -4.41 50.47 98.66
13:07:37 -4.20 50.47 98.66
13:07:38 -4.54 50.47 98.66
13:07:39 -4.50 50.47 98.66
13:07:40 -4.18 50.47 98.66
13:07:41 -4.61 50.47 98.66
13:07:42 -4.53 50.47 98.66
13:07:43 -4.20 50.47 98.66
13:07:44 -4.13 50.47 98.66
13:07:45 -4.31 50.47 98.66
13:07:46 -4.42 50.47 98.66
13:07:47 -4.13 50.47 98.66
13:07:48 -4.42 50.47 98.66
13:07:49 -1.69 50.47 98.66
13:07:50 6.28 50.47 98.66
13:07:51 24.16 50.47 98.66
13:07:52 49.92 50.47 98.66
13:07:53 65.69 50.47 98.66
13:07:54 93.15 50.47 98.66
13:07:55 109.35 50.47 98.66
13:07:56 111.13 50.47 98.66
13:07:57 100.17 50.47 98.66
13:07:58 81.96 50.47 98.66
13:07:59 61.64 50.47 98.66
13:08:00 44.04 50.47 98.66
13:08:01 29.93 50.47 98.66
13:08:02 17.62 50.47 98.66
13:08:03 9.44 50.47 98.66
13:08:04 4.74 50.47 98.66
13:08:05 1.55 50.47 98.66
13:08:06 -0.14 50.47 98.66
13:08:07 -1.66 50.47 98.66
13:08:08 -2.21 50.47 98.66
13:08:09 -2.87 50.47 98.66
13:08:10 -3.70 50.47 98.66
13:08:11 -3.48 50.47 98.66
13:08:12 -3.88 50.47 98.66
13:08:13 -4.17 50.47 98.66
13:08:14 -3.83 50.47 98.66
13:08:15 -3.88 50.47 98.66
13:08:16 -4.63 50.47 98.66
13:08:17 -4.47 50.47 98.66
13:08:18 -4.52 50.47 98.66
13:08:19 -4.30 50.47 98.66
13:08:20 -4.42 50.47 98.66
13:08:21 -4.26 50.47 98.66
13:08:22 -4.32 50.47 98.66
13:08:23 -4.53 50.47 98.66
13:08:24 -4.85 50.47 98.66
13:08:25 -4.08 50.47 98.66
13:08:26 -3.42 50.47 98.66
13:08:27 0.93 50.47 98.66
13:08:28 13.40 50.47 98.66
13:08:29 38.01 50.47 98.66
13:08:30 73.55 50.47 98.66
13:08:31 110.64 50.47 98.66
13:08:32 138.58 50.47 98.66
13:08:33 148.92 50.47 98.66
13:08:34 140.26 50.47 98.66
13:08:35 120.54 50.47 98.66
13:08:36 108.28 50.47 98.66
13:08:37 81.24 50.47 98.66
13:08:38 55.25 50.47 98.66
13:08:39 35.22 50.47 98.66
13:08:40 21.16 50.47 98.66
13:08:41 12.69 50.47 98.66
13:08:42 6.70 50.47 98.66
13:08:43 3.46 50.47 98.66
13:08:44 0.54 50.47 98.66
13:08:45 -0.67 50.47 98.66
13:08:46 -1.82 50.47 98.66
13:08:47 -2.55 50.47 98.66
13:08:48 -3.10 50.47 98.66
13:08:49 -3.38 50.47 98.66
13:08:50 -4.02 50.47 98.66
13:08:51 -4.16 50.47 98.66
13:08:52 -4.26 50.47 98.66
13:08:53 -4.07 50.47 98.66
13:08:54 -4.34 50.47 98.66
13:08:55 -4.39 50.47 98.66
13:08:56 -4.65 50.47 98.66
13:08:57 -3.98 50.47 98.66
13:08:58 -4.19 50.47 98.66
13:08:59 -4.69 50.47 98.66
13:09:00 -3.87 50.47 98.66
13:09:01 -1.15 50.47 98.66
13:09:02 8.98 50.47 98.66
13:09:03 32.39 50.47 98.66
13:09:04 70.15 50.47 98.66
13:09:05 113.96 50.47 98.66
13:09:06 150.64 50.47 98.66
13:09:07 165.66 50.47 98.66
13:09:08 160.96 50.47 98.66
13:09:09 138.99 50.47 98.66
13:09:10 110.58 50.47 98.66
13:09:11 81.75 50.47 98.66
13:09:12 53.53 50.47 98.66
13:09:13 33.58 50.47 98.66
13:09:14 19.76 50.47 98.66
13:09:15 11.65 50.47 98.66
13:09:16 5.86 50.47 98.66
13:09:17 3.07 50.47 98.66
13:09:18 0.45 50.47 98.66
13:09:19 -0.14 50.47 98.66
13:09:20 -1.67 50.47 98.66
13:09:21 -1.82 50.47 98.66
13:09:22 -2.64 50.47 98.66
13:09:23 -3.26 50.47 98.66
13:09:24 -3.22 50.47 98.66
13:09:25 -4.02 50.47 98.66
13:09:26 -3.93 50.47 98.66
13:09:27 -3.92 50.47 98.66
13:09:28 -4.24 50.47 98.66
13:09:29 -3.81 50.47 98.66
13:09:30 -3.79 50.47 98.66
13:09:31 -4.63 50.47 98.66
13:09:32 -4.13 50.47 98.66
13:09:33 -4.53 50.47 98.66
13:09:34 -4.27 50.47 98.66
13:09:35 -3.94 50.47 98.66
13:09:36 -1.98 50.47 98.66
13:09:37 2.67 50.47 98.66
13:09:38 13.97 50.47 98.66
13:09:39 30.11 50.47 98.66
13:09:40 48.78 50.47 98.66
13:09:41 56.90 50.47 98.66
13:09:42 67.43 50.47 98.66
13:09:43 69.68 50.47 98.66
13:09:44 63.35 50.47 98.66
13:09:45 52.33 50.47 98.66
13:09:46 39.42 50.47 98.66
13:09:47 25.92 50.47 98.66
13:09:48 15.69 50.47 98.66
13:09:49 9.03 50.47 98.66
13:09:50 3.97 50.47 98.66
13:09:51 0.97 50.47 98.66
13:09:52 -0.69 50.47 98.66
13:09:53 -1.50 50.47 98.66
13:09:54 -2.56 50.47 98.66
13:09:55 -2.93 50.47 98.66
13:09:56 -3.68 50.47 98.66
13:09:57 -4.04 50.47 98.67
13:09:58 -3.84 50.47 98.67
13:09:59 -4.26 50.47 98.67
13:10:00 -3.99 50.47 98.67
13:10:01 -4.14 50.47 98.66
13:10:02 -4.41 50.47 98.66
13:10:03 -4.15 50.47 98.66
13:10:04 -4.68 50.47 98.66
13:10:05 -4.18 50.47 98.66
13:10:06 -4.58 50.47 98.66
13:10:07 -4.49 50.47 98.66
13:10:08 -4.28 50.47 98.66
13:10:09 -3.75 50.47 98.66
13:10:10 -3.50 50.47 98.66
13:10:11 1.19 50.47 98.66
13:10:12 14.50 50.47 98.66
13:10:13 36.98 50.47 98.66
13:10:14 68.18 50.47 98.66
13:10:15 98.43 50.47 98.66
13:10:16 118.84 50.47 98.66
13:10:17 124.54 50.47 98.66
13:10:18 116.13 50.47 98.66
13:10:19 97.72 50.47 98.66
13:10:20 76.50 50.47 98.66
13:10:21 52.71 50.47 98.66
13:10:22 34.05 50.47 98.67
13:10:23 20.90 50.47 98.66
13:10:24 15.90 50.47 98.66
13:10:25 8.73 50.47 98.66
13:10:26 4.05 50.47 98.66
13:10:27 2.12 50.47 98.66
13:10:28 -0.35 50.47 98.66
13:10:29 -1.66 50.47 98.66
13:10:30 -2.28 50.47 98.66
13:10:31 -2.83 50.47 98.66
13:10:32 -3.13 50.47 98.66
13:10:33 -3.72 50.47 98.66
13:10:34 -3.54 50.47 98.66
13:10:35 -3.85 50.47 98.66
13:10:36 -4.14 50.47 98.66
13:10:37 -4.04 50.47 98.66
13:10:38 -4.06 50.47 98.66
13:10:39 -4.66 50.47 98.66
13:10:40 -4.78 50.47 98.67
13:10:41 -4.37 50.47 98.66
13:10:42 -4.20 50.47 98.66
13:10:43 -4.17 50.47 98.66
13:10:44 -4.35 50.47 98.66
13:10:45 -4.42 50.47 98.66
13:10:46 -4.74 50.47 98.66
13:10:47 -4.18 50.47 98.66
13:10:48 -4.58 50.47 98.66
13:10:49 -4.14 50.47 98.66
13:10:50 -1.66 50.47 98.66
13:10:51 6.06 50.47 98.66
13:10:52 23.81 50.47 98.66
13:10:53 53.01 50.47 98.66
13:10:54 88.13 50.47 98.66
13:10:55 117.65 50.47 98.66
13:10:56 132.04 50.47 98.66
13:10:57 128.95 50.47 98.66
13:10:58 113.21 50.47 98.66
13:10:59 90.72 50.47 98.66
13:11:00 65.38 50.47 98.66
13:11:01 42.51 50.47 98.66
13:11:02 26.39 50.47 98.66
13:11:03 15.51 50.47 98.66
13:11:04 8.56 50.47 98.66
13:11:05 3.98 50.47 98.66
13:11:06 1.30 50.47 98.66
13:11:07 0.47 50.47 98.66
13:11:08 -0.86 50.47 98.66
13:11:09 -2.07 50.47 98.66
13:11:10 -2.68 50.47 98.66
13:11:11 -3.34 50.47 98.66
13:11:12 -3.64 50.47 98.66
13:11:13 -3.82 50.47 98.66
13:11:14 -3.92 50.47 98.66
13:11:15 -4.35 50.47 98.66
13:11:16 -4.05 50.47 98.66
13:11:17 -4.21 50.47 98.66
13:11:18 -4.35 50.47 98.66
13:11:19 -4.45 50.47 98.66
13:11:20 -4.07 50.47 98.66
13:11:21 -4.18 50.47 98.66
13:11:22 -4.32 50.47 98.66
13:11:23 -3.81 50.47 98.66
13:11:24 -0.76 50.47 98.66
13:11:25 7.80 50.47 98.66
13:11:26 22.69 50.47 98.66
13:11:27 43.20 50.47 98.66
13:11:28 61.90 50.47 98.66
13:11:29 68.94 50.47 98.66
13:11:30 75.46 50.47 98.66
13:11:31 72.26 50.47 98.66
13:11:32 60.70 50.47 98.66
13:11:33 47.94 50.47 98.66
13:11:34 33.77 50.47 98.66
13:11:35 21.41 50.47 98.66
13:11:36 13.18 50.47 98.66
13:11:37 7.23 50.47 98.66
13:11:38 3.94 50.47 98.66
13:11:39 1.30 50.47 98.66
13:11:40 0.12 50.47 98.66
13:11:41 -0.84 50.47 98.66
13:11:42 -1.83 50.47 98.66
13:11:43 -2.00 50.47 98.66
13:11:44 -2.80 50.47 98.66
13:11:45 -3.79 50.47 98.66
13:11:46 -3.47 50.47 98.66
13:11:47 -3.66 50.47 98.66
13:11:48 -3.94 50.47 98.66
13:11:49 -3.77 50.47 98.66
13:11:50 -4.37 50.47 98.66
13:11:51 -4.01 50.47 98.66
13:11:52 -4.24 50.47 98.66
13:11:53 -4.18 50.47 98.66
13:11:54 -3.92 50.47 98.66
13:11:55 -1.27 50.47 98.66
13:11:56 9.63 50.47 98.66
13:11:57 33.46 50.47 98.66
13:11:58 71.60 50.47 98.66
13:11:59 117.11 50.47 98.66
13:12:00 153.33 50.47 98.66
13:12:01 168.91 50.47 98.66
13:12:02 162.33 50.47 98.66
13:12:03 140.74 50.47 98.66
13:12:04 111.01 50.47 98.66
13:12:05 82.17 50.47 98.66
13:12:06 54.05 50.47 98.66
13:12:07 34.32 50.47 98.66
13:12:08 20.83 50.47 98.66
13:12:09 12.27 50.47 98.66
13:12:10 7.35 50.47 98.66
13:12:11 4.33 50.47 98.66
13:12:12 1.49 50.47 98.66
13:12:13 0.52 50.47 98.66
13:12:14 -0.09 50.47 98.66
13:12:15 -1.40 50.47 98.66
13:12:16 -2.58 50.47 98.66
13:12:17 -2.82 50.47 98.66
13:12:18 -3.33 50.47 98.66
13:12:19 -3.43 50.47 98.66
13:12:20 -3.42 50.47 98.66
13:12:21 -4.10 50.47 98.66
13:12:22 -3.94 50.47 98.66
13:12:23 -4.13 50.47 98.66
13:12:24 -4.05 50.47 98.66
13:12:25 -3.97 50.47 98.66
13:12:26 -4.30 50.47 98.66
13:12:27 -3.93 50.47 98.66
13:12:28 -3.09 50.47 98.66
13:12:29 -0.60 50.47 98.66
13:12:30 6.35 50.47 98.66
13:12:31 18.08 50.47 98.66
13:12:32 32.17 50.47 98.66
13:12:33 44.10 50.47 98.66
13:12:34 48.16 50.47 98.66
13:12:35 50.16 50.47 98.66
13:12:36 45.93 50.47 98.66
13:12:37 37.49 50.47 98.66
13:12:38 28.36 50.47 98.66
13:12:39 18.73 50.47 98.66
13:12:40 10.96 50.47 98.66
13:12:41 6.14 50.47 98.66
13:12:42 2.68 50.47 98.66
13:12:43 0.48 50.47 98.66
13:12:44 -0.84 50.47 98.66
13:12:45 -1.85 50.47 98.67
13:12:46 -2.50 50.47 98.66
13:12:47 -2.81 50.47 98.66
13:12:48 -3.30 50.47 98.66
13:12:49 -3.26 50.47 98.67
13:12:50 -3.90 50.47 98.67
13:12:51 -3.84 50.47 98.67
13:12:52 -3.93 50.47 98.66
13:12:53 -3.96 50.47 98.66
13:12:54 -4.20 50.47 98.66
13:12:55 -4.05 50.47 98.66
13:12:56 -4.12 50.47 98.66
13:12:57 -4.09 50.47 98.66
13:12:58 -4.64 50.47 98.66
13:12:59 -4.25 50.47 98.66
13:13:00 -3.31 50.47 98.66
13:13:01 2.14 50.47 98.66
13:13:02 17.34 50.47 98.66
13:13:03 46.82 50.47 98.66
13:13:04 86.11 50.47 98.66
13:13:05 126.01 50.47 98.66
13:13:06 150.80 50.47 98.66
13:13:07 155.53 50.47 98.66
13:13:08 141.17 50.47 98.66
13:13:09 116.52 50.47 98.66
13:13:10 89.75 50.47 98.66
13:13:11 62.35 50.47 98.66
13:13:12 39.43 50.47 98.66
13:13:13 24.01 50.47 98.67
13:13:14 13.23 50.47 98.67
13:13:15 7.30 50.47 98.67
13:13:16 3.64 50.47 98.67
13:13:17 0.84 50.47 98.66
13:13:18 0.16 50.47 98.66
13:13:19 -1.23 50.47 98.67
13:13:20 -2.17 50.47 98.67
13:13:21 -2.31 50.47 98.67
13:13:22 -3.37 50.47 98.67
13:13:23 -3.74 50.47 98.66
13:13:24 -3.81 50.47 98.66
13:13:25 -3.71 50.47 98.67
