"2016-05-17 at 12:23"
Time(H:M:S) CO2(ppm) CellTemp(c) CellPres(kPa)
12:23:11 -4.36 50.47 98.71
12:23:12 -4.21 50.47 98.70
12:23:13 -4.44 50.47 98.70
12:23:14 -4.13 50.47 98.71
12:23:15 -4.39 50.47 98.71
12:23:16 -3.87 50.47 98.71
12:23:17 -3.81 50.47 98.71
12:23:18 -4.25 50.47 98.71
12:23:19 -4.09 50.47 98.70
12:23:20 -4.41 50.47 98.70
12:23:21 -4.08 50.47 98.70
12:23:22 -4.33 50.47 98.70
12:23:23 -4.26 50.47 98.70
12:23:24 -4.07 50.47 98.70
12:23:25 -4.28 50.47 98.70
12:23:26 -4.05 50.47 98.70
12:23:27 -4.07 50.47 98.70
12:23:28 -4.40 50.47 98.70
12:23:29 -4.16 50.47 98.70
12:23:30 -4.01 50.47 98.71
12:23:31 -4.22 50.47 98.71
12:23:32 -4.08 50.47 98.71
12:23:33 -4.27 50.47 98.71
12:23:34 -3.72 50.47 98.71
12:23:35 -4.40 50.47 98.71
12:23:36 -4.21 50.47 98.71
12:23:37 -3.71 50.47 98.71
12:23:38 -4.46 50.47 98.71
12:23:39 -4.52 50.47 98.71
12:23:40 -3.97 50.47 98.71
12:23:41 -4.17 50.47 98.71
12:23:42 -3.79 50.47 98.70
12:23:43 -4.39 50.47 98.70
12:23:44 -4.17 50.47 98.70
12:23:45 -4.26 50.47 98.70
12:23:46 -4.16 50.47 98.70
12:23:47 -3.92 50.47 98.70
12:23:48 -1.24 50.47 98.70
12:23:49 7.83 50.47 98.70
12:23:50 34.09 50.47 98.70
12:23:51 80.47 50.47 98.70
12:23:52 138.90 50.47 98.70
12:23:53 190.43 50.47 98.70
12:23:54 215.48 50.47 98.70
12:23:55 209.71 50.47 98.70
12:23:56 181.00 50.47 98.70
12:23:57 142.76 50.47 98.71
12:23:58 103.08 50.47 98.70
12:23:59 66.47 50.47 98.70
12:24:00 41.29 50.47 98.70
12:24:01 32.20 50.47 98.70
12:24:02 19.81 50.47 98.70
12:24:03 11.14 50.47 98.70
12:24:04 6.42 50.47 98.70
12:24:05 3.41 50.47 98.70
12:24:06 1.26 50.47 98.70
12:24:07 -0.34 50.47 98.71
12:24:08 -1.29 50.47 98.71
12:24:09 -1.80 50.47 98.70
12:24:10 -2.85 50.47 98.70
12:24:11 -3.08 50.47 98.71
12:24:12 -3.43 50.47 98.71
12:24:13 -3.92 50.47 98.71
12:24:14 -3.67 50.47 98.71
12:24:15 -3.55 50.47 98.71
12:24:16 -3.89 50.47 98.71
12:24:17 -3.94 50.47 98.70
12:24:18 -3.81 50.47 98.70
12:24:19 -3.92 50.47 98.70
12:24:20 -4.08 50.47 98.70
12:24:21 -3.51 50.47 98.70
12:24:22 -3.01 50.47 98.70
12:24:23 1.44 50.47 98.70
12:24:24 14.10 50.47 98.70
12:24:25 40.47 50.47 98.70
12:24:26 77.37 50.47 98.70
12:24:27 113.55 50.47 98.70
12:24:28 135.15 50.47 98.70
12:24:29 136.32 50.47 98.70
12:24:30 121.44 50.47 98.70
12:24:31 97.52 50.47 98.70
12:24:32 72.03 50.47 98.70
12:24:33 47.12 50.47 98.70
12:24:34 29.81 50.47 98.71
12:24:35 17.71 50.47 98.70
12:24:36 10.64 50.47 98.70
12:24:37 6.27 50.47 98.71
12:24:38 3.45 50.47 98.71
12:24:39 1.72 50.47 98.70
12:24:40 0.23 50.47 98.70
12:24:41 -1.04 50.47 98.70
12:24:42 -1.25 50.47 98.70
12:24:43 -2.15 50.47 98.70
12:24:44 -2.35 50.47 98.71
12:24:45 -2.59 50.47 98.70
12:24:46 -2.75 50.47 98.70
12:24:47 -3.20 50.47 98.71
12:24:48 -3.64 50.47 98.71
12:24:49 -3.37 50.47 98.70
12:24:50 -3.30 50.47 98.70
12:24:51 -3.72 50.47 98.70
12:24:52 -3.51 50.47 98.70
12:24:53 -3.78 50.47 98.70
12:24:54 -3.72 50.47 98.70
12:24:55 -3.61 50.47 98.70
12:24:56 -3.74 50.47 98.70
12:24:57 -2.58 50.47 98.70
12:24:58 3.08 50.47 98.70
12:24:59 15.88 50.47 98.70
12:25:00 37.40 50.47 98.70
12:25:01 62.87 50.47 98.70
12:25:02 83.74 50.47 98.70
12:25:03 92.53 50.47 98.70
12:25:04 87.75 50.47 98.70
12:25:05 73.15 50.47 98.70
12:25:06 64.73 50.47 98.70
12:25:07 47.62 50.47 98.70
12:25:08 32.97 50.47 98.70
12:25:09 20.31 50.47 98.70
12:25:10 11.21 50.47 98.70
12:25:11 5.32 50.47 98.70
12:25:12 2.69 50.47 98.70
12:25:13 0.60 50.47 98.70
12:25:14 -0.82 50.47 98.70
12:25:15 -1.65 50.47 98.70
12:25:16 -2.10 50.47 98.70
12:25:17 -3.01 50.47 98.70
12:25:18 -2.96 50.47 98.70
12:25:19 -3.24 50.47 98.70
12:25:20 -3.61 50.47 98.70
12:25:21 -3.11 50.47 98.70
12:25:22 -3.95 50.47 98.71
12:25:23 -3.71 50.47 98.71
12:25:24 -3.53 50.47 98.71
12:25:25 -3.71 50.47 98.71
12:25:26 -4.23 50.47 98.70
12:25:27 -3.93 50.47 98.70
12:25:28 -3.75 50.47 98.70
12:25:29 -3.98 50.47 98.70
12:25:30 -3.77 50.47 98.70
12:25:31 -4.20 50.47 98.70
12:25:32 -3.92 50.47 98.70
12:25:33 -3.68 50.47 98.70
12:25:34 -0.34 50.47 98.70
12:25:35 5.95 50.47 98.70
12:25:36 17.49 50.47 98.70
12:25:37 30.00 50.47 98.70
12:25:38 40.16 50.47 98.70
12:25:39 43.65 50.47 98.70
12:25:40 41.69 50.47 98.70
12:25:41 33.74 50.47 98.70
12:25:42 23.91 50.47 98.70
12:25:43 15.70 50.47 98.70
12:25:44 9.23 50.47 98.70
12:25:45 4.65 50.47 98.70
12:25:46 2.22 50.47 98.70
12:25:47 0.40 50.47 98.70
12:25:48 -1.28 50.47 98.70
12:25:49 -1.41 50.47 98.70
12:25:50 -1.71 50.47 98.70
12:25:51 -2.19 50.47 98.70
12:25:52 -2.75 50.47 98.70
12:25:53 -2.97 50.47 98.70
12:25:54 -3.05 50.47 98.70
12:25:55 -3.27 50.47 98.70
12:25:56 -3.25 50.47 98.70
12:25:57 -3.96 50.47 98.70
12:25:58 -3.65 50.47 98.70
12:25:59 -3.60 50.47 98.70
12:26:00 -3.48 50.47 98.70
12:26:01 -3.61 50.47 98.70
12:26:02 -3.63 50.47 98.70
12:26:03 -4.00 50.47 98.70
12:26:04 -4.05 50.47 98.70
12:26:05 -4.09 50.47 98.70
12:26:06 -3.82 50.47 98.70
12:26:07 -3.37 50.47 98.70
12:26:08 -0.89 50.47 98.70
12:26:09 3.98 50.47 98.70
12:26:10 10.93 50.47 98.70
12:26:11 14.63 50.47 98.70
12:26:12 19.19 50.47 98.70
12:26:13 20.16 50.47 98.70
12:26:14 17.66 50.47 98.70
12:26:15 12.72 50.47 98.70
12:26:16 8.60 50.47 98.70
12:26:17 4.64 50.47 98.70
12:26:18 2.08 50.47 98.70
12:26:19 0.07 50.47 98.70
12:26:20 -1.64 50.47 98.70
12:26:21 -1.98 50.47 98.70
12:26:22 -2.56 50.47 98.70
12:26:23 -3.36 50.47 98.70
12:26:24 -3.44 50.47 98.70
12:26:25 -3.46 50.47 98.70
12:26:26 -3.70 50.47 98.70
12:26:27 -3.92 50.47 98.70
12:26:28 -3.78 50.47 98.70
12:26:29 -3.64 50.47 98.70
12:26:30 -3.90 50.47 98.70
12:26:31 -3.96 50.47 98.70
12:26:32 -4.01 50.47 98.70
12:26:33 -4.14 50.47 98.70
12:26:34 -4.28 50.47 98.70
12:26:35 -4.02 50.47 98.70
12:26:36 -4.33 50.47 98.71
12:26:37 -4.35 50.47 98.70
12:26:38 -3.91 50.47 98.70
12:26:39 -3.84 50.47 98.71
12:26:40 -4.39 50.47 98.71
12:26:41 -3.78 50.47 98.70
12:26:42 -4.32 50.47 98.70
12:26:43 -4.58 50.47 98.70
12:26:44 -4.04 50.47 98.70
12:26:45 -3.86 50.47 98.70
12:26:46 -3.59 50.47 98.70
12:26:47 -2.32 50.47 98.70
12:26:48 0.82 50.47 98.70
12:26:49 4.35 50.47 98.70
12:26:50 7.38 50.47 98.70
12:26:51 9.52 50.47 98.70
12:26:52 9.31 50.47 98.70
12:26:53 7.46 50.47 98.70
12:26:54 6.66 50.47 98.70
12:26:55 3.65 50.47 98.70
12:26:56 1.25 50.47 98.70
12:26:57 -0.02 50.47 98.70
12:26:58 -1.57 50.47 98.70
12:26:59 -2.68 50.47 98.70
12:27:00 -2.86 50.47 98.70
12:27:01 -3.77 50.47 98.70
12:27:02 -3.94 50.47 98.70
12:27:03 -3.70 50.47 98.70
12:27:04 -3.76 50.47 98.70
12:27:05 -4.04 50.47 98.70
12:27:06 -3.95 50.47 98.70
12:27:07 -4.07 50.47 98.70
12:27:08 -4.17 50.47 98.70
12:27:09 -4.00 50.47 98.70
12:27:10 -3.97 50.47 98.70
12:27:11 -4.10 50.47 98.70
12:27:12 -4.27 50.47 98.70
12:27:13 -4.27 50.47 98.70
12:27:14 -3.76 50.47 98.70
12:27:15 -4.25 50.47 98.70
12:27:16 -4.43 50.47 98.70
12:27:17 -4.31 50.47 98.70
12:27:18 -4.16 50.47 98.70
12:27:19 -4.35 50.47 98.70
12:27:20 -4.25 50.47 98.70
12:27:21 -4.11 50.47 98.70
12:27:22 -4.12 50.47 98.70
12:27:23 -3.78 50.47 98.70
12:27:24 -4.51 50.47 98.71
12:27:25 -4.16 50.47 98.70
12:27:26 -4.26 50.47 98.70
12:27:27 -4.10 50.47 98.70
12:27:28 -3.94 50.47 98.70
12:27:29 -4.56 50.47 98.70
12:27:30 -4.15 50.47 98.70
12:27:31 -4.30 50.47 98.70
12:27:32 -4.28 50.47 98.70
12:27:33 -4.18 50.47 98.70
12:27:34 -4.18 50.47 98.70
12:27:35 -3.82 50.47 98.70
12:27:36 -4.11 50.47 98.70
12:27:37 -4.16 50.47 98.70
12:27:38 -4.23 50.47 98.70
12:27:39 -2.13 50.47 98.70
12:27:40 5.53 50.47 98.70
12:27:41 31.07 50.47 98.70
12:27:42 83.64 50.47 98.70
12:27:43 157.97 50.47 98.70
12:27:44 231.53 50.47 98.70
12:27:45 277.09 50.47 98.70
12:27:46 281.19 50.47 98.70
12:27:47 251.46 50.47 98.70
12:27:48 203.66 50.47 98.70
12:27:49 153.75 50.47 98.70
12:27:50 104.57 50.47 98.70
12:27:51 67.58 50.47 98.70
12:27:52 43.16 50.47 98.70
12:27:53 27.70 50.47 98.70
12:27:54 18.05 50.47 98.71
12:27:55 12.06 50.47 98.71
12:27:56 8.34 50.47 98.71
12:27:57 5.18 50.47 98.70
12:27:58 3.49 50.47 98.70
12:27:59 1.77 50.47 98.70
12:28:00 1.30 50.47 98.70
12:28:01 0.27 50.47 98.70
12:28:02 -0.12 50.47 98.70
12:28:03 -1.14 50.47 98.70
12:28:04 -1.48 50.47 98.70
12:28:05 -1.97 50.47 98.70
12:28:06 -2.59 50.47 98.70
12:28:07 -2.32 50.47 98.70
12:28:08 -2.72 50.47 98.70
12:28:09 -3.00 50.47 98.70
12:28:10 -3.16 50.47 98.70
12:28:11 -3.25 50.47 98.70
12:28:12 -3.49 50.47 98.70
12:28:13 -3.45 50.47 98.70
12:28:14 -3.48 50.47 98.70
12:28:15 -3.43 50.47 98.70
12:28:16 -3.78 50.47 98.70
12:28:17 -3.12 50.47 98.70
12:28:18 -0.17 50.47 98.70
12:28:19 17.60 50.47 98.70
12:28:20 62.68 50.47 98.70
12:28:21 97.18 50.47 98.70
12:28:22 188.38 50.47 98.70
12:28:23 283.37 50.47 98.70
12:28:24 346.78 50.47 98.70
12:28:25 359.56 50.47 98.70
12:28:26 326.86 50.47 98.70
12:28:27 269.64 50.47 98.70
12:28:28 206.99 50.47 98.70
12:28:29 151.87 50.47 98.70
12:28:30 105.61 50.47 98.70
12:28:31 69.73 50.47 98.70
12:28:32 47.18 50.47 98.70
12:28:33 33.39 50.47 98.70
12:28:34 23.84 50.47 98.70
12:28:35 17.68 50.47 98.71
12:28:36 13.69 50.47 98.70
12:28:37 10.24 50.47 98.70
12:28:38 7.91 50.47 98.70
12:28:39 6.08 50.47 98.70
12:28:40 4.27 50.47 98.70
12:28:41 3.47 50.47 98.70
12:28:42 1.90 50.47 98.70
12:28:43 1.67 50.47 98.70
12:28:44 0.81 50.47 98.70
12:28:45 0.05 50.47 98.70
12:28:46 -0.40 50.47 98.70
12:28:47 -0.99 50.47 98.70
12:28:48 -1.48 50.47 98.70
12:28:49 -1.56 50.47 98.70
12:28:50 -2.24 50.47 98.70
12:28:51 -2.25 50.47 98.70
12:28:52 -2.53 50.47 98.70
12:28:53 -2.76 50.47 98.70
12:28:54 -3.25 50.47 98.70
12:28:55 -3.02 50.47 98.70
12:28:56 -3.21 50.47 98.70
12:28:57 -3.17 50.47 98.70
12:28:58 -3.25 50.47 98.70
12:28:59 -3.43 50.47 98.70
12:29:00 -3.22 50.47 98.70
12:29:01 1.00 50.47 98.70
12:29:02 15.86 50.47 98.70
12:29:03 54.93 50.47 98.70
12:29:04 116.86 50.47 98.70
12:29:05 145.17 50.47 98.70
12:29:06 191.30 50.47 98.70
12:29:07 212.53 50.47 98.70
12:29:08 203.74 50.47 98.70
12:29:09 174.10 50.47 98.70
12:29:10 135.96 50.47 98.70
12:29:11 99.98 50.47 98.70
12:29:12 67.54 50.47 98.70
12:29:13 42.71 50.47 98.70
12:29:14 27.60 50.47 98.70
12:29:15 18.29 50.47 98.70
12:29:16 11.89 50.47 98.70
12:29:17 8.30 50.47 98.70
12:29:18 5.29 50.47 98.70
12:29:19 2.98 50.47 98.70
12:29:20 1.82 50.47 98.70
12:29:21 1.14 50.47 98.70
12:29:22 -0.13 50.47 98.70
12:29:23 -0.55 50.47 98.70
12:29:24 -1.01 50.47 98.70
12:29:25 -1.84 50.47 98.70
12:29:26 -2.09 50.47 98.70
12:29:27 -2.10 50.47 98.70
12:29:28 -2.35 50.47 98.70
12:29:29 -2.83 50.47 98.70
12:29:30 -2.95 50.47 98.70
12:29:31 -3.14 50.47 98.70
12:29:32 -3.09 50.47 98.70
12:29:33 -3.14 50.47 98.70
12:29:34 -3.50 50.47 98.70
12:29:35 -3.25 50.47 98.70
12:29:36 -3.69 50.47 98.70
12:29:37 -3.78 50.47 98.70
12:29:38 -3.61 50.47 98.70
12:29:39 -3.48 50.47 98.70
12:29:40 -2.29 50.47 98.70
12:29:41 4.63 50.47 98.70
12:29:42 28.07 50.47 98.70
12:29:43 81.28 50.47 98.70
12:29:44 161.66 50.47 98.70
12:29:45 249.44 50.47 98.70
12:29:46 310.19 50.47 98.70
12:29:47 326.56 50.47 98.70
12:29:48 318.04 50.47 98.70
12:29:49 277.13 50.47 98.70
12:29:50 220.75 50.47 98.70
12:29:51 163.86 50.47 98.70
12:29:52 116.59 50.47 98.70
12:29:53 75.24 50.47 98.70
12:29:54 47.00 50.47 98.70
12:29:55 29.79 50.47 98.70
12:29:56 18.94 50.47 98.70
12:29:57 12.20 50.47 98.70
12:29:58 7.81 50.47 98.70
12:29:59 4.84 50.47 98.70
12:30:00 2.88 50.47 98.70
12:30:01 1.06 50.47 98.70
12:30:02 0.22 50.47 98.70
12:30:03 -0.90 50.47 98.70
12:30:04 -1.37 50.47 98.70
12:30:05 -1.88 50.47 98.70
12:30:06 -2.73 50.47 98.70
12:30:07 -2.44 50.47 98.70
12:30:08 -2.98 50.47 98.70
12:30:09 -3.11 50.47 98.70
12:30:10 -3.01 50.47 98.70
12:30:11 -3.51 50.47 98.70
12:30:12 -3.32 50.47 98.70
12:30:13 -3.66 50.47 98.70
12:30:14 -3.71 50.47 98.70
12:30:15 -3.69 50.47 98.70
12:30:16 -4.00 50.47 98.70
12:30:17 -3.92 50.47 98.70
12:30:18 -3.84 50.47 98.70
12:30:19 -3.85 50.47 98.70
12:30:20 -3.75 50.47 98.71
12:30:21 -3.76 50.47 98.70
12:30:22 -3.79 50.47 98.70
12:30:23 -3.76 50.47 98.70
12:30:24 -3.79 50.47 98.70
12:30:25 -4.20 50.47 98.70
12:30:26 -3.71 50.47 98.70
12:30:27 -4.10 50.47 98.70
12:30:28 -4.22 50.47 98.70
12:30:29 -4.08 50.47 98.70
12:30:30 -3.97 50.47 98.70
12:30:31 -4.12 50.47 98.70
12:30:32 -3.66 50.47 98.70
12:30:33 -3.97 50.47 98.70
12:30:34 -4.04 50.47 98.70
12:30:35 -4.12 50.47 98.70
12:30:36 -3.76 50.47 98.70
12:30:37 -4.28 50.47 98.70
12:30:38 -3.69 50.47 98.70
12:30:39 -4.05 50.47 98.70
12:30:40 -4.17 50.47 98.70
12:30:41 -4.27 50.47 98.70
12:30:42 -3.91 50.47 98.70
12:30:43 -4.03 50.47 98.70
12:30:44 -4.11 50.47 98.70
12:30:45 -4.02 50.47 98.70
12:30:46 -3.96 50.47 98.70
12:30:47 -4.07 50.47 98.70
12:30:48 -2.01 50.47 98.70
12:30:49 7.28 50.47 98.70
12:30:50 34.67 50.47 98.70
12:30:51 91.49 50.47 98.70
12:30:52 170.55 50.47 98.70
12:30:53 210.89 50.47 98.70
12:30:54 276.51 50.47 98.70
12:30:55 302.59 50.47 98.70
12:30:56 287.09 50.47 98.70
12:30:57 244.88 50.47 98.70
12:30:58 192.00 50.47 98.70
12:30:59 141.94 50.47 98.70
12:31:00 99.64 50.47 98.70
12:31:01 64.22 50.47 98.70
12:31:02 42.74 50.47 98.70
12:31:03 28.96 50.47 98.70
12:31:04 19.89 50.47 98.70
12:31:05 14.64 50.47 98.70
12:31:06 10.47 50.47 98.70
12:31:07 7.10 50.47 98.70
12:31:08 5.38 50.47 98.70
12:31:09 3.76 50.47 98.70
12:31:10 2.45 50.47 98.70
12:31:11 1.63 50.47 98.70
12:31:12 0.79 50.47 98.70
12:31:13 -0.15 50.47 98.70
12:31:14 -0.22 50.47 98.70
12:31:15 -0.66 50.47 98.70
12:31:16 -1.42 50.47 98.70
12:31:17 -1.73 50.47 98.70
12:31:18 -2.32 50.47 98.70
12:31:19 -2.45 50.47 98.70
12:31:20 -2.51 50.47 98.70
12:31:21 -2.70 50.47 98.70
12:31:22 -2.74 50.47 98.70
12:31:23 -3.10 50.47 98.70
12:31:24 -2.77 50.47 98.70
12:31:25 -3.39 50.47 98.70
12:31:26 -3.30 50.47 98.70
12:31:27 -3.05 50.47 98.70
12:31:28 0.64 50.47 98.70
12:31:29 11.46 50.47 98.70
12:31:30 37.09 50.47 98.70
12:31:31 78.32 50.47 98.70
12:31:32 122.98 50.47 98.70
12:31:33 156.76 50.47 98.70
12:31:34 166.80 50.47 98.70
12:31:35 154.99 50.47 98.70
12:31:36 143.52 50.47 98.70
12:31:37 114.26 50.47 98.70
12:31:38 84.67 50.47 98.70
12:31:39 57.28 50.47 98.70
12:31:40 36.18 50.47 98.70
12:31:41 23.27 50.47 98.70
12:31:42 14.63 50.47 98.70
12:31:43 9.03 50.47 98.70
12:31:44 5.57 50.47 98.70
12:31:45 3.70 50.47 98.70
12:31:46 1.88 50.47 98.70
12:31:47 0.86 50.47 98.70
12:31:48 -0.35 50.47 98.70
12:31:49 -1.09 50.47 98.70
12:31:50 -1.39 50.47 98.70
12:31:51 -1.95 50.47 98.70
12:31:52 -2.14 50.47 98.70
12:31:53 -2.58 50.47 98.70
12:31:54 -2.78 50.47 98.70
12:31:55 -3.17 50.47 98.70
12:31:56 -3.08 50.47 98.70
12:31:57 -2.90 50.47 98.70
12:31:58 -3.00 50.47 98.70
12:31:59 -3.79 50.47 98.70
12:32:00 -3.36 50.47 98.70
12:32:01 -3.69 50.47 98.70
12:32:02 -3.57 50.47 98.70
12:32:03 -3.88 50.47 98.70
12:32:04 -3.72 50.47 98.70
12:32:05 -3.98 50.47 98.70
12:32:06 -3.84 50.47 98.70
12:32:07 -4.09 50.47 98.70
12:32:08 -3.82 50.47 98.70
12:32:09 -4.04 50.47 98.70
12:32:10 -3.86 50.47 98.70
12:32:11 -3.96 50.47 98.70
12:32:12 -2.49 50.47 98.70
12:32:13 6.32 50.47 98.70
12:32:14 35.72 50.47 98.70
12:32:15 103.47 50.47 98.70
12:32:16 209.00 50.47 98.70
12:32:17 326.02 50.47 98.70
12:32:18 410.30 50.47 98.70
12:32:19 435.71 50.47 98.70
12:32:20 426.47 50.47 98.70
12:32:21 373.64 50.47 98.68
12:32:22 300.29 50.47 98.68
12:32:23 226.33 50.47 98.70
12:32:24 153.56 50.47 98.70
12:32:25 101.76 50.47 98.70
12:32:26 67.54 50.47 98.70
12:32:27 46.05 50.47 98.70
12:32:28 31.45 50.47 98.70
12:32:29 22.86 50.47 98.70
12:32:30 16.89 50.47 98.70
12:32:31 12.24 50.47 98.70
12:32:32 8.98 50.47 98.70
12:32:33 7.28 50.47 98.70
12:32:34 5.12 50.47 98.70
12:32:35 3.53 50.47 98.70
12:32:36 2.57 50.47 98.70
12:32:37 1.54 50.47 98.68
12:32:38 0.05 50.47 98.68
12:32:39 -0.22 50.47 98.70
12:32:40 -0.67 50.47 98.70
12:32:41 -0.86 50.47 98.70
12:32:42 -1.20 50.47 98.68
12:32:43 -1.70 50.47 98.68
12:32:44 -2.05 50.47 98.70
12:32:45 -1.92 50.47 98.68
12:32:46 -2.66 50.47 98.68
12:32:47 -2.56 50.47 98.70
12:32:48 -2.38 50.47 98.68
12:32:49 -2.89 50.47 98.68
12:32:50 -3.11 50.47 98.70
12:32:51 -3.04 50.47 98.68
12:32:52 -2.91 50.47 98.68
12:32:53 -3.42 50.47 98.68
12:32:54 -3.23 50.47 98.68
12:32:55 -3.54 50.47 98.68
12:32:56 -3.74 50.47 98.68
12:32:57 -3.59 50.47 98.68
12:32:58 -2.91 50.47 98.68
12:32:59 1.17 50.47 98.68
12:33:00 16.84 50.47 98.68
12:33:01 52.13 50.47 98.68
12:33:02 101.36 50.47 98.68
12:33:03 125.73 50.47 98.68
12:33:04 159.57 50.47 98.68
12:33:05 162.27 50.47 98.68
12:33:06 141.17 50.47 98.68
12:33:07 107.08 50.47 98.68
12:33:08 74.81 50.47 98.68
12:33:09 48.86 50.47 98.68
12:33:10 31.22 50.47 98.68
12:33:11 21.44 50.47 98.68
12:33:12 13.93 50.47 98.68
12:33:13 9.51 50.47 98.68
12:33:14 6.26 50.47 98.68
12:33:15 3.57 50.47 98.68
12:33:16 2.14 50.47 98.68
12:33:17 1.18 50.47 98.68
12:33:18 -0.13 50.47 98.68
12:33:19 -0.85 50.47 98.68
12:33:20 -1.01 50.47 98.68
12:33:21 -1.83 50.47 98.68
12:33:22 -2.16 50.47 98.68
12:33:23 -2.52 50.47 98.68
12:33:24 -2.62 50.47 98.68
12:33:25 -2.66 50.47 98.68
12:33:26 -2.95 50.47 98.68
12:33:27 -2.89 50.47 98.68
12:33:28 -3.25 50.47 98.68
12:33:29 -2.99 50.47 98.68
12:33:30 -3.24 50.47 98.68
12:33:31 -3.42 50.47 98.68
12:33:32 -3.57 50.47 98.68
12:33:33 -3.71 50.47 98.68
12:33:34 -3.56 50.47 98.68
12:33:35 -3.85 50.47 98.68
12:33:36 -3.74 50.47 98.68
12:33:37 -3.97 50.47 98.68
12:33:38 -3.97 50.47 98.68
12:33:39 -3.87 50.47 98.68
12:33:40 -3.91 50.47 98.68
12:33:41 -3.85 50.47 98.68
12:33:42 -3.87 50.47 98.68
12:33:43 -3.77 50.47 98.68
12:33:44 -4.03 50.47 98.68
12:33:45 -3.91 50.47 98.68
12:33:46 -4.61 50.47 98.68
12:33:47 -4.31 50.47 98.68
12:33:48 -4.21 50.47 98.68
12:33:49 -3.76 50.47 98.68
12:33:50 -4.34 50.47 98.68
12:33:51 -3.82 50.47 98.68
12:33:52 -4.01 50.47 98.68
12:33:53 -3.83 50.47 98.68
12:33:54 -4.33 50.47 98.67
12:33:55 -4.32 50.47 98.67
12:33:56 -4.20 50.47 98.68
12:33:57 -4.21 50.47 98.68
12:33:58 -4.30 50.47 98.68
12:33:59 -3.94 50.47 98.68
12:34:00 -3.97 50.47 98.68
12:34:01 -4.12 50.47 98.68
12:34:02 -4.22 50.47 98.68
12:34:03 -4.14 50.47 98.68
12:34:04 -4.13 50.47 98.68
12:34:05 -3.98 50.47 98.68
12:34:06 -4.26 50.47 98.68
12:34:07 -4.20 50.47 98.68
12:34:08 -3.99 50.47 98.67
12:34:09 -4.10 50.47 98.67
12:34:10 -4.07 50.47 98.67
12:34:11 -4.29 50.47 98.67
12:34:12 -4.39 50.47 98.67
12:34:13 -4.16 50.47 98.67
12:34:14 -4.33 50.47 98.68
12:34:15 -4.19 50.47 98.67
12:34:16 -4.07 50.47 98.67
12:34:17 -4.12 50.47 98.68
12:34:18 -4.10 50.47 98.68
12:34:19 -4.29 50.47 98.68
12:34:20 -4.05 50.47 98.68
12:34:21 -4.28 50.47 98.68
12:34:22 -4.39 50.47 98.67
12:34:23 -4.24 50.47 98.67
12:34:24 -4.23 50.47 98.67
12:34:25 -4.26 50.47 98.67
12:34:26 -3.98 50.47 98.67
12:34:27 -3.75 50.47 98.67
12:34:28 -3.03 50.47 98.67
12:34:29 3.10 50.47 98.67
12:34:30 10.99 50.47 98.67
12:34:31 44.48 50.47 98.67
12:34:32 104.54 50.47 98.67
12:34:33 181.80 50.47 98.67
12:34:34 249.33 50.47 98.67
12:34:35 283.32 50.47 98.67
12:34:36 278.02 50.47 98.67
12:34:37 241.57 50.47 98.67
12:34:38 192.42 50.47 98.67
12:34:39 143.54 50.47 98.67
12:34:40 98.92 50.47 98.67
12:34:41 63.63 50.47 98.67
12:34:42 40.89 50.47 98.67
12:34:43 26.65 50.47 98.67
12:34:44 18.14 50.47 98.67
12:34:45 12.02 50.47 98.67
12:34:46 8.46 50.47 98.67
12:34:47 5.76 50.47 98.67
12:34:48 3.43 50.47 98.67
12:34:49 2.12 50.47 98.67
12:34:50 0.91 50.47 98.67
12:34:51 0.37 50.47 98.67
12:34:52 -0.01 50.47 98.67
12:34:53 -0.92 50.47 98.67
12:34:54 -1.62 50.47 98.67
12:34:55 -1.81 50.47 98.67
12:34:56 -1.82 50.47 98.67
12:34:57 -2.30 50.47 98.67
12:34:58 -2.32 50.47 98.67
12:34:59 -2.93 50.47 98.67
12:35:00 -3.23 50.47 98.67
12:35:01 -3.09 50.47 98.67
12:35:02 -3.47 50.47 98.67
12:35:03 -3.41 50.47 98.67
12:35:04 -3.56 50.47 98.67
12:35:05 -3.44 50.47 98.67
12:35:06 -3.58 50.47 98.67
12:35:07 -3.64 50.47 98.67
12:35:08 -3.79 50.47 98.67
12:35:09 -3.99 50.47 98.67
12:35:10 -3.56 50.47 98.67
12:35:11 -2.72 50.47 98.67
12:35:12 2.93 50.47 98.67
12:35:13 19.96 50.47 98.67
12:35:14 34.90 50.47 98.67
12:35:15 79.29 50.47 98.67
12:35:16 132.67 50.47 98.67
12:35:17 175.81 50.47 98.67
12:35:18 196.00 50.47 98.67
12:35:19 188.23 50.47 98.67
12:35:20 161.98 50.47 98.67
12:35:21 126.48 50.47 98.67
12:35:22 93.87 50.47 98.67
12:35:23 64.70 50.47 98.67
12:35:24 41.02 50.47 98.67
12:35:25 25.99 50.47 98.67
12:35:26 16.88 50.47 98.67
12:35:27 10.70 50.47 98.67
12:35:28 6.86 50.47 98.67
12:35:29 3.87 50.47 98.67
12:35:30 2.71 50.47 98.67
12:35:31 1.26 50.47 98.67
12:35:32 0.13 50.47 98.67
12:35:33 -0.76 50.47 98.67
12:35:34 -1.17 50.47 98.67
12:35:35 -1.42 50.47 98.67
12:35:36 -2.00 50.47 98.67
12:35:37 -2.67 50.47 98.67
12:35:38 -2.61 50.47 98.67
12:35:39 -2.58 50.47 98.67
12:35:40 -2.82 50.47 98.67
12:35:41 -3.31 50.47 98.67
12:35:42 -3.54 50.47 98.67
12:35:43 -3.56 50.47 98.67
12:35:44 -3.89 50.47 98.67
12:35:45 -3.73 50.47 98.67
12:35:46 -3.81 50.47 98.67
12:35:47 -3.75 50.47 98.67
12:35:48 -4.01 50.47 98.67
12:35:49 -3.75 50.47 98.67
12:35:50 -3.55 50.47 98.67
12:35:51 -3.99 50.47 98.66
12:35:52 -3.55 50.47 98.66
12:35:53 -1.50 50.47 98.66
12:35:54 7.30 50.47 98.66
12:35:55 30.31 50.47 98.66
12:35:56 69.86 50.47 98.66
12:35:57 93.78 50.47 98.66
12:35:58 140.73 50.47 98.66
12:35:59 171.80 50.47 98.66
12:36:00 178.38 50.47 98.66
12:36:01 162.19 50.47 98.66
12:36:02 133.90 50.47 98.66
12:36:03 102.71 50.47 98.66
12:36:04 74.19 50.47 98.66
12:36:05 47.75 50.47 98.67
12:36:06 30.97 50.47 98.67
12:36:07 20.85 50.47 98.66
12:36:08 13.04 50.47 98.66
12:36:09 8.17 50.47 98.67
12:36:10 5.87 50.47 98.66
12:36:11 3.62 50.47 98.66
12:36:12 1.97 50.47 98.66
12:36:13 1.26 50.47 98.66
12:36:14 0.02 50.47 98.66
12:36:15 -0.77 50.47 98.67
12:36:16 -1.15 50.47 98.66
12:36:17 -1.47 50.47 98.66
12:36:18 -2.17 50.47 98.66
12:36:19 -2.09 50.47 98.67
12:36:20 -2.92 50.47 98.67
12:36:21 -2.93 50.47 98.67
12:36:22 -3.00 50.47 98.66
12:36:23 -3.37 50.47 98.66
12:36:24 -3.31 50.47 98.66
12:36:25 -3.40 50.47 98.66
12:36:26 -3.49 50.47 98.66
12:36:27 -3.61 50.47 98.66
12:36:28 -3.62 50.47 98.66
12:36:29 -2.21 50.47 98.66
12:36:30 5.54 50.47 98.66
12:36:31 31.57 50.47 98.66
12:36:32 88.84 50.47 98.66
12:36:33 176.69 50.47 98.66
12:36:34 271.51 50.47 98.66
12:36:35 339.76 50.47 98.66
12:36:36 356.63 50.47 98.66
12:36:37 329.36 50.47 98.66
12:36:38 275.08 50.47 98.66
12:36:39 211.47 50.47 98.66
12:36:40 181.98 50.47 98.66
12:36:41 127.06 50.47 98.66
12:36:42 80.84 50.47 98.66
12:36:43 52.03 50.47 98.66
12:36:44 33.36 50.47 98.66
12:36:45 21.24 50.47 98.66
12:36:46 14.36 50.47 98.66
12:36:47 9.34 50.47 98.66
12:36:48 6.10 50.47 98.66
12:36:49 3.89 50.47 98.66
12:36:50 2.31 50.47 98.66
12:36:51 0.51 50.47 98.66
12:36:52 -0.06 50.47 98.66
12:36:53 -0.41 50.47 98.66
12:36:54 -1.95 50.47 98.66
12:36:55 -2.26 50.47 98.66
12:36:56 -2.22 50.47 98.66
12:36:57 -2.68 50.47 98.66
12:36:58 -2.85 50.47 98.66
12:36:59 -3.11 50.47 98.66
12:37:00 -3.07 50.47 98.66
12:37:01 -3.77 50.47 98.66
12:37:02 -3.53 50.47 98.66
12:37:03 -3.59 50.47 98.66
12:37:04 -3.20 50.47 98.66
12:37:05 -3.61 50.47 98.66
12:37:06 -3.87 50.47 98.66
12:37:07 -3.63 50.47 98.66
12:37:08 -1.84 50.47 98.66
12:37:09 5.95 50.47 98.66
12:37:10 25.67 50.47 98.66
12:37:11 62.19 50.47 98.66
12:37:12 108.46 50.47 98.66
12:37:13 149.09 50.47 98.66
12:37:14 170.60 50.47 98.66
12:37:15 168.60 50.47 98.64
12:37:16 148.72 50.47 98.64
12:37:17 119.32 50.47 98.66
12:37:18 91.13 50.47 98.66
12:37:19 62.50 50.47 98.66
12:37:20 41.78 50.47 98.66
12:37:21 27.71 50.47 98.66
12:37:22 19.02 50.47 98.66
12:37:23 12.59 50.47 98.66
12:37:24 10.52 50.47 98.66
12:37:25 7.94 50.47 98.66
12:37:26 5.33 50.47 98.66
12:37:27 4.10 50.47 98.66
12:37:28 2.30 50.47 98.66
12:37:29 1.38 50.47 98.66
12:37:30 0.26 50.47 98.66
12:37:31 -0.27 50.47 98.66
12:37:32 -0.50 50.47 98.66
12:37:33 -1.44 50.47 98.66
12:37:34 -1.51 50.47 98.66
12:37:35 -2.29 50.47 98.66
12:37:36 -2.78 50.47 98.66
12:37:37 -2.54 50.47 98.66
12:37:38 -2.72 50.47 98.66
12:37:39 -3.02 50.47 98.66
12:37:40 -2.95 50.47 98.66
12:37:41 -3.24 50.47 98.66
12:37:42 -3.24 50.47 98.66
12:37:43 -3.06 50.47 98.66
12:37:44 -2.96 50.47 98.66
12:37:45 -2.38 50.47 98.66
12:37:46 3.38 50.47 98.66
12:37:47 21.13 50.47 98.66
12:37:48 55.58 50.47 98.66
12:37:49 105.07 50.47 98.64
12:37:50 152.57 50.47 98.64
12:37:51 183.66 50.47 98.66
12:37:52 185.97 50.47 98.66
12:37:53 166.98 50.47 98.66
12:37:54 136.35 50.47 98.66
12:37:55 103.18 50.47 98.66
12:37:56 71.86 50.47 98.66
12:37:57 46.18 50.47 98.66
12:37:58 30.05 50.47 98.66
12:37:59 19.48 50.47 98.66
12:38:00 12.94 50.47 98.66
12:38:01 8.57 50.47 98.66
12:38:02 5.78 50.47 98.66
12:38:03 3.99 50.47 98.66
12:38:04 2.43 50.47 98.66
12:38:05 1.09 50.47 98.66
12:38:06 0.40 50.47 98.66
12:38:07 0.12 50.47 98.66
12:38:08 -0.99 50.47 98.66
12:38:09 -1.12 50.47 98.66
12:38:10 -1.65 50.47 98.66
12:38:11 -2.13 50.47 98.66
12:38:12 -2.17 50.47 98.66
12:38:13 -2.18 50.47 98.66
12:38:14 -3.06 50.47 98.66
12:38:15 -2.93 50.47 98.66
12:38:16 -3.44 50.47 98.66
12:38:17 -2.90 50.47 98.66
12:38:18 -3.35 50.47 98.66
12:38:19 -3.34 50.47 98.66
12:38:20 -3.53 50.47 98.66
12:38:21 -3.58 50.47 98.64
12:38:22 -3.61 50.47 98.64
12:38:23 -3.06 50.47 98.64
12:38:24 1.65 50.47 98.64
12:38:25 16.65 50.47 98.66
12:38:26 52.16 50.47 98.66
12:38:27 109.73 50.47 98.64
12:38:28 173.88 50.47 98.64
12:38:29 201.83 50.47 98.64
12:38:30 236.59 50.47 98.64
12:38:31 236.78 50.47 98.64
12:38:32 210.43 50.47 98.64
12:38:33 170.47 50.47 98.64
12:38:34 130.09 50.47 98.64
12:38:35 89.36 50.47 98.66
12:38:36 58.57 50.47 98.66
12:38:37 38.57 50.47 98.66
12:38:38 25.33 50.47 98.66
12:38:39 17.14 50.47 98.66
12:38:40 11.99 50.47 98.66
12:38:41 8.19 50.47 98.66
12:38:42 5.51 50.47 98.66
12:38:43 3.54 50.47 98.66
12:38:44 2.64 50.47 98.66
12:38:45 1.31 50.47 98.66
12:38:46 0.32 50.47 98.66
12:38:47 0.04 50.47 98.66
12:38:48 -1.19 50.47 98.66
12:38:49 -1.56 50.47 98.66
12:38:50 -1.53 50.47 98.66
12:38:51 -1.61 50.47 98.66
12:38:52 -2.29 50.47 98.66
12:38:53 -2.72 50.47 98.66
12:38:54 -2.46 50.47 98.66
12:38:55 -3.12 50.47 98.66
12:38:56 -2.85 50.47 98.66
12:38:57 -3.28 50.47 98.64
12:38:58 -3.22 50.47 98.64
12:38:59 -3.63 50.47 98.66
12:39:00 -3.59 50.47 98.66
12:39:01 -3.89 50.47 98.66
12:39:02 -3.67 50.47 98.66
12:39:03 -3.84 50.47 98.66
12:39:04 -3.43 50.47 98.64
12:39:05 -1.53 50.47 98.64
12:39:06 5.25 50.47 98.64
12:39:07 22.33 50.47 98.64
12:39:08 49.06 50.47 98.64
12:39:09 79.92 50.47 98.64
12:39:10 104.25 50.47 98.66
12:39:11 113.33 50.47 98.66
12:39:12 112.28 50.47 98.64
12:39:13 100.14 50.47 98.64
12:39:14 80.69 50.47 98.66
12:39:15 60.41 50.47 98.66
12:39:16 41.10 50.47 98.66
12:39:17 25.31 50.47 98.66
12:39:18 15.52 50.47 98.66
12:39:19 9.04 50.47 98.66
12:39:20 5.57 50.47 98.66
12:39:21 2.74 50.47 98.66
12:39:22 1.19 50.47 98.66
12:39:23 -0.34 50.47 98.66
12:39:24 -1.20 50.47 98.66
12:39:25 -1.53 50.47 98.66
12:39:26 -2.06 50.47 98.66
12:39:27 -2.56 50.47 98.66
12:39:28 -2.68 50.47 98.66
12:39:29 -2.96 50.47 98.66
12:39:30 -3.18 50.47 98.66
12:39:31 -3.25 50.47 98.66
12:39:32 -3.44 50.47 98.66
12:39:33 -3.69 50.47 98.66
12:39:34 -4.14 50.47 98.66
12:39:35 -3.64 50.47 98.66
12:39:36 -3.73 50.47 98.66
12:39:37 -3.80 50.47 98.66
12:39:38 -3.73 50.47 98.64
12:39:39 -4.04 50.47 98.64
12:39:40 -4.05 50.47 98.66
12:39:41 -4.23 50.47 98.66
12:39:42 -3.91 50.47 98.66
12:39:43 -4.14 50.47 98.66
12:39:44 -4.03 50.47 98.66
12:39:45 -3.92 50.47 98.66
12:39:46 -3.92 50.47 98.66
12:39:47 -4.31 50.47 98.66
12:39:48 -3.95 50.47 98.66
12:39:49 -4.31 50.47 98.66
12:39:50 -4.04 50.47 98.66
12:39:51 -4.28 50.47 98.64
12:39:52 -4.11 50.47 98.64
12:39:53 -3.99 50.47 98.66
12:39:54 -4.30 50.47 98.66
12:39:55 -4.08 50.47 98.66
12:39:56 -4.18 50.47 98.66
12:39:57 -3.79 50.47 98.64
12:39:58 -4.35 50.47 98.64
12:39:59 -4.04 50.47 98.66
12:40:00 -3.84 50.47 98.66
12:40:01 -4.31 50.47 98.66
12:40:02 -4.25 50.47 98.66
12:40:03 -4.35 50.47 98.66
12:40:04 -4.17 50.47 98.66
12:40:05 -4.53 50.47 98.66
12:40:06 -4.35 50.47 98.66
12:40:07 -3.88 50.47 98.66
12:40:08 -4.45 50.47 98.66
12:40:09 -3.96 50.47 98.66
12:40:10 -4.18 50.47 98.66
12:40:11 -4.32 50.47 98.66
12:40:12 -4.15 50.47 98.66
12:40:13 -4.36 50.47 98.66
12:40:14 -4.37 50.47 98.66
12:40:15 -4.58 50.47 98.66
12:40:16 -3.83 50.47 98.66
12:40:17 -3.82 50.47 98.66
12:40:18 -4.55 50.47 98.66
12:40:19 -4.26 50.47 98.66
12:40:20 -4.37 50.47 98.66
12:40:21 -4.26 50.47 98.66
12:40:22 -4.36 50.47 98.66
12:40:23 -4.09 50.47 98.66
12:40:24 -4.24 50.47 98.66
12:40:25 -4.01 50.47 98.66
12:40:26 -4.59 50.47 98.66
12:40:27 -4.34 50.47 98.66
12:40:28 -4.26 50.47 98.66
12:40:29 -4.43 50.47 98.66
12:40:30 -4.38 50.47 98.66
12:40:31 -4.05 50.47 98.66
12:40:32 -4.50 50.47 98.66
12:40:33 -4.26 50.47 98.66
12:40:34 -4.34 50.47 98.66
12:40:35 -4.03 50.47 98.66
12:40:36 -4.31 50.47 98.66
12:40:37 -4.21 50.47 98.66
12:40:38 -4.24 50.47 98.66
12:40:39 -4.39 50.47 98.66
12:40:40 -4.06 50.47 98.66
12:40:41 -4.88 50.47 98.66
12:40:42 -4.25 50.47 98.66
12:40:43 -4.51 50.47 98.66
12:40:44 -4.00 50.47 98.66
12:40:45 -4.16 50.47 98.66
12:40:46 -4.50 50.47 98.66
12:40:47 -4.47 50.47 98.66
12:40:48 -4.25 50.47 98.66
12:40:49 -4.18 50.47 98.66
12:40:50 -4.43 50.47 98.66
12:40:51 -4.07 50.47 98.66
12:40:52 -4.59 50.47 98.66
12:40:53 -4.23 50.47 98.66
12:40:54 -4.40 50.47 98.66
12:40:55 -4.57 50.47 98.66
12:40:56 -4.09 50.47 98.66
12:40:57 -4.22 50.47 98.66
12:40:58 -4.14 50.47 98.66
12:40:59 -4.33 50.47 98.66
12:41:00 -4.52 50.47 98.66
12:41:01 -4.21 50.47 98.66
12:41:02 -4.48 50.47 98.66
12:41:03 -4.35 50.47 98.66
12:41:04 -4.14 50.47 98.66
12:41:05 -4.05 50.47 98.66
12:41:06 -4.71 50.47 98.66
12:41:07 -4.18 50.47 98.66
12:41:08 -4.17 50.47 98.66
12:41:09 -4.40 50.47 98.66
12:41:10 -4.14 50.47 98.66
12:41:11 -4.20 50.47 98.66
12:41:12 -4.04 50.47 98.66
12:41:13 -4.24 50.47 98.66
12:41:14 -4.14 50.47 98.66
12:41:15 -4.22 50.47 98.66
12:41:16 -4.24 50.47 98.66
12:41:17 -4.65 50.47 98.66
12:41:18 -4.11 50.47 98.66
12:41:19 -4.03 50.47 98.66
12:41:20 -4.26 50.47 98.66
12:41:21 -4.25 50.47 98.66
12:41:22 -4.36 50.47 98.66
12:41:23 -3.98 50.47 98.66
12:41:24 -3.93 50.47 98.66
12:41:25 -4.52 50.47 98.66
12:41:26 -4.27 50.47 98.67
12:41:27 -4.10 50.47 98.66
12:41:28 -4.51 50.47 98.66
12:41:29 -4.16 50.47 98.66
12:41:30 -4.29 50.47 98.66
12:41:31 -4.46 50.47 98.66
12:41:32 -4.03 50.47 98.66
12:41:33 -4.60 50.47 98.66
12:41:34 -4.50 50.47 98.66
12:41:35 -3.90 50.47 98.66
12:41:36 -4.38 50.47 98.66
12:41:37 -4.32 50.47 98.66
12:41:38 -4.27 50.47 98.66
12:41:39 -4.55 50.47 98.66
12:41:40 -4.12 50.47 98.66
12:41:41 -4.61 50.47 98.66
12:41:42 -3.85 50.47 98.66
12:41:43 -2.75 50.47 98.66
12:41:44 -1.05 50.47 98.66
12:41:45 7.24 50.47 98.66
12:41:46 24.14 50.47 98.67
12:41:47 47.44 50.47 98.66
12:41:48 70.69 50.47 98.66
12:41:49 85.52 50.47 98.66
12:41:50 87.69 50.47 98.66
12:41:51 79.09 50.47 98.66
12:41:52 64.33 50.47 98.66
12:41:53 47.84 50.47 98.66
12:41:54 33.33 50.47 98.67
12:41:55 19.69 50.47 98.67
12:41:56 12.06 50.47 98.67
12:41:57 6.69 50.47 98.67
12:41:58 3.53 50.47 98.67
12:41:59 1.07 50.47 98.67
12:42:00 -0.44 50.47 98.67
12:42:01 -0.91 50.47 98.67
12:42:02 -2.09 50.47 98.67
12:42:03 -2.31 50.47 98.67
12:42:04 -2.57 50.47 98.67
12:42:05 -2.91 50.47 98.67
12:42:06 -3.02 50.47 98.67
12:42:07 -3.52 50.47 98.67
12:42:08 -3.51 50.47 98.67
12:42:09 -4.02 50.47 98.67
12:42:10 -3.74 50.47 98.67
12:42:11 -3.38 50.47 98.67
12:42:12 -3.91 50.47 98.67
12:42:13 -4.01 50.47 98.67
12:42:14 -4.11 50.47 98.67
12:42:15 -4.02 50.47 98.67
12:42:16 -4.08 50.47 98.67
12:42:17 -4.24 50.47 98.67
12:42:18 -4.07 50.47 98.67
12:42:19 -4.07 50.47 98.67
12:42:20 -4.14 50.47 98.67
12:42:21 -4.07 50.47 98.67
12:42:22 -4.06 50.47 98.67
12:42:23 -3.91 50.47 98.67
12:42:24 -4.19 50.47 98.67
12:42:25 -4.07 50.47 98.67
12:42:26 -4.23 50.47 98.67
12:42:27 -4.05 50.47 98.67
12:42:28 -4.08 50.47 98.67
12:42:29 -4.31 50.47 98.67
12:42:30 -4.44 50.47 98.67
12:42:31 -4.27 50.47 98.67
12:42:32 -4.16 50.47 98.67
12:42:33 -4.05 50.47 98.67
12:42:34 -4.31 50.47 98.67
12:42:35 -3.92 50.47 98.67
12:42:36 -4.43 50.47 98.67
12:42:37 -4.17 50.47 98.67
12:42:38 -4.37 50.47 98.67
12:42:39 -4.08 50.47 98.67
12:42:40 -4.22 50.47 98.67
12:42:41 -4.30 50.47 98.67
12:42:42 -4.45 50.47 98.67
12:42:43 -3.96 50.47 98.67
12:42:44 -4.52 50.47 98.67
12:42:45 -3.26 50.47 98.67
12:42:46 4.76 50.47 98.67
12:42:47 34.23 50.47 98.67
12:42:48 105.01 50.47 98.67
12:42:49 159.10 50.47 98.67
12:42:50 290.96 50.47 98.67
12:42:51 421.76 50.47 98.67
12:42:52 499.72 50.47 98.67
12:42:53 507.20 50.47 98.67
12:42:54 456.53 50.47 98.67
12:42:55 373.89 50.47 98.67
12:42:56 286.13 50.47 98.67
12:42:57 198.30 50.47 98.67
12:42:58 131.72 50.47 98.67
12:42:59 87.06 50.47 98.67
12:43:00 57.63 50.47 98.68
12:43:01 38.90 50.47 98.67
12:43:02 26.83 50.47 98.67
12:43:03 18.78 50.47 98.67
12:43:04 13.72 50.47 98.67
12:43:05 9.73 50.47 98.67
12:43:06 6.66 50.47 98.67
12:43:07 4.84 50.47 98.68
12:43:08 3.17 50.47 98.68
12:43:09 2.02 50.47 98.68
12:43:10 0.85 50.47 98.68
12:43:11 0.22 50.47 98.67
12:43:12 -0.56 50.47 98.67
12:43:13 -0.79 50.47 98.68
12:43:14 -1.51 50.47 98.68
12:43:15 -2.00 50.47 98.68
12:43:16 -2.46 50.47 98.67
12:43:17 -2.82 50.47 98.67
12:43:18 -2.96 50.47 98.68
12:43:19 -2.61 50.47 98.68
12:43:20 -3.07 50.47 98.68
12:43:21 -3.37 50.47 98.68
12:43:22 -3.24 50.47 98.67
12:43:23 -3.46 50.47 98.67
12:43:24 -3.84 50.47 98.67
12:43:25 -2.43 50.47 98.67
12:43:26 3.56 50.47 98.67
12:43:27 23.62 50.47 98.67
12:43:28 71.57 50.47 98.67
12:43:29 149.40 50.47 98.67
12:43:30 236.59 50.47 98.68
12:43:31 305.17 50.47 98.68
12:43:32 329.20 50.47 98.68
12:43:33 323.66 50.47 98.68
12:43:34 288.69 50.47 98.68
12:43:35 232.79 50.47 98.68
12:43:36 176.40 50.47 98.68
12:43:37 121.86 50.47 98.68
12:43:38 78.33 50.47 98.68
12:43:39 49.49 50.47 98.68
12:43:40 31.29 50.47 98.68
12:43:41 20.14 50.47 98.68
12:43:42 12.53 50.47 98.68
12:43:43 7.99 50.47 98.68
12:43:44 4.88 50.47 98.68
12:43:45 2.68 50.47 98.68
12:43:46 1.24 50.47 98.68
12:43:47 -0.06 50.47 98.68
12:43:48 -1.00 50.47 98.68
12:43:49 -1.50 50.47 98.68
12:43:50 -1.94 50.47 98.68
12:43:51 -2.55 50.47 98.68
12:43:52 -2.85 50.47 98.68
12:43:53 -2.61 50.47 98.68
12:43:54 -2.79 50.47 98.68
12:43:55 -3.55 50.47 98.68
12:43:56 -3.45 50.47 98.68
12:43:57 -3.20 50.47 98.68
12:43:58 -3.45 50.47 98.68
12:43:59 -3.92 50.47 98.68
12:44:00 -3.74 50.47 98.68
12:44:01 -3.72 50.47 98.68
12:44:02 -4.03 50.47 98.68
12:44:03 -4.07 50.47 98.68
12:44:04 -2.90 50.47 98.68
12:44:05 2.51 50.47 98.68
12:44:06 20.72 50.47 98.68
12:44:07 61.56 50.47 98.68
12:44:08 125.69 50.47 98.68
12:44:09 193.89 50.47 98.68
12:44:10 244.03 50.47 98.68
12:44:11 260.50 50.47 98.68
12:44:12 241.58 50.47 98.68
12:44:13 203.33 50.47 98.68
12:44:14 158.21 50.47 98.68
12:44:15 114.02 50.47 98.68
12:44:16 93.22 50.47 98.68
12:44:17 60.67 50.47 98.68
12:44:18 39.79 50.47 98.68
12:44:19 26.11 50.47 98.68
12:44:20 16.93 50.47 98.68
12:44:21 12.25 50.47 98.68
12:44:22 8.46 50.47 98.68
12:44:23 5.94 50.47 98.68
12:44:24 3.85 50.47 98.68
12:44:25 2.16 50.47 98.68
12:44:26 0.94 50.47 98.68
12:44:27 0.03 50.47 98.68
12:44:28 -0.65 50.47 98.68
12:44:29 -1.00 50.47 98.68
12:44:30 -1.76 50.47 98.68
12:44:31 -2.08 50.47 98.68
12:44:32 -2.39 50.47 98.70
12:44:33 -2.07 50.47 98.70
12:44:34 -3.14 50.47 98.70
12:44:35 -3.12 50.47 98.70
12:44:36 -2.95 50.47 98.68
12:44:37 -3.23 50.47 98.68
12:44:38 -3.52 50.47 98.68
12:44:39 -3.50 50.47 98.68
12:44:40 -3.32 50.47 98.68
12:44:41 -3.56 50.47 98.68
12:44:42 -3.83 50.47 98.68
12:44:43 -3.32 50.47 98.68
12:44:44 -0.33 50.47 98.68
12:44:45 12.05 50.47 98.68
12:44:46 45.60 50.47 98.68
12:44:47 105.21 50.47 98.68
12:44:48 181.08 50.47 98.68
12:44:49 248.06 50.47 98.68
12:44:50 283.31 50.47 98.68
12:44:51 278.51 50.47 98.68
12:44:52 244.78 50.47 98.68
12:44:53 196.98 50.47 98.68
12:44:54 149.17 50.47 98.68
12:44:55 102.65 50.47 98.70
12:44:56 68.89 50.47 98.70
12:44:57 45.74 50.47 98.70
12:44:58 31.76 50.47 98.70
12:44:59 21.71 50.47 98.70
12:45:00 18.90 50.47 98.70
12:45:01 13.47 50.47 98.70
12:45:02 9.79 50.47 98.70
12:45:03 7.33 50.47 98.70
12:45:04 5.08 50.47 98.70
12:45:05 3.44 50.47 98.70
12:45:06 2.66 50.47 98.70
12:45:07 0.94 50.47 98.70
12:45:08 0.85 50.47 98.70
12:45:09 0.03 50.47 98.68
12:45:10 -0.69 50.47 98.68
12:45:11 -1.37 50.47 98.70
12:45:12 -1.67 50.47 98.70
12:45:13 -1.91 50.47 98.70
12:45:14 -1.96 50.47 98.70
12:45:15 -2.29 50.47 98.68
12:45:16 -2.68 50.47 98.68
12:45:17 -3.07 50.47 98.70
12:45:18 -2.75 50.47 98.70
12:45:19 -2.91 50.47 98.70
12:45:20 -3.01 50.47 98.70
12:45:21 -3.45 50.47 98.70
12:45:22 -3.21 50.47 98.70
12:45:23 -3.30 50.47 98.70
12:45:24 -3.10 50.47 98.70
12:45:25 -3.77 50.47 98.70
12:45:26 -3.15 50.47 98.70
12:45:27 -3.84 50.47 98.70
12:45:28 -3.62 50.47 98.68
12:45:29 -3.58 50.47 98.68
12:45:30 -4.05 50.47 98.70
12:45:31 -3.81 50.47 98.70
12:45:32 -4.01 50.47 98.70
12:45:33 -3.83 50.47 98.70
12:45:34 -3.81 50.47 98.70
12:45:35 -3.73 50.47 98.70
12:45:36 -3.99 50.47 98.70
12:45:37 -3.83 50.47 98.70
12:45:38 -4.05 50.47 98.70
12:45:39 -3.79 50.47 98.70
12:45:40 -4.18 50.47 98.70
12:45:41 -4.08 50.47 98.70
12:45:42 -4.04 50.47 98.68
12:45:43 -3.60 50.47 98.68
12:45:44 -0.38 50.47 98.68
12:45:45 12.68 50.47 98.70
12:45:46 45.42 50.47 98.70
12:45:47 102.69 50.47 98.68
12:45:48 174.23 50.47 98.68
12:45:49 234.82 50.47 98.68
12:45:50 264.40 50.47 98.68
12:45:51 257.46 50.47 98.70
12:45:52 222.48 50.47 98.70
12:45:53 177.60 50.47 98.70
12:45:54 131.92 50.47 98.70
12:45:55 90.75 50.47 98.70
12:45:56 57.84 50.47 98.70
12:45:57 37.25 50.47 98.70
12:45:58 23.60 50.47 98.70
12:45:59 15.38 50.47 98.70
12:46:00 10.13 50.47 98.70
12:46:01 6.91 50.47 98.70
12:46:02 4.11 50.47 98.68
12:46:03 2.31 50.47 98.68
12:46:04 1.06 50.47 98.70
12:46:05 0.69 50.47 98.70
12:46:06 0.02 50.47 98.70
12:46:07 -0.89 50.47 98.70
12:46:08 -1.49 50.47 98.70
12:46:09 -1.98 50.47 98.70
12:46:10 -2.31 50.47 98.70
12:46:11 -2.70 50.47 98.70
12:46:12 -3.07 50.47 98.70
12:46:13 -2.95 50.47 98.70
12:46:14 -3.27 50.47 98.70
12:46:15 -2.74 50.47 98.70
12:46:16 -3.43 50.47 98.70
12:46:17 -3.54 50.47 98.70
12:46:18 -3.70 50.47 98.70
12:46:19 -3.69 50.47 98.70
12:46:20 -3.36 50.47 98.70
12:46:21 -3.70 50.47 98.70
12:46:22 -2.52 50.47 98.70
12:46:23 -0.06 50.47 98.70
12:46:24 8.74 50.47 98.68
12:46:25 24.07 50.47 98.68
12:46:26 33.78 50.47 98.68
12:46:27 54.31 50.47 98.70
12:46:28 68.99 50.47 98.70
12:46:29 73.61 50.47 98.70
12:46:30 68.40 50.47 98.68
12:46:31 56.62 50.47 98.68
12:46:32 43.12 50.47 98.70
12:46:33 29.78 50.47 98.70
12:46:34 17.89 50.47 98.70
12:46:35 10.16 50.47 98.70
12:46:36 5.33 50.47 98.70
12:46:37 2.29 50.47 98.70
12:46:38 0.08 50.47 98.70
12:46:39 -1.30 50.47 98.70
12:46:40 -2.08 50.47 98.68
12:46:41 -2.60 50.47 98.68
12:46:42 -2.74 50.47 98.70
12:46:43 -3.35 50.47 98.70
12:46:44 -3.72 50.47 98.70
12:46:45 -3.81 50.47 98.70
12:46:46 -3.42 50.47 98.70
12:46:47 -3.97 50.47 98.70
12:46:48 -4.04 50.47 98.70
12:46:49 -3.89 50.47 98.70
12:46:50 -3.72 50.47 98.70
12:46:51 -4.31 50.47 98.70
12:46:52 -4.04 50.47 98.68
12:46:53 -3.95 50.47 98.68
12:46:54 -4.06 50.47 98.70
12:46:55 -4.32 50.47 98.70
12:46:56 -3.84 50.47 98.70
12:46:57 -2.23 50.47 98.70
12:46:58 6.72 50.47 98.70
12:46:59 32.97 50.47 98.70
12:47:00 83.18 50.47 98.70
12:47:01 153.27 50.47 98.70
12:47:02 219.83 50.47 98.70
12:47:03 261.22 50.47 98.70
12:47:04 266.13 50.47 98.70
12:47:05 239.61 50.47 98.70
12:47:06 196.49 50.47 98.70
12:47:07 150.05 50.47 98.70
12:47:08 104.70 50.47 98.70
12:47:09 69.32 50.47 98.70
12:47:10 55.76 50.47 98.70
12:47:11 36.86 50.47 98.70
12:47:12 25.15 50.47 98.70
12:47:13 16.72 50.47 98.70
12:47:14 11.58 50.47 98.70
12:47:15 8.35 50.47 98.70
12:47:16 5.42 50.47 98.70
12:47:17 3.54 50.47 98.70
12:47:18 2.15 50.47 98.70
12:47:19 1.16 50.47 98.70
12:47:20 0.19 50.47 98.70
12:47:21 -0.34 50.47 98.70
12:47:22 -0.79 50.47 98.70
12:47:23 -1.53 50.47 98.68
12:47:24 -2.04 50.47 98.68
12:47:25 -2.78 50.47 98.70
12:47:26 -2.35 50.47 98.70
12:47:27 -2.67 50.47 98.70
12:47:28 -2.85 50.47 98.70
12:47:29 -2.78 50.47 98.70
12:47:30 -3.14 50.47 98.70
12:47:31 -3.36 50.47 98.70
12:47:32 -3.65 50.47 98.70
12:47:33 -3.53 50.47 98.70
12:47:34 -3.44 50.47 98.70
12:47:35 -3.61 50.47 98.70
12:47:36 -3.50 50.47 98.70
12:47:37 -3.49 50.47 98.70
12:47:38 -3.68 50.47 98.70
12:47:39 -4.09 50.47 98.70
12:47:40 -3.41 50.47 98.70
12:47:41 -3.79 50.47 98.70
12:47:42 -3.82 50.47 98.70
12:47:43 -3.77 50.47 98.70
12:47:44 -4.20 50.47 98.70
12:47:45 -3.81 50.47 98.70
12:47:46 -4.17 50.47 98.70
12:47:47 -3.52 50.47 98.68
12:47:48 -4.25 50.47 98.68
12:47:49 -3.85 50.47 98.70
12:47:50 -4.19 50.47 98.70
12:47:51 -4.06 50.47 98.70
12:47:52 -4.03 50.47 98.70
12:47:53 -4.15 50.47 98.70
12:47:54 -4.41 50.47 98.70
12:47:55 -4.04 50.47 98.70
12:47:56 -4.19 50.47 98.70
12:47:57 -4.14 50.47 98.70
12:47:58 -4.15 50.47 98.70
12:47:59 -4.19 50.47 98.70
12:48:00 -4.29 50.47 98.70
12:48:01 -4.34 50.47 98.70
12:48:02 -4.14 50.47 98.70
12:48:03 -3.99 50.47 98.70
12:48:04 -4.48 50.47 98.70
12:48:05 -4.14 50.47 98.70
12:48:06 -4.24 50.47 98.70
12:48:07 -4.39 50.47 98.70
12:48:08 -4.39 50.47 98.70
12:48:09 -4.22 50.47 98.70
12:48:10 -4.55 50.47 98.70
12:48:11 -4.07 50.47 98.70
12:48:12 -3.96 50.47 98.70
12:48:13 -4.67 50.47 98.70
12:48:14 -4.12 50.47 98.70
12:48:15 -4.26 50.47 98.70
12:48:16 -4.18 50.47 98.70
12:48:17 -4.39 50.47 98.70
12:48:18 -4.23 50.47 98.70
12:48:19 -4.31 50.47 98.70
12:48:20 -3.81 50.47 98.70
12:48:21 -4.02 50.47 98.70
12:48:22 -4.63 50.47 98.70
12:48:23 -3.86 50.47 98.70
12:48:24 -4.41 50.47 98.70
12:48:25 -4.37 50.47 98.70
12:48:26 -4.45 50.47 98.70
12:48:27 -4.02 50.47 98.70
12:48:28 -3.94 50.47 98.70
12:48:29 -4.27 50.47 98.70
12:48:30 -4.17 50.47 98.70
12:48:31 -4.39 50.47 98.70
12:48:32 -4.16 50.47 98.70
12:48:33 -4.24 50.47 98.70
12:48:34 -4.33 50.47 98.70
12:48:35 -4.11 50.47 98.70
12:48:36 -4.16 50.47 98.70
12:48:37 -4.21 50.47 98.70
12:48:38 -3.95 50.47 98.70
12:48:39 -4.04 50.47 98.70
12:48:40 -4.31 50.47 98.70
12:48:41 -4.16 50.47 98.70
12:48:42 -4.15 50.47 98.70
12:48:43 -3.96 50.47 98.70
12:48:44 -4.41 50.47 98.70
12:48:45 -4.23 50.47 98.70
12:48:46 -4.26 50.47 98.68
12:48:47 -4.11 50.47 98.68
12:48:48 -4.17 50.47 98.68
12:48:49 -4.07 50.47 98.68
12:48:50 -2.93 50.47 98.68
12:48:51 2.69 50.47 98.68
12:48:52 21.89 50.47 98.68
12:48:53 64.39 50.47 98.70
12:48:54 131.19 50.47 98.70
12:48:55 205.16 50.47 98.70
12:48:56 263.13 50.47 98.68
12:48:57 284.52 50.47 98.68
12:48:58 281.20 50.47 98.68
12:48:59 252.18 50.47 98.68
12:49:00 205.77 50.47 98.68
12:49:01 156.86 50.47 98.68
12:49:02 108.20 50.47 98.70
12:49:03 69.12 50.47 98.70
12:49:04 43.12 50.47 98.70
12:49:05 26.09 50.47 98.70
12:49:06 15.42 50.47 98.70
12:49:07 9.08 50.47 98.70
12:49:08 4.67 50.47 98.70
12:49:09 2.05 50.47 98.70
12:49:10 0.16 50.47 98.70
12:49:11 -1.06 50.47 98.70
12:49:12 -1.57 50.47 98.70
12:49:13 -2.55 50.47 98.70
12:49:14 -3.06 50.47 98.70
12:49:15 -2.83 50.47 98.70
12:49:16 -3.84 50.47 98.70
12:49:17 -3.21 50.47 98.70
12:49:18 -3.63 50.47 98.70
12:49:19 -3.68 50.47 98.70
12:49:20 -3.92 50.47 98.70
12:49:21 -3.82 50.47 98.70
12:49:22 -3.94 50.47 98.70
12:49:23 -3.87 50.47 98.68
12:49:24 -4.15 50.47 98.68
12:49:25 -3.81 50.47 98.68
12:49:26 -4.18 50.47 98.70
12:49:27 -3.67 50.47 98.70
12:49:28 -0.40 50.47 98.70
12:49:29 15.72 50.47 98.68
12:49:30 63.21 50.47 98.68
12:49:31 154.81 50.47 98.68
12:49:32 281.83 50.47 98.70
12:49:33 404.84 50.47 98.68
12:49:34 479.68 50.47 98.68
12:49:35 487.56 50.47 98.68
12:49:36 438.88 50.47 98.68
12:49:37 361.04 50.47 98.68
12:49:38 276.23 50.47 98.68
12:49:39 201.74 50.47 98.68
12:49:40 133.38 50.47 98.68
12:49:41 87.51 50.47 98.70
12:49:42 70.89 50.47 98.70
12:49:43 47.06 50.47 98.70
12:49:44 31.13 50.47 98.70
12:49:45 21.65 50.47 98.70
12:49:46 14.58 50.47 98.70
12:49:47 9.97 50.47 98.70
12:49:48 7.15 50.47 98.70
12:49:49 4.50 50.47 98.70
12:49:50 2.80 50.47 98.70
12:49:51 1.45 50.47 98.70
12:49:52 0.26 50.47 98.70
12:49:53 -0.58 50.47 98.70
12:49:54 -1.15 50.47 98.70
12:49:55 -1.68 50.47 98.70
12:49:56 -2.18 50.47 98.70
12:49:57 -2.53 50.47 98.70
12:49:58 -2.93 50.47 98.70
12:49:59 -2.92 50.47 98.70
12:50:00 -3.00 50.47 98.70
12:50:01 -3.28 50.47 98.70
12:50:02 -3.15 50.47 98.70
12:50:03 -3.18 50.47 98.70
12:50:04 -3.71 50.47 98.70
12:50:05 -3.49 50.47 98.70
12:50:06 -2.91 50.47 98.70
12:50:07 0.84 50.47 98.70
12:50:08 15.94 50.47 98.68
12:50:09 53.20 50.47 98.68
12:50:10 115.29 50.47 98.70
12:50:11 191.77 50.47 98.68
12:50:12 253.81 50.47 98.68
12:50:13 281.26 50.47 98.70
12:50:14 271.08 50.47 98.70
12:50:15 233.07 50.47 98.70
12:50:16 184.05 50.47 98.70
12:50:17 137.02 50.47 98.68
12:50:18 91.74 50.47 98.68
12:50:19 58.68 50.47 98.70
12:50:20 37.54 50.47 98.70
12:50:21 24.12 50.47 98.70
12:50:22 15.31 50.47 98.70
12:50:23 9.48 50.47 98.70
12:50:24 5.94 50.47 98.68
12:50:25 4.93 50.47 98.68
12:50:26 2.72 50.47 98.68
12:50:27 1.36 50.47 98.70
12:50:28 0.20 50.47 98.70
12:50:29 -0.88 50.47 98.70
12:50:30 -1.19 50.47 98.70
12:50:31 -1.83 50.47 98.70
12:50:32 -2.33 50.47 98.70
12:50:33 -2.37 50.47 98.70
12:50:34 -3.12 50.47 98.70
12:50:35 -3.03 50.47 98.70
12:50:36 -3.37 50.47 98.70
12:50:37 -3.43 50.47 98.68
12:50:38 -3.73 50.47 98.68
12:50:39 -3.38 50.47 98.68
12:50:40 -3.84 50.47 98.68
12:50:41 -3.83 50.47 98.70
12:50:42 -3.39 50.47 98.70
12:50:43 -3.60 50.47 98.70
12:50:44 -1.99 50.47 98.70
12:50:45 1.35 50.47 98.68
12:50:46 8.24 50.47 98.68
12:50:47 12.42 50.47 98.68
12:50:48 21.15 50.47 98.68
12:50:49 27.31 50.47 98.68
12:50:50 29.20 50.47 98.68
12:50:51 26.88 50.47 98.68
12:50:52 21.66 50.47 98.70
12:50:53 15.65 50.47 98.68
12:50:54 10.00 50.47 98.68
12:50:55 5.20 50.47 98.68
12:50:56 2.10 50.47 98.68
12:50:57 0.30 50.47 98.70
12:50:58 -1.27 50.47 98.70
12:50:59 -1.86 50.47 98.70
12:51:00 -2.48 50.47 98.70
12:51:01 -2.80 50.47 98.68
12:51:02 -3.14 50.47 98.68
12:51:03 -3.40 50.47 98.68
12:51:04 -3.20 50.47 98.68
12:51:05 -3.36 50.47 98.68
12:51:06 -3.61 50.47 98.70
12:51:07 -4.05 50.47 98.70
12:51:08 -3.64 50.47 98.70
12:51:09 -3.75 50.47 98.70
12:51:10 -3.76 50.47 98.70
12:51:11 -4.01 50.47 98.70
12:51:12 -4.29 50.47 98.70
12:51:13 -3.62 50.47 98.70
12:51:14 -4.09 50.47 98.68
12:51:15 -4.04 50.47 98.68
12:51:16 -4.09 50.47 98.68
12:51:17 -4.07 50.47 98.68
12:51:18 -3.84 50.47 98.68
12:51:19 -4.20 50.47 98.68
12:51:20 -3.39 50.47 98.68
12:51:21 0.52 50.47 98.68
12:51:22 15.22 50.47 98.68
12:51:23 48.68 50.47 98.68
12:51:24 101.94 50.47 98.68
12:51:25 161.88 50.47 98.68
12:51:26 208.46 50.47 98.68
12:51:27 225.86 50.47 98.68
12:51:28 214.32 50.47 98.68
12:51:29 181.78 50.47 98.68
12:51:30 162.67 50.47 98.68
12:51:31 125.23 50.47 98.68
12:51:32 88.11 50.47 98.68
12:51:33 58.26 50.47 98.68
12:51:34 38.73 50.47 98.68
12:51:35 25.45 50.47 98.68
12:51:36 17.24 50.47 98.68
12:51:37 12.17 50.47 98.68
12:51:38 8.19 50.47 98.68
12:51:39 5.72 50.47 98.70
12:51:40 3.65 50.47 98.68
12:51:41 2.89 50.47 98.68
12:51:42 1.21 50.47 98.70
12:51:43 0.34 50.47 98.68
12:51:44 -0.25 50.47 98.68
12:51:45 -1.26 50.47 98.68
12:51:46 -1.61 50.47 98.68
12:51:47 -1.75 50.47 98.68
12:51:48 -1.53 50.47 98.68
12:51:49 -2.75 50.47 98.70
12:51:50 -2.72 50.47 98.68
12:51:51 -2.84 50.47 98.68
12:51:52 -2.72 50.47 98.68
12:51:53 -3.22 50.47 98.68
12:51:54 -3.25 50.47 98.68
12:51:55 -2.96 50.47 98.68
12:51:56 -3.51 50.47 98.68
12:51:57 -3.42 50.47 98.68
12:51:58 -3.64 50.47 98.68
12:51:59 -2.70 50.47 98.68
12:52:00 1.16 50.47 98.68
12:52:01 16.52 50.47 98.68
12:52:02 51.32 50.47 98.68
12:52:03 106.90 50.47 98.68
12:52:04 166.86 50.47 98.68
12:52:05 212.14 50.47 98.68
12:52:06 225.36 50.47 98.68
12:52:07 209.79 50.47 98.68
12:52:08 175.11 50.47 98.68
12:52:09 135.34 50.47 98.68
12:52:10 95.53 50.47 98.68
12:52:11 62.21 50.47 98.68
12:52:12 39.71 50.47 98.68
12:52:13 25.53 50.47 98.68
12:52:14 20.20 50.47 98.68
12:52:15 12.56 50.47 98.68
12:52:16 8.51 50.47 98.68
12:52:17 5.31 50.47 98.68
12:52:18 3.28 50.47 98.68
12:52:19 1.84 50.47 98.68
12:52:20 0.45 50.47 98.68
12:52:21 -0.58 50.47 98.68
12:52:22 -1.09 50.47 98.68
12:52:23 -1.71 50.47 98.68
12:52:24 -1.85 50.47 98.68
12:52:25 -2.35 50.47 98.68
12:52:26 -2.35 50.47 98.68
12:52:27 -2.96 50.47 98.68
12:52:28 -2.62 50.47 98.68
12:52:29 -3.23 50.47 98.68
12:52:30 -3.12 50.47 98.68
12:52:31 -3.21 50.47 98.68
12:52:32 -3.20 50.47 98.68
12:52:33 -3.55 50.47 98.68
12:52:34 -3.56 50.47 98.68
12:52:35 -3.17 50.47 98.67
12:52:36 -0.94 50.47 98.67
12:52:37 10.70 50.47 98.67
12:52:38 40.37 50.47 98.67
12:52:39 94.28 50.47 98.67
12:52:40 161.00 50.47 98.67
12:52:41 219.63 50.47 98.67
12:52:42 250.08 50.47 98.67
12:52:43 246.00 50.47 98.67
12:52:44 215.47 50.47 98.67
12:52:45 173.16 50.47 98.67
12:52:46 130.24 50.47 98.67
12:52:47 89.64 50.47 98.67
12:52:48 57.98 50.47 98.67
12:52:49 37.79 50.47 98.68
12:52:50 24.45 50.47 98.67
12:52:51 16.50 50.47 98.67
12:52:52 10.48 50.47 98.68
12:52:53 7.05 50.47 98.68
12:52:54 4.64 50.47 98.67
12:52:55 3.27 50.47 98.67
12:52:56 1.34 50.47 98.67
12:52:57 0.90 50.47 98.67
12:52:58 0.07 50.47 98.68
12:52:59 -0.81 50.47 98.67
12:53:00 -1.35 50.47 98.67
12:53:01 -1.75 50.47 98.68
12:53:02 -2.13 50.47 98.68
12:53:03 -2.63 50.47 98.68
12:53:04 -2.75 50.47 98.68
12:53:05 -2.65 50.47 98.67
12:53:06 -3.27 50.47 98.67
12:53:07 -3.09 50.47 98.67
12:53:08 -2.96 50.47 98.67
12:53:09 -3.21 50.47 98.67
12:53:10 -3.63 50.47 98.67
12:53:11 -3.44 50.47 98.67
12:53:12 -2.48 50.47 98.67
12:53:13 4.83 50.47 98.67
12:53:14 28.75 50.47 98.67
12:53:15 83.71 50.47 98.67
12:53:17 219.62 50.47 98.67
12:53:18 307.04 50.47 98.67
12:53:19 355.90 50.47 98.67
12:53:20 355.19 50.47 98.67
12:53:21 315.62 50.47 98.67
12:53:22 254.65 50.47 98.67
12:53:23 223.59 50.47 98.67
12:53:24 166.36 50.47 98.67
12:53:25 113.42 50.47 98.67
12:53:26 73.86 50.47 98.67
12:53:27 48.40 50.47 98.67
12:53:28 32.10 50.47 98.67
12:53:29 21.98 50.47 98.67
12:53:30 15.46 50.47 98.67
12:53:31 10.57 50.47 98.67
12:53:32 7.76 50.47 98.67
12:53:33 5.47 50.47 98.67
12:53:34 3.32 50.47 98.67
12:53:35 1.97 50.47 98.67
12:53:36 1.14 50.47 98.67
12:53:37 0.16 50.47 98.67
12:53:38 -0.57 50.47 98.67
12:53:39 -0.90 50.47 98.67
12:53:40 -1.42 50.47 98.67
12:53:41 -1.78 50.47 98.67
12:53:42 -1.81 50.47 98.67
12:53:43 -2.54 50.47 98.67
12:53:44 -2.55 50.47 98.67
12:53:45 -2.58 50.47 98.67
12:53:46 -2.93 50.47 98.67
12:53:47 -2.78 50.47 98.67
12:53:48 -2.74 50.47 98.67
12:53:49 -3.29 50.47 98.67
12:53:50 -3.79 50.47 98.67
12:53:51 -2.96 50.47 98.67
12:53:52 -3.30 50.47 98.67
12:53:53 -3.72 50.47 98.67
12:53:54 -3.74 50.47 98.67
12:53:55 -3.38 50.47 98.67
12:53:56 -3.65 50.47 98.67
12:53:57 -3.77 50.47 98.67
12:53:58 -3.38 50.47 98.67
12:53:59 -4.16 50.47 98.67
12:54:00 -3.77 50.47 98.67
12:54:01 -3.54 50.47 98.67
12:54:02 -3.90 50.47 98.67
12:54:03 -4.01 50.47 98.67
12:54:04 -3.78 50.47 98.67
12:54:05 -3.80 50.47 98.67
12:54:06 -3.81 50.47 98.67
12:54:07 -4.11 50.47 98.66
12:54:08 -3.91 50.47 98.66
12:54:09 -4.06 50.47 98.66
12:54:10 -3.58 50.47 98.66
12:54:11 -4.21 50.47 98.67
12:54:12 -4.26 50.47 98.67
12:54:13 -4.17 50.47 98.67
12:54:14 -4.30 50.47 98.67
12:54:15 -3.88 50.47 98.66
12:54:16 -4.24 50.47 98.66
12:54:17 -3.94 50.47 98.66
12:54:18 -4.06 50.47 98.66
12:54:19 -4.09 50.47 98.66
12:54:20 -4.09 50.47 98.66
12:54:21 -3.98 50.47 98.66
12:54:22 -4.53 50.47 98.66
12:54:23 -4.02 50.47 98.66
12:54:24 -4.10 50.47 98.66
12:54:25 -3.94 50.47 98.66
12:54:26 -4.31 50.47 98.66
12:54:27 -4.05 50.47 98.66
12:54:28 -4.07 50.47 98.66
12:54:29 -4.26 50.47 98.67
12:54:30 -4.06 50.47 98.66
12:54:31 -4.18 50.47 98.66
12:54:32 -4.20 50.47 98.66
12:54:33 -4.13 50.47 98.66
12:54:34 -3.88 50.47 98.66
12:54:35 -4.13 50.47 98.66
12:54:36 -3.94 50.47 98.66
12:54:37 -4.38 50.47 98.66
12:54:38 -4.47 50.47 98.66
12:54:39 -4.20 50.47 98.66
12:54:40 -3.94 50.47 98.66
12:54:41 -3.90 50.47 98.66
12:54:42 -4.51 50.47 98.66
12:54:43 -3.97 50.47 98.66
12:54:44 -4.08 50.47 98.66
12:54:45 -4.67 50.47 98.66
12:54:46 -4.06 50.47 98.66
12:54:47 -4.16 50.47 98.66
12:54:48 -4.22 50.47 98.66
12:54:49 -4.24 50.47 98.66
12:54:50 -4.07 50.47 98.66
12:54:51 -4.39 50.47 98.66
12:54:52 -3.77 50.47 98.66
12:54:53 -4.54 50.47 98.66
12:54:54 -4.16 50.47 98.66
12:54:55 -4.11 50.47 98.66
12:54:56 -4.10 50.47 98.66
12:54:57 -2.51 50.47 98.66
12:54:58 3.47 50.47 98.66
12:54:59 21.55 50.47 98.66
12:55:00 57.58 50.47 98.66
12:55:01 106.98 50.47 98.66
12:55:02 154.75 50.47 98.66
12:55:03 184.22 50.47 98.66
12:55:04 188.58 50.47 98.66
12:55:05 170.71 50.47 98.66
12:55:06 139.72 50.47 98.66
12:55:07 106.74 50.47 98.66
12:55:08 73.25 50.47 98.66
12:55:09 47.84 50.47 98.66
12:55:10 31.53 50.47 98.66
12:55:11 20.40 50.47 98.66
12:55:12 16.72 50.47 98.66
12:55:13 10.95 50.47 98.66
12:55:14 6.87 50.47 98.66
12:55:15 5.01 50.47 98.66
12:55:16 2.83 50.47 98.66
12:55:17 1.50 50.47 98.66
12:55:18 0.36 50.47 98.66
12:55:19 -0.53 50.47 98.66
12:55:20 -0.91 50.47 98.66
12:55:21 -1.87 50.47 98.66
12:55:22 -1.85 50.47 98.66
12:55:23 -2.49 50.47 98.66
12:55:24 -2.42 50.47 98.66
12:55:25 -2.68 50.47 98.66
12:55:26 -2.73 50.47 98.66
12:55:27 -2.86 50.47 98.66
12:55:28 -3.03 50.47 98.66
12:55:29 -3.20 50.47 98.66
12:55:30 -3.32 50.47 98.66
12:55:31 -3.50 50.47 98.66
12:55:32 -3.28 50.47 98.66
12:55:33 -2.13 50.47 98.66
12:55:34 4.15 50.47 98.64
12:55:35 20.75 50.47 98.64
12:55:36 53.34 50.47 98.66
12:55:37 94.28 50.47 98.64
12:55:38 133.52 50.47 98.64
12:55:39 155.85 50.47 98.66
12:55:40 155.51 50.47 98.66
12:55:41 138.13 50.47 98.66
12:55:42 111.88 50.47 98.64
12:55:43 84.41 50.47 98.64
12:55:44 58.49 50.47 98.66
12:55:45 37.87 50.47 98.66
12:55:46 23.85 50.47 98.66
12:55:47 15.14 50.47 98.66
12:55:48 9.31 50.47 98.66
12:55:49 5.66 50.47 98.66
12:55:50 3.32 50.47 98.66
12:55:51 1.93 50.47 98.64
12:55:52 0.67 50.47 98.64
12:55:53 -0.24 50.47 98.66
12:55:54 -0.88 50.47 98.64
12:55:55 -1.04 50.47 98.64
12:55:56 -1.53 50.47 98.64
12:55:57 -2.22 50.47 98.66
12:55:58 -2.60 50.47 98.66
12:55:59 -3.10 50.47 98.66
12:56:00 -2.99 50.47 98.66
12:56:01 -3.32 50.47 98.66
12:56:02 -3.25 50.47 98.66
12:56:03 -3.64 50.47 98.66
12:56:04 -3.33 50.47 98.64
12:56:05 -3.69 50.47 98.64
12:56:06 -3.89 50.47 98.64
12:56:07 -3.54 50.47 98.64
12:56:08 -2.00 50.47 98.64
12:56:09 5.39 50.47 98.64
12:56:10 31.27 50.47 98.64
12:56:11 84.51 50.47 98.64
12:56:12 166.40 50.47 98.64
12:56:13 252.06 50.47 98.64
12:56:14 312.28 50.47 98.64
12:56:15 328.03 50.47 98.64
12:56:16 303.42 50.47 98.64
12:56:17 281.67 50.47 98.64
12:56:18 226.87 50.47 98.64
12:56:19 168.86 50.47 98.64
12:56:20 115.12 50.47 98.66
12:56:21 78.43 50.47 98.66
12:56:22 53.87 50.47 98.66
12:56:23 37.26 50.47 98.66
12:56:24 26.93 50.47 98.66
12:56:25 19.61 50.47 98.66
12:56:26 14.85 50.47 98.66
12:56:27 11.47 50.47 98.66
12:56:28 8.45 50.47 98.66
12:56:29 6.65 50.47 98.66
12:56:30 4.81 50.47 98.66
12:56:31 3.44 50.47 98.64
12:56:32 2.51 50.47 98.64
12:56:33 1.18 50.47 98.66
12:56:34 0.59 50.47 98.64
12:56:35 0.15 50.47 98.64
12:56:36 -0.54 50.47 98.64
12:56:37 -1.55 50.47 98.64
12:56:38 -1.23 50.47 98.64
12:56:39 -1.65 50.47 98.64
12:56:40 -2.06 50.47 98.64
12:56:41 -2.44 50.47 98.66
12:56:42 -2.50 50.47 98.64
12:56:43 -2.70 50.47 98.64
12:56:44 -2.66 50.47 98.64
12:56:45 -2.74 50.47 98.64
12:56:46 -2.84 50.47 98.64
12:56:47 -3.25 50.47 98.64
12:56:48 -2.92 50.47 98.64
12:56:49 -2.94 50.47 98.64
12:56:50 1.45 50.47 98.64
12:56:51 14.68 50.47 98.64
12:56:52 45.61 50.47 98.64
12:56:53 92.97 50.47 98.64
12:56:54 145.47 50.47 98.66
12:56:55 185.02 50.47 98.66
12:56:56 198.19 50.47 98.64
12:56:57 185.39 50.47 98.64
12:56:58 155.96 50.47 98.64
12:56:59 122.29 50.47 98.64
12:57:00 104.45 50.47 98.64
12:57:01 69.77 50.47 98.64
12:57:02 45.33 50.47 98.64
12:57:03 29.17 50.47 98.64
12:57:04 18.60 50.47 98.64
12:57:05 11.74 50.47 98.64
12:57:06 7.72 50.47 98.64
12:57:07 4.86 50.47 98.66
12:57:08 2.87 50.47 98.64
12:57:09 1.73 50.47 98.64
12:57:10 0.07 50.47 98.66
12:57:11 -0.03 50.47 98.64
12:57:12 -0.77 50.47 98.64
12:57:13 -1.85 50.47 98.66
12:57:14 -2.12 50.47 98.66
12:57:15 -2.04 50.47 98.66
12:57:16 -3.37 50.47 98.64
12:57:17 -2.82 50.47 98.64
12:57:18 -3.09 50.47 98.64
12:57:19 -3.36 50.47 98.64
12:57:20 -3.47 50.47 98.66
12:57:21 -3.53 50.47 98.64
12:57:22 -3.65 50.47 98.64
12:57:23 -3.52 50.47 98.64
12:57:24 -3.69 50.47 98.64
12:57:25 -2.93 50.47 98.64
12:57:26 -0.33 50.47 98.64
12:57:27 11.95 50.47 98.64
12:57:28 41.17 50.47 98.64
12:57:29 90.69 50.47 98.64
12:57:30 149.10 50.47 98.66
12:57:31 196.01 50.47 98.64
12:57:32 216.15 50.47 98.64
12:57:33 206.33 50.47 98.64
12:57:34 177.05 50.47 98.64
12:57:35 139.40 50.47 98.64
12:57:36 102.31 50.47 98.64
12:57:37 68.21 50.47 98.64
12:57:38 43.82 50.47 98.64
12:57:39 28.37 50.47 98.64
12:57:40 18.40 50.47 98.64
12:57:41 12.12 50.47 98.64
12:57:42 8.10 50.47 98.64
12:57:43 5.20 50.47 98.64
12:57:44 3.91 50.47 98.64
12:57:45 2.60 50.47 98.64
12:57:46 1.10 50.47 98.64
12:57:47 0.56 50.47 98.64
12:57:48 -0.63 50.47 98.64
12:57:49 -1.07 50.47 98.64
12:57:50 -1.87 50.47 98.64
12:57:51 -1.74 50.47 98.64
12:57:52 -2.49 50.47 98.64
12:57:53 -2.42 50.47 98.64
12:57:54 -2.82 50.47 98.64
12:57:55 -3.09 50.47 98.64
12:57:56 -2.83 50.47 98.64
12:57:57 -3.10 50.47 98.64
12:57:58 -3.70 50.47 98.64
12:57:59 -3.92 50.47 98.64
12:58:00 -3.39 50.47 98.64
12:58:01 -3.69 50.47 98.64
12:58:02 -3.46 50.47 98.64
12:58:03 -3.87 50.47 98.64
12:58:04 -3.98 50.47 98.64
12:58:05 -3.81 50.47 98.64
12:58:06 -4.00 50.47 98.64
12:58:07 -3.68 50.47 98.66
12:58:08 -3.83 50.47 98.64
12:58:09 -4.05 50.47 98.64
12:58:10 -3.76 50.47 98.64
12:58:11 -4.05 50.47 98.64
12:58:12 -3.84 50.47 98.66
12:58:13 -4.09 50.47 98.64
12:58:14 -4.11 50.47 98.64
12:58:15 -4.33 50.47 98.64
12:58:16 -4.11 50.47 98.66
12:58:17 -4.11 50.47 98.64
12:58:18 -4.14 50.47 98.64
12:58:19 -4.28 50.47 98.64
12:58:20 -3.99 50.47 98.64
12:58:21 -4.14 50.47 98.64
12:58:22 -4.31 50.47 98.64
12:58:23 -3.97 50.47 98.64
12:58:24 -3.94 50.47 98.64
12:58:25 -4.34 50.47 98.64
12:58:26 -4.29 50.47 98.64
12:58:27 -4.19 50.47 98.64
12:58:28 -4.15 50.47 98.64
12:58:29 -4.13 50.47 98.64
12:58:30 -4.22 50.47 98.64
12:58:31 -4.19 50.47 98.64
12:58:32 -3.80 50.47 98.64
12:58:33 -3.77 50.47 98.64
12:58:34 -4.09 50.47 98.64
12:58:35 -4.61 50.47 98.64
12:58:36 -4.33 50.47 98.64
12:58:37 -4.21 50.47 98.64
12:58:38 -4.15 50.47 98.64
12:58:39 -4.39 50.47 98.64
12:58:40 -4.26 50.47 98.64
12:58:41 -3.78 50.47 98.64
12:58:42 -4.40 50.47 98.64
12:58:43 -4.09 50.47 98.64
12:58:44 -4.05 50.47 98.64
12:58:45 -4.43 50.47 98.64
12:58:46 -3.88 50.47 98.64
12:58:47 -4.29 50.47 98.64
12:58:48 -4.29 50.47 98.64
12:58:49 -4.32 50.47 98.64
12:58:50 -4.16 50.47 98.64
12:58:51 -4.82 50.47 98.64
12:58:52 -4.07 50.47 98.64
12:58:53 -4.12 50.47 98.64
12:58:54 -4.35 50.47 98.64
12:58:55 -4.04 50.47 98.64
12:58:56 -4.23 50.47 98.64
12:58:57 -3.86 50.47 98.64
12:58:58 -4.37 50.47 98.66
12:58:59 -4.41 50.47 98.64
12:59:00 -4.30 50.47 98.64
12:59:01 -4.08 50.47 98.64
12:59:02 -4.25 50.47 98.64
12:59:03 -3.92 50.47 98.64
12:59:04 -4.49 50.47 98.64
12:59:05 -4.52 50.47 98.66
12:59:06 -4.38 50.47 98.64
12:59:07 -2.81 50.47 98.64
12:59:08 7.97 50.47 98.64
12:59:09 41.46 50.47 98.64
12:59:10 102.76 50.47 98.64
12:59:11 142.93 50.47 98.64
12:59:12 230.37 50.47 98.64
12:59:13 298.01 50.47 98.64
12:59:14 323.70 50.47 98.64
12:59:15 305.45 50.47 98.64
12:59:16 260.20 50.47 98.64
12:59:17 204.10 50.47 98.64
12:59:18 147.19 50.47 98.64
12:59:19 97.96 50.47 98.64
12:59:20 63.32 50.47 98.64
12:59:21 41.82 50.47 98.64
12:59:22 28.02 50.47 98.64
12:59:23 18.92 50.47 98.64
12:59:24 12.97 50.47 98.64
12:59:25 9.23 50.47 98.64
12:59:26 6.63 50.47 98.64
12:59:27 4.66 50.47 98.64
12:59:28 2.81 50.47 98.64
12:59:29 1.66 50.47 98.64
12:59:30 1.21 50.47 98.64
12:59:31 0.26 50.47 98.64
12:59:32 -0.07 50.47 98.64
12:59:33 -0.82 50.47 98.64
12:59:34 -1.26 50.47 98.64
12:59:35 -1.94 50.47 98.64
12:59:36 -2.24 50.47 98.64
12:59:37 -2.62 50.47 98.64
12:59:38 -2.59 50.47 98.64
12:59:39 -2.60 50.47 98.64
12:59:40 -2.93 50.47 98.64
12:59:41 -3.01 50.47 98.64
12:59:42 -3.28 50.47 98.64
12:59:43 -3.36 50.47 98.64
12:59:44 -3.27 50.47 98.64
12:59:45 -1.65 50.47 98.64
12:59:46 8.48 50.47 98.64
12:59:47 38.69 50.47 98.64
12:59:48 101.26 50.47 98.64
12:59:49 191.81 50.47 98.64
12:59:50 287.19 50.47 98.64
12:59:51 349.64 50.47 98.64
12:59:52 362.75 50.47 98.64
12:59:53 332.82 50.47 98.64
12:59:54 306.68 50.47 98.64
12:59:55 246.16 50.47 98.64
12:59:56 186.03 50.47 98.64
12:59:57 135.26 50.47 98.64
12:59:58 90.18 50.47 98.64
12:59:59 60.42 50.47 98.64
13:00:00 41.27 50.47 98.64
13:00:01 29.10 50.47 98.64
13:00:02 20.78 50.47 98.64
13:00:03 15.11 50.47 98.64
13:00:04 11.38 50.47 98.64
13:00:05 8.35 50.47 98.64
13:00:06 6.23 50.47 98.64
13:00:07 4.79 50.47 98.64
13:00:08 3.37 50.47 98.64
13:00:09 2.05 50.47 98.64
13:00:10 1.02 50.47 98.64
13:00:11 0.20 50.47 98.66
13:00:12 -0.42 50.47 98.64
13:00:13 -0.59 50.47 98.64
13:00:14 -1.56 50.47 98.64
13:00:15 -1.93 50.47 98.66
13:00:16 -2.22 50.47 98.66
13:00:17 -2.22 50.47 98.64
13:00:18 -2.18 50.47 98.64
13:00:19 -2.68 50.47 98.66
13:00:20 -2.78 50.47 98.64
13:00:21 -2.84 50.47 98.64
13:00:22 -2.92 50.47 98.64
13:00:23 -3.07 50.47 98.64
13:00:24 -3.22 50.47 98.64
13:00:25 -2.82 50.47 98.64
13:00:26 -1.28 50.47 98.64
13:00:27 7.98 50.47 98.64
13:00:28 30.03 50.47 98.64
13:00:29 69.71 50.47 98.64
13:00:30 117.43 50.47 98.64
13:00:31 158.54 50.47 98.64
13:00:32 179.07 50.47 98.64
13:00:33 174.89 50.47 98.64
13:00:34 152.27 50.47 98.64
13:00:35 122.51 50.47 98.64
13:00:36 92.36 50.47 98.64
13:00:37 76.05 50.47 98.64
13:00:38 50.13 50.47 98.66
13:00:39 33.63 50.47 98.64
13:00:40 22.30 50.47 98.64
13:00:41 14.85 50.47 98.66
13:00:42 10.29 50.47 98.66
13:00:43 6.95 50.47 98.66
13:00:44 4.51 50.47 98.66
13:00:45 2.91 50.47 98.66
13:00:46 1.73 50.47 98.64
13:00:47 0.74 50.47 98.64
13:00:48 -0.17 50.47 98.66
13:00:49 -0.60 50.47 98.66
13:00:50 -1.37 50.47 98.66
13:00:51 -1.67 50.47 98.66
13:00:52 -2.52 50.47 98.66
13:00:53 -2.69 50.47 98.66
13:00:54 -2.44 50.47 98.66
13:00:55 -2.88 50.47 98.66
13:00:56 -2.58 50.47 98.66
13:00:57 -3.23 50.47 98.66
13:00:58 -3.31 50.47 98.64
13:00:59 -3.27 50.47 98.64
13:01:00 -3.41 50.47 98.64
13:01:01 -3.27 50.47 98.64
13:01:02 -2.79 50.47 98.64
13:01:03 -0.32 50.47 98.66
13:01:04 6.81 50.47 98.66
13:01:05 20.49 50.47 98.66
13:01:06 40.82 50.47 98.66
13:01:07 59.48 50.47 98.66
13:01:08 71.36 50.47 98.64
13:01:09 72.54 50.47 98.64
13:01:10 65.35 50.47 98.64
13:01:11 52.77 50.47 98.64
13:01:12 39.17 50.47 98.64
13:01:13 25.50 50.47 98.66
13:01:14 15.32 50.47 98.66
13:01:15 8.90 50.47 98.66
13:01:16 4.43 50.47 98.66
13:01:17 1.75 50.47 98.66
13:01:18 0.19 50.47 98.66
13:01:19 -1.33 50.47 98.64
13:01:20 -1.79 50.47 98.64
13:01:21 -2.06 50.47 98.66
13:01:22 -2.54 50.47 98.66
13:01:23 -2.93 50.47 98.66
13:01:24 -3.28 50.47 98.66
13:01:25 -3.44 50.47 98.66
13:01:26 -3.62 50.47 98.66
13:01:27 -3.50 50.47 98.66
13:01:28 -4.12 50.47 98.66
13:01:29 -4.00 50.47 98.66
13:01:30 -3.86 50.47 98.66
13:01:31 -3.87 50.47 98.66
13:01:32 -3.84 50.47 98.66
13:01:33 -4.02 50.47 98.66
13:01:34 -4.21 50.47 98.66
13:01:35 -4.52 50.47 98.66
13:01:36 -3.78 50.47 98.66
13:01:37 -2.72 50.47 98.66
13:01:38 2.98 50.47 98.66
13:01:39 20.05 50.47 98.64
13:01:40 54.64 50.47 98.64
13:01:41 104.27 50.47 98.66
13:01:42 129.85 50.47 98.66
13:01:43 173.62 50.47 98.66
13:01:44 194.27 50.47 98.66
13:01:45 187.83 50.47 98.66
13:01:46 162.57 50.47 98.66
13:01:47 129.00 50.47 98.64
13:01:48 94.57 50.47 98.64
13:01:49 61.53 50.47 98.66
13:01:50 39.00 50.47 98.66
13:01:51 23.59 50.47 98.66
13:01:52 14.23 50.47 98.66
13:01:53 8.07 50.47 98.66
13:01:54 4.50 50.47 98.66
13:01:55 1.49 50.47 98.66
13:01:56 -0.06 50.47 98.66
13:01:57 -0.82 50.47 98.66
13:01:58 -1.75 50.47 98.66
13:01:59 -2.31 50.47 98.66
13:02:00 -2.69 50.47 98.66
13:02:01 -2.92 50.47 98.66
13:02:02 -3.27 50.47 98.66
13:02:03 -3.81 50.47 98.66
13:02:04 -4.12 50.47 98.66
13:02:05 -3.56 50.47 98.66
13:02:06 -3.83 50.47 98.66
13:02:07 -3.89 50.47 98.66
13:02:08 -3.77 50.47 98.66
13:02:09 -3.90 50.47 98.66
13:02:10 -4.01 50.47 98.66
13:02:11 -4.20 50.47 98.66
13:02:12 -4.34 50.47 98.66
13:02:13 -4.22 50.47 98.66
13:02:14 -4.21 50.47 98.66
13:02:15 -4.09 50.47 98.66
13:02:16 -3.96 50.47 98.66
13:02:17 -4.10 50.47 98.66
13:02:18 -4.04 50.47 98.66
13:02:19 -4.36 50.47 98.66
13:02:20 -3.82 50.47 98.66
13:02:21 -4.75 50.47 98.66
13:02:22 -3.80 50.47 98.66
13:02:23 -4.03 50.47 98.66
13:02:24 -4.32 50.47 98.66
13:02:25 -4.37 50.47 98.66
13:02:26 -4.51 50.47 98.66
13:02:27 -4.24 50.47 98.66
13:02:28 -4.39 50.47 98.66
13:02:29 -4.38 50.47 98.66
13:02:30 -4.11 50.47 98.66
13:02:31 -4.07 50.47 98.66
13:02:32 -4.29 50.47 98.66
13:02:33 -3.97 50.47 98.66
13:02:34 -4.30 50.47 98.66
13:02:35 -4.07 50.47 98.66
13:02:36 -4.29 50.47 98.66
13:02:37 -4.23 50.47 98.66
13:02:38 -4.04 50.47 98.66
13:02:39 -4.24 50.47 98.66
13:02:40 -4.29 50.47 98.66
13:02:41 -4.29 50.47 98.66
13:02:42 -4.16 50.47 98.66
13:02:43 -4.33 50.47 98.66
13:02:44 -4.07 50.47 98.66
13:02:45 -4.34 50.47 98.66
13:02:46 -4.23 50.47 98.66
13:02:47 -4.46 50.47 98.66
13:02:48 -3.90 50.47 98.66
13:02:49 1.06 50.47 98.66
13:02:50 25.78 50.47 98.66
13:02:51 99.47 50.47 98.66
13:02:52 250.84 50.47 98.66
13:02:53 464.72 50.47 98.66
13:02:54 674.97 50.47 98.66
13:02:55 803.04 50.47 98.66
13:02:56 817.45 50.47 98.66
13:02:57 737.65 50.47 98.66
13:02:58 604.15 50.47 98.66
13:02:59 464.77 50.47 98.66
13:03:00 321.50 50.47 98.66
13:03:01 210.64 50.47 98.66
13:03:02 138.58 50.47 98.66
13:03:03 90.21 50.47 98.66
13:03:04 59.77 50.47 98.66
13:03:05 41.04 50.47 98.66
13:03:06 28.81 50.47 98.66
13:03:07 20.27 50.47 98.66
13:03:08 14.93 50.47 98.66
13:03:09 12.37 50.47 98.66
13:03:10 9.75 50.47 98.66
13:03:11 6.40 50.47 98.66
13:03:12 4.60 50.47 98.66
13:03:13 3.08 50.47 98.66
13:03:14 2.16 50.47 98.66
13:03:15 0.93 50.47 98.66
13:03:16 0.50 50.47 98.66
13:03:17 -0.26 50.47 98.66
13:03:18 -1.58 50.47 98.66
13:03:19 -1.25 50.47 98.66
13:03:20 -1.84 50.47 98.66
13:03:21 -2.30 50.47 98.66
13:03:22 -2.19 50.47 98.66
13:03:23 -2.77 50.47 98.66
13:03:24 -2.46 50.47 98.66
13:03:25 -2.94 50.47 98.66
13:03:26 -2.80 50.47 98.66
13:03:27 -2.68 50.47 98.66
13:03:28 -3.28 50.47 98.66
13:03:29 -3.11 50.47 98.66
13:03:30 -1.88 50.47 98.66
13:03:31 -0.10 50.47 98.66
13:03:32 10.32 50.47 98.66
13:03:33 35.57 50.47 98.66
13:03:34 77.90 50.47 98.66
13:03:35 128.97 50.47 98.66
13:03:36 168.53 50.47 98.66
13:03:37 187.36 50.47 98.66
13:03:38 179.25 50.47 98.66
13:03:39 153.81 50.47 98.66
13:03:40 121.46 50.47 98.66
13:03:41 88.42 50.47 98.66
13:03:42 58.48 50.47 98.66
13:03:43 37.10 50.47 98.66
13:03:44 24.06 50.47 98.66
13:03:45 15.58 50.47 98.66
13:03:46 10.17 50.47 98.66
13:03:47 6.51 50.47 98.66
13:03:48 3.97 50.47 98.66
13:03:49 2.50 50.47 98.66
13:03:50 0.69 50.47 98.66
13:03:51 0.19 50.47 98.66
13:03:52 -0.68 50.47 98.66
13:03:53 -0.98 50.47 98.66
13:03:54 -1.51 50.47 98.64
13:03:55 -1.70 50.47 98.64
13:03:56 -2.27 50.47 98.66
13:03:57 -2.80 50.47 98.66
13:03:58 -2.39 50.47 98.66
13:03:59 -2.99 50.47 98.66
13:04:00 -3.20 50.47 98.66
13:04:01 -3.11 50.47 98.66
13:04:02 -3.19 50.47 98.66
13:04:03 -3.50 50.47 98.64
13:04:04 -3.57 50.47 98.64
13:04:05 -3.73 50.47 98.66
13:04:06 -3.72 50.47 98.64
13:04:07 -3.60 50.47 98.64
13:04:08 -3.79 50.47 98.64
13:04:09 -3.44 50.47 98.64
13:04:10 -4.00 50.47 98.64
13:04:11 -4.19 50.47 98.64
13:04:12 -3.62 50.47 98.64
13:04:13 -3.76 50.47 98.64
13:04:14 -4.01 50.47 98.64
13:04:15 -4.08 50.47 98.64
13:04:16 -4.21 50.47 98.64
13:04:17 -3.90 50.47 98.64
13:04:18 -4.27 50.47 98.64
13:04:19 -3.70 50.47 98.64
13:04:20 -3.75 50.47 98.64
13:04:21 -0.99 50.47 98.64
13:04:22 8.22 50.47 98.64
13:04:23 28.79 50.47 98.64
13:04:24 61.18 50.47 98.64
13:04:25 97.01 50.47 98.64
13:04:26 124.73 50.47 98.64
13:04:27 134.61 50.47 98.64
13:04:28 126.32 50.47 98.64
13:04:29 106.50 50.47 98.64
13:04:30 83.09 50.47 98.64
13:04:31 58.56 50.47 98.64
13:04:32 37.56 50.47 98.64
13:04:33 23.57 50.47 98.64
13:04:34 14.28 50.47 98.64
13:04:35 8.57 50.47 98.64
13:04:36 6.53 50.47 98.64
13:04:37 3.99 50.47 98.64
13:04:38 1.59 50.47 98.64
13:04:39 0.58 50.47 98.64
13:04:40 -0.75 50.47 98.64
13:04:41 -1.14 50.47 98.64
13:04:42 -1.70 50.47 98.64
13:04:43 -2.13 50.47 98.64
13:04:44 -2.41 50.47 98.64
13:04:45 -3.06 50.47 98.64
13:04:46 -3.10 50.47 98.64
13:04:47 -2.93 50.47 98.64
13:04:48 -3.46 50.47 98.64
13:04:49 -3.64 50.47 98.64
13:04:50 -3.74 50.47 98.64
13:04:51 -3.63 50.47 98.64
13:04:52 -3.65 50.47 98.64
13:04:53 -3.69 50.47 98.64
13:04:54 -3.44 50.47 98.64
13:04:55 -2.76 50.47 98.64
13:04:56 1.96 50.47 98.64
13:04:57 17.27 50.47 98.64
13:04:58 31.10 50.47 98.64
13:04:59 71.54 50.47 98.63
13:05:00 119.83 50.47 98.63
13:05:01 161.47 50.47 98.63
13:05:02 181.12 50.47 98.63
13:05:03 175.80 50.47 98.64
13:05:04 152.16 50.47 98.64
13:05:05 120.89 50.47 98.64
13:05:06 88.99 50.47 98.64
13:05:07 58.94 50.47 98.64
13:05:08 38.10 50.47 98.64
13:05:09 24.31 50.47 98.64
13:05:10 15.11 50.47 98.64
13:05:11 9.45 50.47 98.64
13:05:12 6.28 50.47 98.64
13:05:13 3.54 50.47 98.64
13:05:14 2.05 50.47 98.64
13:05:15 0.62 50.47 98.63
13:05:16 -0.30 50.47 98.63
13:05:17 -1.40 50.47 98.63
13:05:18 -1.43 50.47 98.63
13:05:19 -1.90 50.47 98.63
13:05:20 -2.58 50.47 98.63
13:05:21 -2.77 50.47 98.64
13:05:22 -2.89 50.47 98.63
13:05:23 -3.07 50.47 98.63
13:05:24 -3.14 50.47 98.64
13:05:25 -3.29 50.47 98.64
13:05:26 -3.22 50.47 98.63
13:05:27 -3.84 50.47 98.63
13:05:28 -3.38 50.47 98.63
13:05:29 -4.02 50.47 98.63
13:05:30 -3.52 50.47 98.63
13:05:31 -2.47 50.47 98.63
13:05:32 1.08 50.47 98.63
13:05:33 10.79 50.47 98.63
13:05:34 28.59 50.47 98.63
13:05:35 50.74 50.47 98.63
13:05:36 70.07 50.47 98.63
13:05:37 79.97 50.47 98.63
13:05:38 78.91 50.47 98.63
13:05:39 68.15 50.47 98.63
13:05:40 54.09 50.47 98.63
13:05:41 46.91 50.47 98.63
13:05:42 31.11 50.47 98.63
13:05:43 19.44 50.47 98.63
13:05:44 11.38 50.47 98.63
13:05:45 6.14 50.47 98.63
13:05:46 2.91 50.47 98.63
13:05:47 1.29 50.47 98.63
13:05:48 -0.28 50.47 98.63
13:05:49 -1.22 50.47 98.63
13:05:50 -1.74 50.47 98.63
13:05:51 -2.51 50.47 98.63
13:05:52 -2.90 50.47 98.63
13:05:53 -2.71 50.47 98.63
13:05:54 -3.24 50.47 98.63
13:05:55 -3.13 50.47 98.63
13:05:56 -3.58 50.47 98.63
13:05:57 -3.65 50.47 98.63
13:05:58 -3.79 50.47 98.63
13:05:59 -3.82 50.47 98.63
13:06:00 -3.68 50.47 98.63
13:06:01 -4.13 50.47 98.63
13:06:02 -3.99 50.47 98.63
13:06:03 -3.76 50.47 98.63
13:06:04 -4.06 50.47 98.63
13:06:05 -4.25 50.47 98.63
13:06:06 -4.06 50.47 98.63
13:06:07 -3.91 50.47 98.63
13:06:08 -4.14 50.47 98.63
13:06:09 -4.31 50.47 98.63
13:06:10 -4.33 50.47 98.63
13:06:11 -3.92 50.47 98.63
13:06:12 -4.26 50.47 98.63
13:06:13 -3.94 50.47 98.63
13:06:14 -4.39 50.47 98.63
13:06:15 -4.43 50.47 98.63
13:06:16 -4.36 50.47 98.63
13:06:17 -4.20 50.47 98.63
13:06:18 -4.13 50.47 98.63
13:06:19 -4.04 50.47 98.63
13:06:20 -4.42 50.47 98.63
13:06:21 -4.23 50.47 98.63
13:06:22 -4.31 50.47 98.63
13:06:23 -4.38 50.47 98.63
13:06:24 -4.21 50.47 98.63
13:06:25 -3.74 50.47 98.63
13:06:26 -4.43 50.47 98.63
13:06:27 -4.22 50.47 98.63
13:06:28 -4.25 50.47 98.63
13:06:29 -4.37 50.47 98.63
13:06:30 -4.37 50.47 98.63
13:06:31 -4.38 50.47 98.63
13:06:32 -4.27 50.47 98.62
13:06:33 -4.34 50.47 98.62
13:06:34 -4.43 50.47 98.62
13:06:35 -4.25 50.47 98.62
13:06:36 -4.30 50.47 98.62
13:06:37 -4.25 50.47 98.62
13:06:38 -3.75 50.47 98.62
13:06:39 -1.19 50.47 98.62
13:06:40 8.09 50.47 98.62
13:06:41 27.68 50.47 98.62
13:06:42 56.64 50.47 98.62
13:06:43 87.70 50.47 98.62
13:06:44 109.46 50.47 98.62
13:06:45 115.34 50.47 98.62
13:06:46 112.33 50.47 98.62
13:06:47 98.58 50.47 98.62
13:06:48 78.83 50.47 98.62
13:06:49 57.76 50.47 98.62
13:06:50 38.37 50.47 98.62
13:06:51 24.19 50.47 98.62
13:06:52 14.99 50.47 98.62
13:06:53 9.30 50.47 98.62
13:06:54 5.51 50.47 98.62
13:06:55 3.26 50.47 98.62
13:06:56 1.56 50.47 98.62
13:06:57 0.16 50.47 98.62
13:06:58 -0.77 50.47 98.62
13:06:59 -1.31 50.47 98.62
13:07:00 -1.71 50.47 98.62
13:07:01 -2.13 50.47 98.63
13:07:02 -2.10 50.47 98.62
13:07:03 -2.86 50.47 98.62
13:07:04 -3.26 50.47 98.62
13:07:05 -3.59 50.47 98.62
13:07:06 -3.09 50.47 98.62
13:07:07 -3.62 50.47 98.62
13:07:08 -3.49 50.47 98.62
13:07:09 -3.26 50.47 98.62
13:07:10 -4.07 50.47 98.62
13:07:11 -3.53 50.47 98.62
13:07:12 -3.77 50.47 98.62
13:07:13 -3.99 50.47 98.62
13:07:14 -3.50 50.47 98.62
13:07:15 -1.11 50.47 98.62
13:07:16 7.75 50.47 98.62
13:07:17 29.26 50.47 98.62
13:07:18 64.96 50.47 98.62
13:07:19 108.74 50.47 98.62
13:07:20 144.25 50.47 98.62
13:07:21 161.41 50.47 98.62
13:07:22 155.89 50.47 98.62
13:07:23 134.40 50.47 98.62
13:07:24 105.87 50.47 98.62
13:07:25 78.44 50.47 98.62
13:07:26 54.02 50.47 98.62
13:07:27 36.31 50.47 98.62
13:07:28 23.68 50.47 98.62
13:07:29 14.69 50.47 98.62
13:07:30 11.89 50.47 98.62
13:07:31 7.21 50.47 98.62
13:07:32 3.45 50.47 98.62
13:07:33 0.68 50.47 98.62
13:07:34 -0.72 50.47 98.62
13:07:35 -1.61 50.47 98.62
13:07:36 -2.36 50.47 98.62
13:07:37 -2.54 50.47 98.62
13:07:38 -2.93 50.47 98.62
13:07:39 -3.44 50.47 98.62
13:07:40 -3.22 50.47 98.62
13:07:41 -3.66 50.47 98.62
13:07:42 -3.95 50.47 98.62
13:07:43 -3.75 50.47 98.62
13:07:44 -3.92 50.47 98.62
13:07:45 -4.67 50.47 98.62
13:07:46 -4.02 50.47 98.62
13:07:47 -4.33 50.47 98.62
13:07:48 -4.02 50.47 98.62
13:07:49 -4.04 50.47 98.62
13:07:50 -3.99 50.47 98.62
13:07:51 -4.29 50.47 98.62
13:07:52 -4.24 50.47 98.62
13:07:53 -4.45 50.47 98.62
13:07:54 -4.19 50.47 98.62
13:07:55 -3.66 50.47 98.60
13:07:56 -1.47 50.47 98.60
13:07:57 9.39 50.47 98.60
13:07:58 35.91 50.47 98.60
13:07:59 83.41 50.47 98.60
13:08:00 144.03 50.47 98.60
13:08:01 197.91 50.47 98.62
13:08:02 225.94 50.47 98.62
13:08:03 224.77 50.47 98.62
13:08:04 198.06 50.47 98.62
13:08:05 159.84 50.47 98.62
13:08:06 117.70 50.47 98.62
13:08:07 77.84 50.47 98.62
13:08:08 49.15 50.47 98.62
13:08:09 29.77 50.47 98.62
13:08:10 17.82 50.47 98.62
13:08:11 10.11 50.47 98.62
13:08:12 5.32 50.47 98.60
13:08:13 3.79 50.47 98.60
13:08:14 1.47 50.47 98.60
13:08:15 -0.47 50.47 98.62
13:08:16 -1.04 50.47 98.60
13:08:17 -1.98 50.47 98.60
13:08:18 -2.84 50.47 98.62
13:08:19 -2.91 50.47 98.62
13:08:20 -3.54 50.47 98.62
13:08:21 -3.74 50.47 98.62
13:08:22 -3.77 50.47 98.62
13:08:23 -3.80 50.47 98.62
13:08:24 -3.90 50.47 98.60
13:08:25 -4.21 50.47 98.60
13:08:26 -4.07 50.47 98.60
13:08:27 -4.08 50.47 98.60
13:08:28 -4.10 50.47 98.60
13:08:29 -4.21 50.47 98.60
13:08:30 -3.78 50.47 98.60
13:08:31 -1.41 50.47 98.60
13:08:32 4.74 50.47 98.60
13:08:33 18.83 50.47 98.60
13:08:34 39.27 50.47 98.60
13:08:35 50.38 50.47 98.60
13:08:36 69.72 50.47 98.60
13:08:37 79.57 50.47 98.60
13:08:38 78.26 50.47 98.60
13:08:39 67.94 50.47 98.60
13:08:40 53.50 50.47 98.60
13:08:41 38.49 50.47 98.60
13:08:42 26.56 50.47 98.60
13:08:43 15.65 50.47 98.62
13:08:44 8.72 50.47 98.60
13:08:45 4.69 50.47 98.60
13:08:46 1.75 50.47 98.60
13:08:47 0.05 50.47 98.62
13:08:48 -0.73 50.47 98.62
13:08:49 -1.67 50.47 98.62
13:08:50 -2.33 50.47 98.62
13:08:51 -2.36 50.47 98.62
13:08:52 -2.84 50.47 98.62
13:08:53 -3.57 50.47 98.62
13:08:54 -3.61 50.47 98.62
13:08:55 -3.44 50.47 98.60
13:08:56 -3.78 50.47 98.60
13:08:57 -3.82 50.47 98.62
13:08:58 -3.77 50.47 98.60
13:08:59 -3.98 50.47 98.60
13:09:00 -4.07 50.47 98.62
13:09:01 -3.83 50.47 98.62
13:09:02 -4.21 50.47 98.62
13:09:03 -4.27 50.47 98.60
13:09:04 -4.29 50.47 98.60
13:09:05 -4.04 50.47 98.60
13:09:06 -4.00 50.47 98.60
13:09:07 -4.06 50.47 98.60
13:09:08 -4.27 50.47 98.60
13:09:09 -4.40 50.47 98.60
13:09:10 -4.08 50.47 98.60
13:09:11 -3.85 50.47 98.60
13:09:12 -0.79 50.47 98.60
13:09:13 11.25 50.47 98.60
13:09:14 40.72 50.47 98.60
13:09:15 91.23 50.47 98.60
13:09:16 152.23 50.47 98.60
13:09:17 202.93 50.47 98.60
13:09:18 219.07 50.47 98.60
13:09:19 225.91 50.47 98.60
13:09:20 204.61 50.47 98.60
13:09:21 168.19 50.47 98.60
13:09:22 128.69 50.47 98.60
13:09:23 90.90 50.47 98.60
13:09:24 58.36 50.47 98.60
13:09:25 36.82 50.47 98.60
13:09:26 23.19 50.47 98.60
13:09:27 14.78 50.47 98.60
13:09:28 9.05 50.47 98.60
13:09:29 5.80 50.47 98.60
13:09:30 3.20 50.47 98.60
13:09:31 1.70 50.47 98.60
13:09:32 0.47 50.47 98.60
13:09:33 -0.85 50.47 98.60
13:09:34 -0.85 50.47 98.60
13:09:35 -1.58 50.47 98.60
13:09:36 -2.42 50.47 98.60
13:09:37 -2.27 50.47 98.60
13:09:38 -2.72 50.47 98.60
13:09:39 -3.16 50.47 98.60
13:09:40 -3.23 50.47 98.60
13:09:41 -3.37 50.47 98.60
13:09:42 -3.71 50.47 98.60
13:09:43 -3.55 50.47 98.60
13:09:44 -3.62 50.47 98.60
13:09:45 -3.50 50.47 98.60
13:09:46 -3.40 50.47 98.60
13:09:47 -4.03 50.47 98.60
13:09:48 -3.86 50.47 98.60
13:09:49 -4.18 50.47 98.60
13:09:50 -3.93 50.47 98.60
13:09:51 -3.63 50.47 98.60
13:09:52 -4.31 50.47 98.60
13:09:53 -4.08 50.47 98.60
13:09:54 -3.65 50.47 98.60
13:09:55 -4.26 50.47 98.60
13:09:56 -3.83 50.47 98.60
13:09:57 -4.01 50.47 98.60
13:09:58 -4.29 50.47 98.60
13:09:59 -4.18 50.47 98.60
13:10:00 -4.30 50.47 98.60
13:10:01 -4.19 50.47 98.60
