"2016-05-10 at 11:59"
Time(H:M:S) CO2(ppm) CellTemp(c) CellPres(kPa)
11:59:31 -4.42 50.47 99.17
11:59:32 -4.47 50.47 99.17
11:59:33 -4.11 50.47 99.17
11:59:34 -4.46 50.47 99.17
11:59:35 -4.51 50.47 99.17
11:59:36 -4.48 50.47 99.17
11:59:37 -4.29 50.47 99.17
11:59:38 -4.33 50.47 99.17
11:59:39 -4.18 50.47 99.17
11:59:40 -4.53 50.47 99.17
11:59:41 -4.17 50.47 99.17
11:59:42 -4.05 50.47 99.17
11:59:43 -4.77 50.47 99.17
11:59:44 -4.68 50.47 99.17
11:59:45 -4.02 50.47 99.17
11:59:46 -4.34 50.47 99.17
11:59:47 -4.46 50.47 99.17
11:59:48 -4.23 50.47 99.17
11:59:49 -4.27 50.47 99.17
11:59:50 -4.29 50.47 99.17
11:59:51 -4.29 50.47 99.17
11:59:52 -4.39 50.47 99.17
11:59:53 -4.59 50.47 99.17
11:59:54 -4.37 50.47 99.17
11:59:55 -4.28 50.47 99.17
11:59:56 -4.37 50.47 99.17
11:59:57 -4.30 50.47 99.17
11:59:58 -4.40 50.47 99.17
11:59:59 -4.53 50.47 99.17
12:00:00 -4.22 50.47 99.17
12:00:01 -4.70 50.47 99.17
12:00:02 -4.27 50.47 99.17
12:00:03 -4.56 50.47 99.17
12:00:04 -4.32 50.47 99.17
12:00:05 -4.37 50.47 99.17
12:00:06 -4.40 50.47 99.17
12:00:07 -4.17 50.47 99.17
12:00:08 -4.25 50.47 99.17
12:00:09 -4.53 50.47 99.17
12:00:10 -4.03 50.47 99.17
12:00:11 -2.34 50.47 99.17
12:00:12 5.99 50.47 99.17
12:00:13 28.86 50.47 99.17
12:00:14 72.11 50.47 99.17
12:00:15 129.17 50.47 99.17
12:00:16 180.66 50.47 99.17
12:00:17 208.54 50.47 99.17
12:00:18 205.98 50.47 99.17
12:00:19 180.86 50.47 99.17
12:00:20 144.91 50.47 99.17
12:00:21 107.49 50.47 99.17
12:00:22 90.84 50.47 99.17
12:00:23 63.92 50.47 99.17
12:00:24 41.55 50.47 99.17
12:00:25 25.90 50.47 99.17
12:00:26 15.97 50.47 99.17
12:00:27 10.18 50.47 99.17
12:00:28 6.45 50.47 99.17
12:00:29 3.67 50.47 99.17
12:00:30 2.04 50.47 99.17
12:00:31 0.58 50.47 99.17
12:00:32 -0.16 50.47 99.17
12:00:33 -1.31 50.47 99.17
12:00:34 -1.56 50.47 99.17
12:00:35 -2.00 50.47 99.17
12:00:36 -2.08 50.47 99.17
12:00:37 -2.87 50.47 99.17
12:00:38 -3.19 50.47 99.17
12:00:39 -2.95 50.47 99.17
12:00:40 -3.43 50.47 99.17
12:00:41 -3.62 50.47 99.17
12:00:42 -3.39 50.47 99.17
12:00:43 -3.52 50.47 99.17
12:00:44 -3.45 50.47 99.17
12:00:45 -3.68 50.47 99.17
12:00:46 -4.09 50.47 99.17
12:00:47 -2.59 50.47 99.17
12:00:48 1.63 50.47 99.17
12:00:49 15.03 50.47 99.17
12:00:50 41.44 50.47 99.17
12:00:51 76.07 50.47 99.17
12:00:52 108.89 50.47 99.17
12:00:53 128.19 50.47 99.17
12:00:54 128.67 50.47 99.17
12:00:55 114.46 50.47 99.17
12:00:56 89.74 50.47 99.17
12:00:57 62.73 50.47 99.17
12:00:58 41.90 50.47 99.17
12:00:59 26.89 50.47 99.17
12:01:00 16.29 50.47 99.17
12:01:01 10.10 50.47 99.17
12:01:02 6.29 50.47 99.17
12:01:03 3.36 50.47 99.17
12:01:04 1.70 50.47 99.17
12:01:05 0.55 50.47 99.17
12:01:06 0.19 50.47 99.17
12:01:07 -0.92 50.47 99.17
12:01:08 -1.44 50.47 99.17
12:01:09 -1.89 50.47 99.17
12:01:10 -2.14 50.47 99.17
12:01:11 -3.05 50.47 99.17
12:01:12 -3.00 50.47 99.17
12:01:13 -3.14 50.47 99.17
12:01:14 -3.30 50.47 99.17
12:01:15 -3.21 50.47 99.17
12:01:16 -3.21 50.47 99.17
12:01:17 -3.48 50.47 99.17
12:01:18 -3.37 50.47 99.17
12:01:19 -3.67 50.47 99.15
12:01:20 -3.58 50.47 99.15
12:01:21 -1.41 50.47 99.17
12:01:22 5.34 50.47 99.17
12:01:23 18.36 50.47 99.17
12:01:24 36.69 50.47 99.17
12:01:25 55.82 50.47 99.17
12:01:26 67.92 50.47 99.17
12:01:27 70.02 50.47 99.17
12:01:28 67.07 50.47 99.17
12:01:29 57.15 50.47 99.17
12:01:30 44.24 50.47 99.17
12:01:31 31.81 50.47 99.17
12:01:32 21.74 50.47 99.17
12:01:33 13.51 50.47 99.17
12:01:34 8.51 50.47 99.17
12:01:35 4.76 50.47 99.17
12:01:36 2.13 50.47 99.17
12:01:37 0.79 50.47 99.17
12:01:38 -0.51 50.47 99.17
12:01:39 -1.78 50.47 99.17
12:01:40 -2.18 50.47 99.17
12:01:41 -2.18 50.47 99.17
12:01:42 -2.80 50.47 99.17
12:01:43 -3.31 50.47 99.17
12:01:44 -3.09 50.47 99.17
12:01:45 -3.30 50.47 99.17
12:01:46 -3.82 50.47 99.17
12:01:47 -4.04 50.47 99.17
12:01:48 -4.00 50.47 99.17
12:01:49 -3.71 50.47 99.17
12:01:50 -4.03 50.47 99.17
12:01:51 -3.88 50.47 99.17
12:01:52 -3.57 50.47 99.17
12:01:53 -4.06 50.47 99.17
12:01:54 -3.89 50.47 99.17
12:01:55 -4.10 50.47 99.15
12:01:56 -3.85 50.47 99.15
12:01:57 -2.75 50.47 99.17
12:01:58 0.60 50.47 99.17
12:01:59 7.86 50.47 99.17
12:02:00 17.66 50.47 99.17
12:02:01 27.97 50.47 99.17
12:02:02 34.33 50.47 99.17
12:02:03 35.39 50.47 99.17
12:02:04 30.96 50.47 99.15
12:02:05 24.28 50.47 99.15
12:02:06 17.20 50.47 99.15
12:02:07 11.62 50.47 99.15
12:02:08 6.48 50.47 99.15
12:02:09 2.97 50.47 99.17
12:02:10 0.50 50.47 99.17
12:02:11 -0.36 50.47 99.17
12:02:12 -1.75 50.47 99.17
12:02:13 -1.98 50.47 99.17
12:02:14 -2.84 50.47 99.17
12:02:15 -2.81 50.47 99.17
12:02:16 -3.42 50.47 99.17
12:02:17 -3.26 50.47 99.17
12:02:18 -3.76 50.47 99.17
12:02:19 -3.45 50.47 99.17
12:02:20 -3.68 50.47 99.17
12:02:21 -4.40 50.47 99.17
12:02:22 -3.61 50.47 99.17
12:02:23 -4.10 50.47 99.17
12:02:24 -3.94 50.47 99.15
12:02:25 -4.32 50.47 99.15
12:02:26 -3.90 50.47 99.17
12:02:27 -4.47 50.47 99.17
12:02:28 -4.02 50.47 99.17
12:02:29 -4.15 50.47 99.17
12:02:30 -4.23 50.47 99.17
12:02:31 -2.82 50.47 99.17
12:02:32 -1.76 50.47 99.15
12:02:33 1.84 50.47 99.15
12:02:34 8.09 50.47 99.15
12:02:35 15.34 50.47 99.15
12:02:36 20.70 50.47 99.15
12:02:37 22.92 50.47 99.17
12:02:38 21.28 50.47 99.17
12:02:39 17.24 50.47 99.17
12:02:40 12.07 50.47 99.17
12:02:41 6.44 50.47 99.17
12:02:42 2.86 50.47 99.17
12:02:43 0.11 50.47 99.17
12:02:44 -1.23 50.47 99.17
12:02:45 -1.56 50.47 99.17
12:02:46 -3.03 50.47 99.17
12:02:47 -2.88 50.47 99.17
12:02:48 -3.20 50.47 99.17
12:02:49 -3.89 50.47 99.17
12:02:50 -4.17 50.47 99.17
12:02:51 -3.90 50.47 99.17
12:02:52 -3.59 50.47 99.17
12:02:53 -4.36 50.47 99.17
12:02:54 -4.11 50.47 99.17
12:02:55 -3.83 50.47 99.17
12:02:56 -4.21 50.47 99.17
12:02:57 -4.01 50.47 99.17
12:02:58 -4.28 50.47 99.17
12:02:59 -4.30 50.47 99.17
12:03:00 -4.46 50.47 99.17
12:03:01 -4.15 50.47 99.17
12:03:02 -4.44 50.47 99.17
12:03:03 -4.39 50.47 99.17
12:03:04 -3.70 50.47 99.17
12:03:05 -2.49 50.47 99.17
12:03:06 0.19 50.47 99.17
12:03:07 3.56 50.47 99.17
12:03:08 6.04 50.47 99.17
12:03:09 7.44 50.47 99.15
12:03:10 7.57 50.47 99.15
12:03:11 5.35 50.47 99.17
12:03:12 3.61 50.47 99.17
12:03:13 0.65 50.47 99.17
12:03:14 -0.58 50.47 99.17
12:03:15 -1.74 50.47 99.17
12:03:16 -2.04 50.47 99.17
12:03:17 -2.96 50.47 99.17
12:03:18 -3.34 50.47 99.17
12:03:19 -3.75 50.47 99.17
12:03:20 -3.80 50.47 99.17
12:03:21 -4.00 50.47 99.17
12:03:22 -4.00 50.47 99.17
12:03:23 -4.01 50.47 99.17
12:03:24 -4.22 50.47 99.17
12:03:25 -4.11 50.47 99.17
12:03:26 -4.40 50.47 99.17
12:03:27 -4.21 50.47 99.17
12:03:28 -4.23 50.47 99.17
12:03:29 -4.40 50.47 99.17
12:03:30 -4.53 50.47 99.17
12:03:31 -4.26 50.47 99.17
12:03:32 -4.07 50.47 99.17
12:03:33 -4.05 50.47 99.17
12:03:34 -4.31 50.47 99.17
12:03:35 -4.15 50.47 99.17
12:03:36 -4.61 50.47 99.17
12:03:37 -3.87 50.47 99.17
12:03:38 -4.18 50.47 99.17
12:03:39 -3.63 50.47 99.17
12:03:40 1.10 50.47 99.17
12:03:41 20.24 50.47 99.17
12:03:42 68.19 50.47 99.17
12:03:43 150.39 50.47 99.17
12:03:44 250.86 50.47 99.17
12:03:45 334.87 50.47 99.17
12:03:46 372.26 50.47 99.17
12:03:47 359.09 50.47 99.17
12:03:48 310.03 50.47 99.17
12:03:49 246.49 50.47 99.17
12:03:50 186.08 50.47 99.17
12:03:51 128.02 50.47 99.17
12:03:52 85.12 50.47 99.17
12:03:53 57.02 50.47 99.17
12:03:54 38.58 50.47 99.17
12:03:55 26.89 50.47 99.17
12:03:56 19.10 50.47 99.17
12:03:57 13.76 50.47 99.17
12:03:58 10.39 50.47 99.17
12:03:59 9.03 50.47 99.17
12:04:00 6.22 50.47 99.17
12:04:01 4.61 50.47 99.17
12:04:02 3.11 50.47 99.17
12:04:03 1.88 50.47 99.17
12:04:04 1.01 50.47 99.17
12:04:05 0.04 50.47 99.17
12:04:06 -0.47 50.47 99.17
12:04:07 -1.08 50.47 99.17
12:04:08 -1.34 50.47 99.17
12:04:09 -1.72 50.47 99.17
12:04:10 -1.89 50.47 99.17
12:04:11 -2.28 50.47 99.17
12:04:12 -2.84 50.47 99.17
12:04:13 -3.04 50.47 99.17
12:04:14 -2.72 50.47 99.17
12:04:15 -3.17 50.47 99.17
12:04:16 -3.46 50.47 99.17
12:04:17 -3.18 50.47 99.17
12:04:18 -3.34 50.47 99.17
12:04:19 -3.40 50.47 99.17
12:04:20 -3.60 50.47 99.17
12:04:21 -3.59 50.47 99.17
12:04:22 -2.28 50.47 99.17
12:04:23 5.96 50.47 99.17
12:04:24 38.15 50.47 99.17
12:04:25 116.81 50.47 99.17
12:04:26 247.02 50.47 99.17
12:04:27 402.91 50.47 99.17
12:04:28 524.10 50.47 99.17
12:04:29 571.75 50.47 99.17
12:04:30 543.36 50.47 99.17
12:04:31 462.89 50.47 99.17
12:04:32 363.99 50.47 99.17
12:04:33 268.47 50.47 99.17
12:04:34 177.43 50.47 99.17
12:04:35 116.47 50.47 99.17
12:04:36 75.39 50.47 99.17
12:04:37 48.63 50.47 99.17
12:04:38 32.36 50.47 99.17
12:04:39 22.10 50.47 99.17
12:04:40 15.49 50.47 99.17
12:04:41 10.23 50.47 99.17
12:04:42 7.39 50.47 99.17
12:04:43 6.34 50.47 99.17
12:04:44 4.04 50.47 99.17
12:04:45 2.94 50.47 99.17
12:04:46 1.29 50.47 99.17
12:04:47 0.42 50.47 99.17
12:04:48 -0.27 50.47 99.17
12:04:49 -0.98 50.47 99.17
12:04:50 -1.25 50.47 99.17
12:04:51 -2.15 50.47 99.17
12:04:52 -2.05 50.47 99.17
12:04:53 -2.58 50.47 99.17
12:04:54 -2.68 50.47 99.17
12:04:55 -2.58 50.47 99.17
12:04:56 -3.01 50.47 99.17
12:04:57 -3.68 50.47 99.17
12:04:58 -2.99 50.47 99.17
12:04:59 -3.01 50.47 99.17
12:05:00 -1.86 50.47 99.17
12:05:01 7.37 50.47 99.17
12:05:02 40.67 50.47 99.17
12:05:03 119.69 50.47 99.17
12:05:04 178.41 50.47 99.15
12:05:05 320.41 50.47 99.15
12:05:06 457.87 50.47 99.15
12:05:07 536.78 50.47 99.15
12:05:08 539.98 50.47 99.17
12:05:09 482.62 50.47 99.17
12:05:10 393.38 50.47 99.17
12:05:11 301.87 50.47 99.17
12:05:12 214.74 50.47 99.17
12:05:13 143.80 50.47 99.17
12:05:14 96.42 50.47 99.17
12:05:15 65.39 50.47 99.17
12:05:16 45.50 50.47 99.17
12:05:17 32.22 50.47 99.17
12:05:18 23.78 50.47 99.17
12:05:19 18.21 50.47 99.17
12:05:20 13.60 50.47 99.17
12:05:21 10.70 50.47 99.17
12:05:22 7.72 50.47 99.17
12:05:23 6.02 50.47 99.17
12:05:24 4.67 50.47 99.17
12:05:25 2.75 50.47 99.17
12:05:26 2.40 50.47 99.17
12:05:27 1.62 50.47 99.17
12:05:28 0.84 50.47 99.17
12:05:29 0.03 50.47 99.17
12:05:30 -0.15 50.47 99.17
12:05:31 -0.81 50.47 99.17
12:05:32 -1.37 50.47 99.17
12:05:33 -2.06 50.47 99.17
12:05:34 -2.32 50.47 99.17
12:05:35 -1.92 50.47 99.17
12:05:36 -2.29 50.47 99.17
12:05:37 -2.71 50.47 99.17
12:05:38 -2.52 50.47 99.17
12:05:39 -2.92 50.47 99.17
12:05:40 -3.15 50.47 99.17
12:05:41 -3.39 50.47 99.17
12:05:42 -2.62 50.47 99.15
12:05:43 -2.45 50.47 99.15
12:05:44 2.97 50.47 99.15
12:05:45 25.02 50.47 99.15
12:05:46 77.78 50.47 99.17
12:05:47 168.17 50.47 99.17
12:05:48 221.92 50.47 99.17
12:05:49 323.24 50.47 99.17
12:05:50 388.39 50.47 99.17
12:05:51 396.19 50.47 99.17
12:05:52 356.72 50.47 99.17
12:05:53 292.45 50.47 99.17
12:05:54 223.65 50.47 99.15
12:05:55 160.22 50.47 99.15
12:05:56 104.02 50.47 99.17
12:05:57 67.48 50.47 99.17
12:05:58 44.76 50.47 99.17
12:05:59 29.35 50.47 99.17
12:06:00 20.05 50.47 99.17
12:06:01 13.72 50.47 99.17
12:06:02 9.85 50.47 99.17
12:06:03 6.65 50.47 99.17
12:06:04 4.70 50.47 99.17
12:06:05 2.90 50.47 99.17
12:06:06 2.17 50.47 99.17
12:06:07 0.86 50.47 99.17
12:06:08 -0.11 50.47 99.17
12:06:09 -0.25 50.47 99.17
12:06:10 -1.13 50.47 99.17
12:06:11 -1.99 50.47 99.17
12:06:12 -1.86 50.47 99.17
12:06:13 -2.33 50.47 99.17
12:06:14 -2.36 50.47 99.17
12:06:15 -2.85 50.47 99.17
12:06:16 -2.68 50.47 99.17
12:06:17 -3.04 50.47 99.17
12:06:18 -3.18 50.47 99.17
12:06:19 -3.56 50.47 99.17
12:06:20 -2.36 50.47 99.17
12:06:21 3.10 50.47 99.17
12:06:22 23.35 50.47 99.15
12:06:23 74.66 50.47 99.15
12:06:24 161.29 50.47 99.17
12:06:25 265.01 50.47 99.17
12:06:26 349.73 50.47 99.15
12:06:27 385.48 50.47 99.15
12:06:28 369.40 50.47 99.15
12:06:29 316.70 50.47 99.17
12:06:30 251.59 50.47 99.17
12:06:31 218.75 50.47 99.17
12:06:32 156.95 50.47 99.17
12:06:33 104.28 50.47 99.17
12:06:34 69.62 50.47 99.17
12:06:35 47.17 50.47 99.17
12:06:36 32.76 50.47 99.17
12:06:37 23.84 50.47 99.17
12:06:38 16.91 50.47 99.17
12:06:39 12.97 50.47 99.17
12:06:40 9.55 50.47 99.17
12:06:41 6.90 50.47 99.17
12:06:42 5.28 50.47 99.17
12:06:43 4.06 50.47 99.17
12:06:44 2.44 50.47 99.17
12:06:45 1.60 50.47 99.17
12:06:46 0.62 50.47 99.17
12:06:47 0.05 50.47 99.17
12:06:48 -0.64 50.47 99.17
12:06:49 -1.26 50.47 99.17
12:06:50 -1.24 50.47 99.17
12:06:51 -2.19 50.47 99.17
12:06:52 -1.79 50.47 99.17
12:06:53 -2.45 50.47 99.17
12:06:54 -2.68 50.47 99.17
12:06:55 -2.79 50.47 99.17
12:06:56 -3.25 50.47 99.17
12:06:57 -2.72 50.47 99.17
12:06:58 -3.21 50.47 99.17
12:06:59 -3.09 50.47 99.17
12:07:00 -3.37 50.47 99.17
12:07:01 -3.34 50.47 99.17
12:07:02 -3.63 50.47 99.17
12:07:03 -1.61 50.47 99.15
12:07:04 4.65 50.47 99.15
12:07:05 20.70 50.47 99.17
12:07:06 49.75 50.47 99.17
12:07:07 84.39 50.47 99.17
12:07:08 115.24 50.47 99.17
12:07:09 129.48 50.47 99.17
12:07:10 125.39 50.47 99.15
12:07:11 108.24 50.47 99.15
12:07:12 85.34 50.47 99.17
12:07:13 63.18 50.47 99.17
12:07:14 42.19 50.47 99.17
12:07:15 33.35 50.47 99.17
12:07:16 20.42 50.47 99.17
12:07:17 12.56 50.47 99.17
12:07:18 7.27 50.47 99.17
12:07:19 3.90 50.47 99.17
12:07:20 2.11 50.47 99.17
12:07:21 0.68 50.47 99.17
12:07:22 0.01 50.47 99.17
12:07:23 -1.34 50.47 99.17
12:07:24 -1.75 50.47 99.17
12:07:25 -2.20 50.47 99.17
12:07:26 -2.72 50.47 99.17
12:07:27 -2.95 50.47 99.17
12:07:28 -2.57 50.47 99.17
12:07:29 -3.00 50.47 99.17
12:07:30 -3.92 50.47 99.17
12:07:31 -3.43 50.47 99.17
12:07:32 -3.72 50.47 99.15
12:07:33 -3.46 50.47 99.15
12:07:34 -3.83 50.47 99.17
12:07:35 -3.76 50.47 99.17
12:07:36 -3.71 50.47 99.15
12:07:37 -3.77 50.47 99.15
12:07:38 -3.75 50.47 99.15
12:07:39 -3.87 50.47 99.15
12:07:40 -1.43 50.47 99.15
12:07:41 8.85 50.47 99.15
12:07:42 38.90 50.47 99.17
12:07:43 95.01 50.47 99.17
12:07:44 170.85 50.47 99.17
12:07:45 242.36 50.47 99.17
12:07:46 284.49 50.47 99.17
12:07:47 285.37 50.47 99.17
12:07:48 254.44 50.47 99.17
12:07:49 206.78 50.47 99.17
12:07:50 157.41 50.47 99.17
12:07:51 107.70 50.47 99.17
12:07:52 70.94 50.47 99.17
12:07:53 47.03 50.47 99.17
12:07:54 31.09 50.47 99.17
12:07:55 21.19 50.47 99.17
12:07:56 14.51 50.47 99.17
12:07:57 9.94 50.47 99.17
12:07:58 8.43 50.47 99.17
12:07:59 5.71 50.47 99.17
12:08:00 3.93 50.47 99.17
12:08:01 2.70 50.47 99.17
12:08:02 1.15 50.47 99.17
12:08:03 0.28 50.47 99.17
12:08:04 -0.58 50.47 99.17
12:08:05 -0.64 50.47 99.17
12:08:06 -1.54 50.47 99.17
12:08:07 -2.22 50.47 99.17
12:08:08 -1.73 50.47 99.17
12:08:09 -2.87 50.47 99.17
12:08:10 -2.87 50.47 99.17
12:08:11 -2.78 50.47 99.17
12:08:12 -2.98 50.47 99.17
12:08:13 -3.07 50.47 99.17
12:08:14 -3.18 50.47 99.17
12:08:15 -3.43 50.47 99.17
12:08:16 -3.03 50.47 99.17
12:08:17 -3.64 50.47 99.17
12:08:18 -2.79 50.47 99.17
12:08:19 2.44 50.47 99.17
12:08:20 10.61 50.47 99.15
12:08:21 46.37 50.47 99.15
12:08:22 123.01 50.47 99.15
12:08:23 233.97 50.47 99.15
12:08:24 348.21 50.47 99.15
12:08:25 424.27 50.47 99.15
12:08:26 438.22 50.47 99.17
12:08:27 400.53 50.47 99.17
12:08:28 330.36 50.47 99.17
12:08:29 254.51 50.47 99.17
12:08:30 179.54 50.47 99.17
12:08:31 119.03 50.47 99.17
12:08:32 77.23 50.47 99.17
12:08:33 50.46 50.47 99.17
12:08:34 33.19 50.47 99.17
12:08:35 22.86 50.47 99.17
12:08:36 15.62 50.47 99.17
12:08:37 11.05 50.47 99.17
12:08:38 7.17 50.47 99.17
12:08:39 5.18 50.47 99.17
12:08:40 3.30 50.47 99.17
12:08:41 1.83 50.47 99.17
12:08:42 1.47 50.47 99.17
12:08:43 0.52 50.47 99.17
12:08:44 -0.22 50.47 99.17
12:08:45 -1.07 50.47 99.17
12:08:46 -1.60 50.47 99.17
12:08:47 -1.63 50.47 99.17
12:08:48 -2.18 50.47 99.17
12:08:49 -2.12 50.47 99.17
12:08:50 -2.50 50.47 99.17
12:08:51 -2.78 50.47 99.17
12:08:52 -3.07 50.47 99.17
12:08:53 -2.83 50.47 99.17
12:08:54 -3.40 50.47 99.17
12:08:55 -3.34 50.47 99.17
12:08:56 -3.58 50.47 99.17
12:08:57 -3.43 50.47 99.17
12:08:58 -3.41 50.47 99.17
12:08:59 -3.45 50.47 99.17
12:09:00 -3.72 50.47 99.17
12:09:01 -3.84 50.47 99.17
12:09:02 -3.78 50.47 99.17
12:09:03 -3.70 50.47 99.17
12:09:04 -3.63 50.47 99.17
12:09:05 -3.69 50.47 99.17
12:09:06 -3.76 50.47 99.17
12:09:07 -3.86 50.47 99.17
12:09:08 -4.07 50.47 99.17
12:09:09 -4.17 50.47 99.17
12:09:10 -3.93 50.47 99.17
12:09:11 -3.91 50.47 99.17
12:09:12 -4.06 50.47 99.17
12:09:13 -4.04 50.47 99.17
12:09:14 -4.17 50.47 99.17
12:09:15 -3.94 50.47 99.17
12:09:16 -3.92 50.47 99.17
12:09:17 -4.47 50.47 99.17
12:09:18 -4.29 50.47 99.17
12:09:19 -4.15 50.47 99.17
12:09:20 -4.13 50.47 99.17
12:09:21 -4.26 50.47 99.17
12:09:22 -4.01 50.47 99.17
12:09:23 -4.19 50.47 99.17
12:09:24 -4.35 50.47 99.17
12:09:25 -4.19 50.47 99.17
12:09:26 -4.09 50.47 99.17
12:09:27 -4.18 50.47 99.17
12:09:28 -4.07 50.47 99.17
12:09:29 -4.45 50.47 99.17
12:09:30 -4.04 50.47 99.17
12:09:31 -4.29 50.47 99.17
12:09:32 -3.94 50.47 99.17
12:09:33 -4.16 50.47 99.17
12:09:34 -4.14 50.47 99.17
12:09:35 -3.91 50.47 99.17
12:09:36 -4.01 50.47 99.17
12:09:37 -4.05 50.47 99.17
12:09:38 -2.64 50.47 99.15
12:09:39 3.55 50.47 99.15
12:09:40 23.44 50.47 99.17
12:09:41 64.25 50.47 99.17
12:09:42 120.62 50.47 99.17
12:09:43 178.40 50.47 99.15
12:09:44 213.91 50.47 99.15
12:09:45 219.72 50.47 99.17
12:09:46 199.58 50.47 99.17
12:09:47 182.70 50.47 99.17
12:09:48 144.76 50.47 99.17
12:09:49 108.32 50.47 99.17
12:09:50 74.90 50.47 99.17
12:09:51 48.57 50.47 99.17
12:09:52 31.99 50.47 99.17
12:09:53 20.85 50.47 99.17
12:09:54 14.10 50.47 99.17
12:09:55 9.47 50.47 99.17
12:09:56 6.21 50.47 99.17
12:09:57 4.33 50.47 99.17
12:09:58 2.54 50.47 99.17
12:09:59 1.59 50.47 99.17
12:10:00 0.15 50.47 99.17
12:10:01 -0.32 50.47 99.17
12:10:02 -1.10 50.47 99.17
12:10:03 -1.13 50.47 99.17
12:10:04 -1.71 50.47 99.17
12:10:05 -2.51 50.47 99.17
12:10:06 -2.51 50.47 99.17
12:10:07 -2.66 50.47 99.17
12:10:08 -2.84 50.47 99.17
12:10:09 -3.04 50.47 99.17
12:10:10 -3.07 50.47 99.17
12:10:11 -3.49 50.47 99.17
12:10:12 -2.97 50.47 99.17
12:10:13 -3.44 50.47 99.17
12:10:14 -3.78 50.47 99.17
12:10:15 -2.97 50.47 99.17
12:10:16 0.26 50.47 99.17
12:10:17 14.51 50.47 99.17
12:10:18 50.13 50.47 99.17
12:10:19 113.75 50.47 99.17
12:10:20 192.01 50.47 99.17
12:10:21 259.76 50.47 99.17
12:10:22 293.30 50.47 99.17
12:10:23 286.01 50.47 99.15
12:10:24 249.96 50.47 99.15
12:10:25 200.30 50.47 99.15
12:10:26 150.68 50.47 99.15
12:10:27 102.34 50.47 99.17
12:10:28 68.52 50.47 99.17
12:10:29 45.57 50.47 99.17
12:10:30 37.31 50.47 99.17
12:10:31 24.76 50.47 99.17
12:10:32 17.72 50.47 99.17
12:10:33 12.10 50.47 99.17
12:10:34 8.88 50.47 99.17
12:10:35 6.03 50.47 99.17
12:10:36 4.59 50.47 99.17
12:10:37 2.72 50.47 99.17
12:10:38 1.58 50.47 99.17
12:10:39 0.61 50.47 99.17
12:10:40 -0.11 50.47 99.17
12:10:41 -0.72 50.47 99.17
12:10:42 -0.78 50.47 99.17
12:10:43 -1.64 50.47 99.17
12:10:44 -2.13 50.47 99.17
12:10:45 -2.21 50.47 99.17
12:10:46 -2.60 50.47 99.17
12:10:47 -2.87 50.47 99.17
12:10:48 -3.06 50.47 99.17
12:10:49 -2.55 50.47 99.17
12:10:50 -3.30 50.47 99.17
12:10:51 -3.37 50.47 99.17
12:10:52 -3.08 50.47 99.17
12:10:53 -3.46 50.47 99.17
12:10:54 -3.54 50.47 99.17
12:10:55 -3.61 50.47 99.15
12:10:56 -3.73 50.47 99.15
12:10:57 -3.86 50.47 99.15
12:10:58 -3.71 50.47 99.15
12:10:59 -3.71 50.47 99.15
12:11:00 -2.58 50.47 99.15
12:11:01 3.81 50.47 99.17
12:11:02 21.67 50.47 99.17
12:11:03 57.02 50.47 99.15
12:11:04 104.70 50.47 99.15
12:11:05 150.61 50.47 99.17
12:11:06 178.81 50.47 99.17
12:11:07 181.97 50.47 99.17
12:11:08 163.05 50.47 99.17
12:11:09 133.70 50.47 99.15
12:11:10 101.53 50.47 99.15
12:11:11 71.37 50.47 99.17
12:11:12 46.58 50.47 99.17
12:11:13 37.43 50.47 99.17
12:11:14 24.43 50.47 99.17
12:11:15 16.44 50.47 99.17
12:11:16 10.44 50.47 99.17
12:11:17 6.63 50.47 99.17
12:11:18 4.90 50.47 99.17
12:11:19 2.91 50.47 99.17
12:11:20 1.33 50.47 99.17
12:11:21 0.80 50.47 99.17
12:11:22 -0.41 50.47 99.17
12:11:23 -1.17 50.47 99.17
12:11:24 -1.51 50.47 99.17
12:11:25 -1.88 50.47 99.17
12:11:26 -2.11 50.47 99.17
12:11:27 -2.10 50.47 99.17
12:11:28 -2.77 50.47 99.17
12:11:29 -3.22 50.47 99.17
12:11:30 -3.18 50.47 99.17
12:11:31 -3.44 50.47 99.17
12:11:32 -3.69 50.47 99.17
12:11:33 -3.53 50.47 99.17
12:11:34 -3.43 50.47 99.17
12:11:35 -3.44 50.47 99.17
12:11:36 -3.80 50.47 99.17
12:11:37 -3.43 50.47 99.17
12:11:38 -3.82 50.47 99.17
12:11:39 -3.26 50.47 99.17
12:11:40 -1.18 50.47 99.17
12:11:41 3.87 50.47 99.17
12:11:42 12.64 50.47 99.17
12:11:43 23.64 50.47 99.17
12:11:44 32.93 50.47 99.17
12:11:45 36.99 50.47 99.17
12:11:46 36.01 50.47 99.17
12:11:47 30.34 50.47 99.17
12:11:48 22.99 50.47 99.17
12:11:49 16.18 50.47 99.17
12:11:50 9.25 50.47 99.17
12:11:51 4.30 50.47 99.17
12:11:52 1.34 50.47 99.17
12:11:53 -0.38 50.47 99.17
12:11:54 -1.42 50.47 99.17
12:11:55 -2.26 50.47 99.17
12:11:56 -2.58 50.47 99.17
12:11:57 -3.07 50.47 99.17
12:11:58 -3.09 50.47 99.17
12:11:59 -3.84 50.47 99.17
12:12:00 -3.40 50.47 99.17
12:12:01 -4.18 50.47 99.17
12:12:02 -3.92 50.47 99.17
12:12:03 -3.73 50.47 99.17
12:12:04 -3.93 50.47 99.17
12:12:05 -4.22 50.47 99.17
12:12:06 -4.03 50.47 99.17
12:12:07 -4.10 50.47 99.17
12:12:08 -4.19 50.47 99.17
12:12:09 -4.59 50.47 99.17
12:12:10 -4.10 50.47 99.17
12:12:11 -4.26 50.47 99.17
12:12:12 -4.12 50.47 99.17
12:12:13 -4.22 50.47 99.17
12:12:14 -4.33 50.47 99.17
12:12:15 -4.25 50.47 99.17
12:12:16 -3.32 50.47 99.17
12:12:17 0.79 50.47 99.17
12:12:18 18.87 50.47 99.17
12:12:19 37.65 50.47 99.17
12:12:20 100.66 50.47 99.17
12:12:21 192.92 50.47 99.17
12:12:22 288.90 50.47 99.17
12:12:23 353.79 50.47 99.17
12:12:24 368.65 50.47 99.17
12:12:25 338.35 50.47 99.17
12:12:26 281.88 50.47 99.17
12:12:27 218.57 50.47 99.17
12:12:28 152.66 50.47 99.17
12:12:29 102.44 50.47 99.17
12:12:30 68.10 50.47 99.17
12:12:31 45.01 50.47 99.17
12:12:32 30.56 50.47 99.17
12:12:33 21.34 50.47 99.17
12:12:34 14.91 50.47 99.17
12:12:35 11.01 50.47 99.17
12:12:36 7.96 50.47 99.17
12:12:37 5.22 50.47 99.17
12:12:38 3.51 50.47 99.17
12:12:39 2.63 50.47 99.17
12:12:40 1.77 50.47 99.17
12:12:41 0.81 50.47 99.17
12:12:42 0.01 50.47 99.17
12:12:43 -0.70 50.47 99.17
12:12:44 -0.99 50.47 99.17
12:12:45 -1.91 50.47 99.17
12:12:46 -2.19 50.47 99.17
12:12:47 -2.30 50.47 99.17
12:12:48 -2.73 50.47 99.17
12:12:49 -2.62 50.47 99.17
12:12:50 -2.85 50.47 99.17
12:12:51 -2.98 50.47 99.17
12:12:52 -3.26 50.47 99.17
12:12:53 -3.36 50.47 99.15
12:12:54 -3.43 50.47 99.15
12:12:55 -3.33 50.47 99.17
12:12:56 -1.82 50.47 99.17
12:12:57 3.37 50.47 99.17
12:12:58 18.01 50.47 99.17
12:12:59 42.11 50.47 99.17
12:13:00 72.24 50.47 99.17
12:13:01 98.14 50.47 99.17
12:13:02 106.13 50.47 99.17
12:13:03 111.48 50.47 99.17
12:13:04 102.20 50.47 99.17
12:13:05 83.95 50.47 99.17
12:13:06 64.62 50.47 99.17
12:13:07 45.02 50.47 99.17
12:13:08 28.74 50.47 99.17
12:13:09 17.77 50.47 99.17
12:13:10 10.95 50.47 99.17
12:13:11 6.15 50.47 99.17
12:13:12 3.34 50.47 99.17
12:13:13 1.37 50.47 99.17
12:13:14 0.02 50.47 99.18
12:13:15 -1.11 50.47 99.17
12:13:16 -1.43 50.47 99.17
12:13:17 -2.26 50.47 99.17
12:13:18 -2.22 50.47 99.17
12:13:19 -2.78 50.47 99.17
12:13:20 -3.09 50.47 99.17
12:13:21 -3.14 50.47 99.17
12:13:22 -2.84 50.47 99.17
12:13:23 -3.78 50.47 99.17
12:13:24 -3.79 50.47 99.17
12:13:25 -3.64 50.47 99.17
12:13:26 -3.46 50.47 99.17
12:13:27 -3.58 50.47 99.17
12:13:28 -4.23 50.47 99.17
12:13:29 -4.04 50.47 99.17
12:13:30 -4.21 50.47 99.17
12:13:31 -3.98 50.47 99.17
12:13:32 -3.95 50.47 99.17
12:13:33 -3.90 50.47 99.17
12:13:34 -4.30 50.47 99.17
12:13:35 -4.40 50.47 99.17
12:13:36 -3.94 50.47 99.17
12:13:37 -3.85 50.47 99.17
12:13:38 -2.30 50.47 99.17
12:13:39 7.68 50.47 99.17
12:13:40 38.92 50.47 99.17
12:13:41 102.23 50.47 99.17
12:13:42 194.53 50.47 99.17
12:13:43 288.79 50.47 99.17
12:13:44 349.66 50.47 99.17
12:13:45 361.93 50.47 99.17
12:13:46 349.88 50.47 99.17
12:13:47 302.61 50.47 99.17
12:13:48 240.94 50.47 99.17
12:13:49 176.87 50.47 99.17
12:13:50 117.65 50.47 99.17
12:13:51 76.36 50.47 99.17
12:13:52 49.93 50.47 99.17
12:13:53 31.91 50.47 99.17
12:13:54 20.61 50.47 99.17
12:13:55 13.90 50.47 99.17
12:13:56 9.28 50.47 99.17
12:13:57 6.18 50.47 99.17
12:13:58 3.92 50.47 99.17
12:13:59 2.23 50.47 99.17
12:14:00 0.95 50.47 99.17
12:14:01 -0.01 50.47 99.17
12:14:02 -0.78 50.47 99.17
12:14:03 -0.76 50.47 99.17
12:14:04 -1.76 50.47 99.17
12:14:05 -1.89 50.47 99.17
12:14:06 -2.25 50.47 99.17
12:14:07 -2.53 50.47 99.18
12:14:08 -3.16 50.47 99.18
12:14:09 -3.28 50.47 99.17
12:14:10 -2.94 50.47 99.17
12:14:11 -3.03 50.47 99.17
12:14:12 -3.61 50.47 99.17
12:14:13 -3.39 50.47 99.17
12:14:14 -3.71 50.47 99.17
12:14:15 -3.83 50.47 99.17
12:14:16 -3.89 50.47 99.17
12:14:17 -3.21 50.47 99.17
12:14:18 -0.30 50.47 99.17
12:14:19 8.64 50.47 99.17
12:14:20 29.99 50.47 99.17
12:14:21 62.22 50.47 99.17
12:14:22 98.15 50.47 99.17
12:14:23 124.41 50.47 99.17
12:14:24 133.08 50.47 99.17
12:14:25 124.83 50.47 99.17
12:14:26 104.88 50.47 99.17
12:14:27 81.52 50.47 99.17
12:14:28 57.90 50.47 99.17
12:14:29 46.92 50.47 99.17
12:14:30 29.99 50.47 99.17
12:14:31 18.86 50.47 99.17
12:14:32 12.39 50.47 99.17
12:14:33 7.58 50.47 99.17
12:14:34 4.61 50.47 99.17
12:14:35 2.74 50.47 99.17
12:14:36 1.08 50.47 99.17
12:14:37 -0.04 50.47 99.17
12:14:38 -0.58 50.47 99.17
12:14:39 -1.36 50.47 99.17
12:14:40 -1.69 50.47 99.17
12:14:41 -2.00 50.47 99.17
12:14:42 -2.52 50.47 99.17
12:14:43 -2.76 50.47 99.17
12:14:44 -3.13 50.47 99.17
12:14:45 -3.24 50.47 99.17
12:14:46 -3.55 50.47 99.17
12:14:47 -3.34 50.47 99.17
12:14:48 -3.39 50.47 99.17
12:14:49 -3.62 50.47 99.17
12:14:50 -3.78 50.47 99.17
12:14:51 -3.61 50.47 99.17
12:14:52 -4.08 50.47 99.17
12:14:53 -4.19 50.47 99.17
12:14:54 -3.99 50.47 99.17
12:14:55 -3.84 50.47 99.17
12:14:56 -3.86 50.47 99.17
12:14:57 -4.09 50.47 99.17
12:14:58 -3.97 50.47 99.17
12:14:59 -4.55 50.47 99.17
12:15:00 -4.18 50.47 99.17
12:15:01 -3.87 50.47 99.17
12:15:02 -4.30 50.47 99.17
12:15:03 -3.95 50.47 99.17
12:15:04 -3.95 50.47 99.17
12:15:05 -4.32 50.47 99.17
12:15:06 -4.18 50.47 99.17
12:15:07 -4.28 50.47 99.17
12:15:08 -4.25 50.47 99.17
12:15:09 -4.14 50.47 99.17
12:15:10 -4.19 50.47 99.17
12:15:11 -4.12 50.47 99.17
12:15:12 -4.18 50.47 99.17
12:15:13 -4.24 50.47 99.17
12:15:14 -4.10 50.47 99.17
12:15:15 -4.54 50.47 99.17
12:15:16 -3.69 50.47 99.17
12:15:17 -4.19 50.47 99.17
12:15:18 -4.01 50.47 99.17
12:15:19 -4.19 50.47 99.17
12:15:20 -4.65 50.47 99.17
12:15:21 -4.31 50.47 99.17
12:15:22 -4.16 50.47 99.17
12:15:23 -4.07 50.47 99.17
12:15:24 -4.25 50.47 99.17
12:15:25 -4.64 50.47 99.17
12:15:26 -4.28 50.47 99.17
12:15:27 -4.34 50.47 99.17
12:15:28 -4.49 50.47 99.17
12:15:29 -4.15 50.47 99.17
12:15:30 -4.53 50.47 99.17
12:15:31 -3.85 50.47 99.17
12:15:32 -4.33 50.47 99.17
12:15:33 -4.14 50.47 99.17
12:15:34 -4.33 50.47 99.17
12:15:35 -4.18 50.47 99.17
12:15:36 -4.42 50.47 99.17
12:15:37 -4.51 50.47 99.17
12:15:38 -4.38 50.47 99.17
12:15:39 -4.23 50.47 99.17
12:15:40 -4.59 50.47 99.17
12:15:41 -3.92 50.47 99.17
12:15:42 -4.38 50.47 99.17
12:15:43 -4.48 50.47 99.17
12:15:44 -4.24 50.47 99.17
12:15:45 -4.53 50.47 99.17
12:15:46 -4.85 50.47 99.18
12:15:47 -4.18 50.47 99.17
12:15:48 -4.38 50.47 99.17
12:15:49 -4.43 50.47 99.17
12:15:50 -4.51 50.47 99.17
12:15:51 -4.06 50.47 99.17
12:15:52 -4.39 50.47 99.17
12:15:53 -4.31 50.47 99.17
12:15:54 -4.20 50.47 99.17
12:15:55 -2.36 50.47 99.17
12:15:56 1.98 50.47 99.17
12:15:57 36.10 50.47 99.17
12:15:58 145.76 50.47 99.17
12:15:59 392.08 50.47 99.17
12:16:00 766.64 50.47 99.17
12:16:01 1161.51 50.47 99.17
12:16:02 1429.23 50.47 99.17
12:16:03 1501.10 50.47 99.17
12:16:04 1393.31 50.47 99.17
12:16:05 1169.04 50.47 99.17
12:16:06 913.48 50.47 99.17
12:16:07 676.81 50.47 99.17
12:16:08 465.97 50.47 99.17
12:16:09 302.35 50.47 99.17
12:16:10 198.50 50.47 99.17
12:16:11 132.15 50.47 99.17
12:16:12 89.18 50.47 99.17
12:16:13 61.95 50.47 99.17
12:16:14 44.21 50.47 99.17
12:16:15 32.86 50.47 99.17
12:16:16 24.75 50.47 99.17
12:16:17 21.56 50.47 99.17
12:16:18 16.16 50.47 99.17
12:16:19 12.03 50.47 99.17
12:16:20 9.81 50.47 99.17
12:16:21 7.06 50.47 99.17
12:16:22 5.11 50.47 99.17
12:16:23 3.94 50.47 99.17
12:16:24 2.69 50.47 99.17
12:16:25 1.77 50.47 99.17
12:16:26 0.79 50.47 99.17
12:16:27 0.45 50.47 99.17
12:16:28 -0.30 50.47 99.17
12:16:29 -0.85 50.47 99.17
12:16:30 -1.36 50.47 99.17
12:16:31 -1.12 50.47 99.17
12:16:32 -1.65 50.47 99.17
12:16:33 -2.23 50.47 99.17
12:16:34 -2.47 50.47 99.17
12:16:35 -2.56 50.47 99.17
12:16:36 -2.49 50.47 99.17
12:16:37 -2.74 50.47 99.17
12:16:38 -3.32 50.47 99.17
12:16:39 -3.02 50.47 99.17
12:16:40 -2.99 50.47 99.17
12:16:41 -3.55 50.47 99.17
12:16:42 -1.29 50.47 99.17
12:16:43 7.90 50.47 99.17
12:16:44 36.39 50.47 99.17
12:16:45 98.73 50.47 99.17
12:16:46 190.92 50.47 99.17
12:16:47 289.59 50.47 99.17
12:16:48 357.46 50.47 99.17
12:16:49 375.54 50.47 99.17
12:16:50 346.40 50.47 99.17
12:16:51 289.75 50.47 99.17
12:16:52 226.83 50.47 99.17
12:16:53 166.60 50.47 99.17
12:16:54 112.59 50.47 99.17
12:16:55 75.03 50.47 99.17
12:16:56 51.25 50.47 99.17
12:16:57 35.45 50.47 99.17
12:16:58 25.48 50.47 99.17
12:16:59 18.59 50.47 99.17
12:17:00 14.03 50.47 99.17
12:17:01 11.76 50.47 99.17
12:17:02 9.35 50.47 99.17
12:17:03 6.74 50.47 99.17
12:17:04 5.31 50.47 99.17
12:17:05 3.90 50.47 99.17
12:17:06 1.87 50.47 99.17
12:17:07 1.62 50.47 99.17
12:17:08 0.38 50.47 99.17
12:17:09 -0.23 50.47 99.17
12:17:10 -0.39 50.47 99.17
12:17:11 -1.40 50.47 99.18
12:17:12 -1.45 50.47 99.18
12:17:13 -2.11 50.47 99.17
12:17:14 -2.24 50.47 99.17
12:17:15 -2.32 50.47 99.17
12:17:16 -2.63 50.47 99.17
12:17:17 -2.51 50.47 99.17
12:17:18 -2.93 50.47 99.17
12:17:19 -2.38 50.47 99.17
12:17:20 -3.11 50.47 99.17
12:17:21 -3.14 50.47 99.17
12:17:22 -3.15 50.47 99.17
12:17:23 -0.81 50.47 99.17
12:17:24 10.57 50.47 99.17
12:17:25 45.37 50.47 99.17
12:17:26 114.61 50.47 99.17
12:17:27 214.39 50.47 99.17
12:17:28 313.26 50.47 99.17
12:17:29 376.45 50.47 99.17
12:17:30 387.74 50.47 99.17
12:17:31 352.42 50.47 99.17
12:17:32 290.27 50.47 99.17
12:17:33 224.28 50.47 99.17
12:17:34 156.14 50.47 99.17
12:17:35 104.01 50.47 99.17
12:17:36 68.35 50.47 99.17
12:17:37 45.39 50.47 99.17
12:17:38 31.13 50.47 99.17
12:17:39 21.23 50.47 99.17
12:17:40 14.83 50.47 99.17
12:17:41 10.48 50.47 99.18
12:17:42 7.62 50.47 99.17
12:17:43 5.28 50.47 99.17
12:17:44 4.31 50.47 99.17
12:17:45 2.69 50.47 99.17
12:17:46 1.53 50.47 99.17
12:17:47 0.44 50.47 99.17
12:17:48 0.03 50.47 99.17
12:17:49 -0.87 50.47 99.17
12:17:50 -0.71 50.47 99.18
12:17:51 -2.15 50.47 99.18
12:17:52 -2.19 50.47 99.18
12:17:53 -2.32 50.47 99.17
12:17:54 -2.60 50.47 99.17
12:17:55 -2.92 50.47 99.17
12:17:56 -2.81 50.47 99.17
12:17:57 -2.90 50.47 99.17
12:17:58 -3.32 50.47 99.17
12:17:59 -3.13 50.47 99.17
12:18:00 -3.58 50.47 99.17
12:18:01 -2.91 50.47 99.17
12:18:02 -0.40 50.47 99.17
12:18:03 10.21 50.47 99.17
12:18:04 38.89 50.47 99.17
12:18:05 91.56 50.47 99.17
12:18:06 124.06 50.47 99.17
12:18:07 191.30 50.47 99.17
12:18:08 239.16 50.47 99.18
12:18:09 253.69 50.47 99.17
12:18:10 236.87 50.47 99.17
12:18:11 198.86 50.47 99.17
12:18:12 155.74 50.47 99.17
12:18:13 111.92 50.47 99.17
12:18:14 74.57 50.47 99.17
12:18:15 49.60 50.47 99.17
12:18:16 32.92 50.47 99.17
12:18:17 21.94 50.47 99.18
12:18:18 14.89 50.47 99.18
12:18:19 10.09 50.47 99.17
12:18:20 7.36 50.47 99.17
12:18:21 4.86 50.47 99.17
12:18:22 2.67 50.47 99.17
12:18:23 1.87 50.47 99.17
12:18:24 0.61 50.47 99.17
12:18:25 -0.10 50.47 99.17
12:18:26 -1.07 50.47 99.17
12:18:27 -1.18 50.47 99.17
12:18:28 -1.62 50.47 99.17
12:18:29 -1.88 50.47 99.17
12:18:30 -2.37 50.47 99.17
12:18:31 -2.76 50.47 99.17
12:18:32 -2.61 50.47 99.17
12:18:33 -2.99 50.47 99.17
12:18:34 -2.93 50.47 99.17
12:18:35 -3.22 50.47 99.17
12:18:36 -3.24 50.47 99.17
12:18:37 -3.43 50.47 99.17
12:18:38 -3.56 50.47 99.17
12:18:39 -3.55 50.47 99.17
12:18:40 -3.39 50.47 99.17
12:18:41 -0.83 50.47 99.17
12:18:42 10.65 50.47 99.17
12:18:43 42.52 50.47 99.17
12:18:44 101.38 50.47 99.17
12:18:45 180.52 50.47 99.17
12:18:46 253.72 50.47 99.17
12:18:47 294.78 50.47 99.17
12:18:48 295.46 50.47 99.17
12:18:49 282.24 50.47 99.17
12:18:50 239.17 50.47 99.17
12:18:51 187.24 50.47 99.17
12:18:52 139.35 50.47 99.17
12:18:53 96.34 50.47 99.17
12:18:54 62.54 50.47 99.17
12:18:55 41.15 50.47 99.18
12:18:56 27.57 50.47 99.18
12:18:57 18.33 50.47 99.18
12:18:58 12.97 50.47 99.18
12:18:59 8.42 50.47 99.17
12:19:00 6.30 50.47 99.17
12:19:01 4.05 50.47 99.17
12:19:02 2.75 50.47 99.17
12:19:03 1.44 50.47 99.17
12:19:04 0.41 50.47 99.17
12:19:05 -0.04 50.47 99.17
12:19:06 -0.86 50.47 99.17
12:19:07 -1.52 50.47 99.17
12:19:08 -1.84 50.47 99.17
12:19:09 -1.81 50.47 99.17
12:19:10 -2.92 50.47 99.18
12:19:11 -2.96 50.47 99.17
12:19:12 -3.02 50.47 99.17
12:19:13 -2.70 50.47 99.17
12:19:14 -3.16 50.47 99.17
12:19:15 -3.32 50.47 99.17
12:19:16 -3.13 50.47 99.17
12:19:17 -3.20 50.47 99.17
12:19:18 -3.71 50.47 99.17
12:19:19 -3.65 50.47 99.17
12:19:20 -2.33 50.47 99.17
12:19:21 3.57 50.47 99.17
12:19:22 20.21 50.47 99.17
12:19:23 53.81 50.47 99.17
12:19:24 99.47 50.47 99.17
12:19:25 144.49 50.47 99.17
12:19:26 173.50 50.47 99.17
12:19:27 177.42 50.47 99.17
12:19:28 159.84 50.47 99.17
12:19:29 131.38 50.47 99.17
12:19:30 100.27 50.47 99.17
12:19:31 69.04 50.47 99.17
12:19:32 44.13 50.47 99.18
12:19:33 35.73 50.47 99.18
12:19:34 22.96 50.47 99.18
12:19:35 14.98 50.47 99.17
12:19:36 9.45 50.47 99.17
12:19:37 5.96 50.47 99.17
12:19:38 3.80 50.47 99.17
12:19:39 2.46 50.47 99.17
12:19:40 0.66 50.47 99.18
12:19:41 -0.16 50.47 99.17
12:19:42 -0.75 50.47 99.17
12:19:43 -1.60 50.47 99.18
12:19:44 -1.96 50.47 99.17
12:19:45 -2.25 50.47 99.17
12:19:46 -2.32 50.47 99.18
12:19:47 -3.12 50.47 99.18
12:19:48 -3.08 50.47 99.18
12:19:49 -3.20 50.47 99.17
12:19:50 -2.96 50.47 99.17
12:19:51 -3.78 50.47 99.17
12:19:52 -3.66 50.47 99.17
12:19:53 -3.47 50.47 99.17
12:19:54 -3.65 50.47 99.17
12:19:55 -3.73 50.47 99.17
12:19:56 -3.25 50.47 99.17
12:19:57 -3.33 50.47 99.17
12:19:58 3.09 50.47 99.17
12:19:59 25.45 50.47 99.17
12:20:00 81.93 50.47 99.17
12:20:01 177.73 50.47 99.17
12:20:02 294.15 50.47 99.17
12:20:03 390.18 50.47 99.17
12:20:04 435.44 50.47 99.17
12:20:05 420.92 50.47 99.17
12:20:06 365.28 50.47 99.17
12:20:07 293.14 50.47 99.17
12:20:08 220.85 50.47 99.17
12:20:09 154.98 50.47 99.17
12:20:10 103.22 50.47 99.17
12:20:11 69.03 50.47 99.17
12:20:12 47.78 50.47 99.17
12:20:13 32.92 50.47 99.17
12:20:14 23.56 50.47 99.17
12:20:15 17.49 50.47 99.17
12:20:16 15.14 50.47 99.17
12:20:17 11.24 50.47 99.17
12:20:18 8.13 50.47 99.17
12:20:19 5.90 50.47 99.17
12:20:20 4.53 50.47 99.17
12:20:21 3.05 50.47 99.17
12:20:22 1.93 50.47 99.17
12:20:23 1.11 50.47 99.17
12:20:24 0.23 50.47 99.17
12:20:25 -0.35 50.47 99.17
12:20:26 -0.98 50.47 99.17
12:20:27 -1.21 50.47 99.18
12:20:28 -2.26 50.47 99.18
12:20:29 -1.94 50.47 99.17
12:20:30 -2.58 50.47 99.17
12:20:31 -2.50 50.47 99.17
12:20:32 -2.59 50.47 99.17
12:20:33 -3.10 50.47 99.17
12:20:34 -2.79 50.47 99.17
12:20:35 -3.24 50.47 99.17
12:20:36 -3.25 50.47 99.17
12:20:37 -1.37 50.47 99.17
12:20:38 0.93 50.47 99.17
12:20:39 16.02 50.47 99.17
12:20:40 54.08 50.47 99.17
12:20:41 120.06 50.47 99.17
12:20:42 200.54 50.47 99.17
12:20:43 268.72 50.47 99.17
12:20:44 301.69 50.47 99.17
12:20:45 292.47 50.47 99.17
12:20:46 254.41 50.47 99.17
12:20:47 203.47 50.47 99.17
12:20:48 148.49 50.47 99.17
12:20:49 100.36 50.47 99.17
12:20:50 65.76 50.47 99.17
12:20:51 42.72 50.47 99.17
12:20:52 28.57 50.47 99.17
12:20:53 19.16 50.47 99.17
12:20:54 13.16 50.47 99.18
12:20:55 9.04 50.47 99.18
12:20:56 6.39 50.47 99.18
12:20:57 4.07 50.47 99.17
12:20:58 2.85 50.47 99.17
12:20:59 1.49 50.47 99.18
12:21:00 0.93 50.47 99.17
12:21:01 -0.01 50.47 99.17
12:21:02 -0.75 50.47 99.17
12:21:03 -1.08 50.47 99.17
12:21:04 -1.41 50.47 99.17
12:21:05 -1.96 50.47 99.17
12:21:06 -2.26 50.47 99.17
12:21:07 -2.33 50.47 99.17
12:21:08 -2.96 50.47 99.17
12:21:09 -2.65 50.47 99.17
12:21:10 -3.11 50.47 99.17
12:21:11 -3.06 50.47 99.17
12:21:12 -3.30 50.47 99.17
12:21:13 -3.56 50.47 99.17
12:21:14 -3.63 50.47 99.17
12:21:15 -3.47 50.47 99.17
12:21:16 -3.50 50.47 99.17
12:21:17 -3.52 50.47 99.17
12:21:18 -4.03 50.47 99.18
12:21:19 -3.59 50.47 99.17
12:21:20 -4.10 50.47 99.17
12:21:21 -4.03 50.47 99.17
12:21:22 -3.71 50.47 99.17
12:21:23 -4.12 50.47 99.17
12:21:24 -3.63 50.47 99.17
12:21:25 -4.36 50.47 99.17
12:21:26 -4.05 50.47 99.17
12:21:27 -3.77 50.47 99.17
12:21:28 -4.01 50.47 99.17
12:21:29 -3.88 50.47 99.17
12:21:30 -4.22 50.47 99.17
12:21:31 -4.14 50.47 99.17
12:21:32 -4.21 50.47 99.17
12:21:33 -3.93 50.47 99.18
12:21:34 -4.13 50.47 99.17
12:21:35 -4.09 50.47 99.17
12:21:36 -4.06 50.47 99.17
12:21:37 -4.40 50.47 99.17
12:21:38 -3.95 50.47 99.17
12:21:39 -4.29 50.47 99.17
12:21:40 -4.24 50.47 99.17
12:21:41 -4.10 50.47 99.17
12:21:42 -4.14 50.47 99.18
12:21:43 -4.55 50.47 99.18
12:21:44 -4.30 50.47 99.18
12:21:45 -4.11 50.47 99.17
12:21:46 -4.57 50.47 99.17
12:21:47 -4.27 50.47 99.18
12:21:48 -4.16 50.47 99.17
12:21:49 -4.43 50.47 99.17
12:21:50 -4.24 50.47 99.17
12:21:51 -4.10 50.47 99.17
12:21:52 -4.10 50.47 99.17
12:21:53 1.20 50.47 99.17
12:21:54 21.99 50.47 99.17
12:21:55 79.75 50.47 99.17
12:21:56 188.65 50.47 99.17
12:21:57 334.72 50.47 99.17
12:21:58 468.32 50.47 99.17
12:21:59 545.14 50.47 99.17
12:22:00 545.09 50.47 99.17
12:22:01 485.03 50.47 99.17
12:22:02 394.56 50.47 99.17
12:22:03 301.05 50.47 99.17
12:22:04 211.46 50.47 99.17
12:22:05 171.37 50.47 99.17
12:22:06 112.23 50.47 99.18
12:22:07 73.75 50.47 99.17
12:22:08 49.27 50.47 99.17
12:22:09 33.26 50.47 99.18
12:22:10 23.18 50.47 99.18
12:22:11 16.46 50.47 99.18
12:22:12 11.63 50.47 99.18
12:22:13 8.16 50.47 99.18
12:22:14 6.37 50.47 99.17
12:22:15 3.81 50.47 99.17
12:22:16 2.54 50.47 99.17
12:22:17 1.56 50.47 99.17
12:22:18 0.58 50.47 99.17
12:22:19 -0.42 50.47 99.17
12:22:20 -0.93 50.47 99.17
12:22:21 -1.22 50.47 99.17
12:22:22 -2.03 50.47 99.18
12:22:23 -2.00 50.47 99.17
12:22:24 -2.29 50.47 99.17
12:22:25 -2.70 50.47 99.17
12:22:26 -2.84 50.47 99.17
12:22:27 -2.60 50.47 99.17
12:22:28 -2.84 50.47 99.17
12:22:29 -2.89 50.47 99.17
12:22:30 -3.37 50.47 99.17
12:22:31 -3.28 50.47 99.17
12:22:32 -1.66 50.47 99.17
12:22:33 6.28 50.47 99.17
12:22:34 31.70 50.47 99.17
12:22:35 86.40 50.47 99.17
12:22:36 167.94 50.47 99.17
12:22:37 252.98 50.47 99.17
12:22:38 312.71 50.47 99.17
12:22:39 327.62 50.47 99.17
12:22:40 303.86 50.47 99.17
12:22:41 254.04 50.47 99.17
12:22:42 198.27 50.47 99.17
12:22:43 146.96 50.47 99.17
12:22:44 98.99 50.47 99.17
12:22:45 65.50 50.47 99.17
12:22:46 43.37 50.47 99.17
12:22:47 30.21 50.47 99.17
12:22:48 24.45 50.47 99.18
12:22:49 17.19 50.47 99.17
12:22:50 12.51 50.47 99.17
12:22:51 8.60 50.47 99.17
12:22:52 6.06 50.47 99.17
12:22:53 4.76 50.47 99.17
12:22:54 2.57 50.47 99.17
12:22:55 1.94 50.47 99.17
12:22:56 0.98 50.47 99.17
12:22:57 0.11 50.47 99.17
12:22:58 -0.71 50.47 99.18
12:22:59 -1.11 50.47 99.18
12:23:00 -1.76 50.47 99.18
12:23:01 -1.66 50.47 99.17
12:23:02 -2.42 50.47 99.17
12:23:03 -2.70 50.47 99.17
12:23:04 -2.61 50.47 99.17
12:23:05 -2.99 50.47 99.17
12:23:06 -3.17 50.47 99.17
12:23:07 -3.35 50.47 99.17
12:23:08 -3.13 50.47 99.17
12:23:09 -2.88 50.47 99.18
12:23:10 -3.31 50.47 99.18
12:23:11 -3.68 50.47 99.17
12:23:12 -2.98 50.47 99.17
12:23:13 0.00 50.47 99.17
12:23:14 12.04 50.47 99.17
12:23:15 41.62 50.47 99.17
12:23:16 90.79 50.47 99.17
12:23:17 149.58 50.47 99.17
12:23:18 198.40 50.47 99.17
12:23:19 220.81 50.47 99.17
12:23:20 212.64 50.47 99.17
12:23:21 184.05 50.47 99.17
12:23:22 147.03 50.47 99.17
12:23:23 106.43 50.47 99.17
12:23:24 71.55 50.47 99.17
12:23:25 46.29 50.47 99.17
12:23:26 30.91 50.47 99.18
12:23:27 19.55 50.47 99.17
12:23:28 12.78 50.47 99.17
12:23:29 8.71 50.47 99.17
12:23:30 5.86 50.47 99.18
12:23:31 4.55 50.47 99.18
12:23:32 2.74 50.47 99.18
12:23:33 1.53 50.47 99.18
12:23:34 0.55 50.47 99.17
12:23:35 -0.17 50.47 99.17
12:23:36 -1.18 50.47 99.18
12:23:37 -1.40 50.47 99.17
12:23:38 -1.72 50.47 99.17
12:23:39 -2.27 50.47 99.18
12:23:40 -3.04 50.47 99.18
12:23:41 -2.97 50.47 99.17
12:23:42 -2.90 50.47 99.17
12:23:43 -3.20 50.47 99.18
12:23:44 -3.28 50.47 99.17
12:23:45 -3.71 50.47 99.17
12:23:46 -3.76 50.47 99.17
12:23:47 -3.20 50.47 99.17
12:23:48 -3.61 50.47 99.17
12:23:49 -4.00 50.47 99.17
12:23:50 -2.32 50.47 99.17
12:23:51 4.03 50.47 99.17
12:23:52 22.81 50.47 99.17
12:23:53 38.89 50.47 99.17
12:23:54 84.48 50.47 99.17
12:23:55 137.40 50.47 99.17
12:23:56 179.97 50.47 99.17
12:23:57 197.43 50.47 99.17
12:23:58 190.26 50.47 99.17
12:23:59 163.48 50.47 99.17
12:24:00 130.36 50.47 99.17
12:24:01 93.90 50.47 99.17
12:24:02 63.13 50.47 99.18
12:24:03 41.76 50.47 99.18
12:24:04 27.81 50.47 99.18
12:24:05 18.63 50.47 99.18
12:24:06 12.66 50.47 99.18
12:24:07 8.68 50.47 99.18
12:24:08 5.92 50.47 99.17
12:24:09 3.78 50.47 99.17
12:24:10 2.84 50.47 99.18
12:24:11 1.11 50.47 99.17
12:24:12 0.21 50.47 99.17
12:24:13 -0.36 50.47 99.17
12:24:14 -0.28 50.47 99.17
12:24:15 -1.45 50.47 99.17
12:24:16 -1.88 50.47 99.17
12:24:17 -1.92 50.47 99.18
12:24:18 -2.18 50.47 99.18
12:24:19 -2.82 50.47 99.18
12:24:20 -2.84 50.47 99.18
12:24:21 -3.11 50.47 99.18
12:24:22 -3.36 50.47 99.18
12:24:23 -3.36 50.47 99.17
12:24:24 -2.98 50.47 99.17
12:24:25 -3.56 50.47 99.18
12:24:26 -3.71 50.47 99.17
12:24:27 -3.80 50.47 99.17
12:24:28 -3.62 50.47 99.17
12:24:29 -3.55 50.47 99.17
12:24:30 -3.89 50.47 99.17
12:24:31 -3.20 50.47 99.17
12:24:32 -1.43 50.47 99.17
12:24:33 3.76 50.47 99.17
12:24:34 12.32 50.47 99.17
12:24:35 21.97 50.47 99.17
12:24:36 26.55 50.47 99.17
12:24:37 33.00 50.47 99.17
12:24:38 33.81 50.47 99.17
12:24:39 30.29 50.47 99.17
12:24:40 24.33 50.47 99.18
12:24:41 17.65 50.47 99.17
12:24:42 11.56 50.47 99.17
12:24:43 5.99 50.47 99.18
12:24:44 3.14 50.47 99.18
12:24:45 0.61 50.47 99.17
12:24:46 -0.66 50.47 99.17
12:24:47 -1.20 50.47 99.18
12:24:48 -2.31 50.47 99.18
12:24:49 -2.44 50.47 99.17
12:24:50 -2.90 50.47 99.17
12:24:51 -3.06 50.47 99.18
12:24:52 -3.42 50.47 99.17
12:24:53 -3.42 50.47 99.17
12:24:54 -3.32 50.47 99.18
12:24:55 -3.82 50.47 99.17
12:24:56 -3.88 50.47 99.17
12:24:57 -4.23 50.47 99.18
12:24:58 -4.04 50.47 99.18
12:24:59 -3.65 50.47 99.17
12:25:00 -4.21 50.47 99.17
12:25:01 -3.84 50.47 99.17
12:25:02 -4.15 50.47 99.17
12:25:03 -4.03 50.47 99.17
12:25:04 -4.10 50.47 99.17
12:25:05 -4.34 50.47 99.17
12:25:06 -3.84 50.47 99.17
12:25:07 -3.11 50.47 99.17
12:25:08 3.42 50.47 99.18
12:25:09 22.70 50.47 99.17
12:25:10 63.09 50.47 99.17
12:25:11 121.37 50.47 99.17
12:25:12 183.18 50.47 99.17
12:25:13 224.82 50.47 99.17
12:25:14 234.11 50.47 99.17
12:25:15 214.76 50.47 99.17
12:25:16 177.48 50.47 99.17
12:25:17 136.64 50.47 99.17
12:25:18 96.14 50.47 99.17
12:25:19 62.07 50.47 99.18
12:25:20 49.34 50.47 99.18
12:25:21 31.52 50.47 99.18
12:25:22 19.15 50.47 99.18
12:25:23 12.10 50.47 99.18
12:25:24 7.36 50.47 99.18
12:25:25 4.36 50.47 99.17
12:25:26 2.10 50.47 99.17
12:25:27 0.87 50.47 99.18
12:25:28 -0.34 50.47 99.17
12:25:29 -1.13 50.47 99.17
12:25:30 -1.69 50.47 99.18
12:25:31 -1.98 50.47 99.18
12:25:32 -2.66 50.47 99.18
12:25:33 -3.02 50.47 99.18
12:25:34 -3.31 50.47 99.18
12:25:35 -3.34 50.47 99.18
12:25:36 -3.14 50.47 99.18
12:25:37 -3.48 50.47 99.18
12:25:38 -4.08 50.47 99.18
12:25:39 -3.89 50.47 99.17
12:25:40 -3.75 50.47 99.17
12:25:41 -3.96 50.47 99.17
12:25:42 -3.61 50.47 99.17
12:25:43 -4.26 50.47 99.17
12:25:44 -2.81 50.47 99.17
12:25:45 2.37 50.47 99.18
12:25:46 18.19 50.47 99.18
12:25:47 48.15 50.47 99.18
12:25:48 89.61 50.47 99.18
12:25:49 130.01 50.47 99.18
12:25:50 155.55 50.47 99.18
12:25:51 159.06 50.47 99.18
12:25:52 142.80 50.47 99.17
12:25:53 116.55 50.47 99.17
12:25:54 88.21 50.47 99.17
12:25:55 60.12 50.47 99.17
12:25:56 37.83 50.47 99.18
12:25:57 23.12 50.47 99.18
12:25:58 14.07 50.47 99.18
12:25:59 7.88 50.47 99.18
12:26:00 4.62 50.47 99.18
12:26:01 1.79 50.47 99.18
12:26:02 0.39 50.47 99.18
12:26:03 -0.21 50.47 99.18
12:26:04 -1.39 50.47 99.18
12:26:05 -1.64 50.47 99.18
12:26:06 -2.78 50.47 99.18
12:26:07 -2.71 50.47 99.17
12:26:08 -3.42 50.47 99.17
12:26:09 -3.20 50.47 99.18
12:26:10 -3.75 50.47 99.18
12:26:11 -3.88 50.47 99.18
12:26:12 -3.84 50.47 99.18
12:26:13 -3.92 50.47 99.17
12:26:14 -4.16 50.47 99.17
12:26:15 -3.83 50.47 99.17
12:26:16 -3.83 50.47 99.17
12:26:17 -4.11 50.47 99.17
12:26:18 -4.41 50.47 99.17
12:26:19 -3.72 50.47 99.18
12:26:20 -1.56 50.47 99.17
12:26:21 9.05 50.47 99.17
12:26:22 37.21 50.47 99.17
12:26:23 89.79 50.47 99.17
12:26:24 160.34 50.47 99.17
12:26:25 195.59 50.47 99.17
12:26:26 250.27 50.47 99.17
12:26:27 272.24 50.47 99.18
12:26:28 258.65 50.47 99.17
12:26:29 221.71 50.47 99.17
12:26:30 176.06 50.47 99.17
12:26:31 130.57 50.47 99.18
12:26:32 87.22 50.47 99.18
12:26:33 57.92 50.47 99.18
12:26:34 37.76 50.47 99.18
12:26:35 24.93 50.47 99.18
12:26:36 16.46 50.47 99.18
12:26:37 11.12 50.47 99.18
12:26:38 7.31 50.47 99.18
12:26:39 4.39 50.47 99.18
12:26:40 2.09 50.47 99.18
12:26:41 1.11 50.47 99.17
12:26:42 0.08 50.47 99.17
12:26:43 -0.67 50.47 99.18
12:26:44 -1.86 50.47 99.18
12:26:45 -2.06 50.47 99.18
12:26:46 -2.34 50.47 99.18
12:26:47 -2.82 50.47 99.18
12:26:48 -3.07 50.47 99.18
12:26:49 -3.16 50.47 99.18
12:26:50 -3.34 50.47 99.18
12:26:51 -3.43 50.47 99.18
12:26:52 -3.51 50.47 99.18
12:26:53 -3.70 50.47 99.18
12:26:54 -3.79 50.47 99.17
12:26:55 -4.04 50.47 99.17
12:26:56 -4.08 50.47 99.18
12:26:57 -3.75 50.47 99.18
12:26:58 -4.00 50.47 99.18
12:26:59 -4.37 50.47 99.18
12:27:00 -4.21 50.47 99.18
12:27:01 -4.32 50.47 99.18
12:27:02 -4.50 50.47 99.18
12:27:03 -4.05 50.47 99.18
12:27:04 -4.30 50.47 99.18
12:27:05 -3.91 50.47 99.18
12:27:06 -4.18 50.47 99.18
12:27:07 -4.32 50.47 99.18
12:27:08 -4.35 50.47 99.18
12:27:09 -4.28 50.47 99.18
12:27:10 -4.32 50.47 99.18
12:27:11 -4.21 50.47 99.18
12:27:12 -4.10 50.47 99.18
12:27:13 -4.08 50.47 99.18
12:27:14 -4.44 50.47 99.18
12:27:15 -4.04 50.47 99.18
12:27:16 -4.29 50.47 99.18
12:27:17 -4.70 50.47 99.18
12:27:18 -4.20 50.47 99.18
12:27:19 -4.63 50.47 99.18
12:27:20 -4.20 50.47 99.18
12:27:21 -4.85 50.47 99.18
12:27:22 -4.02 50.47 99.18
12:27:23 -4.57 50.47 99.18
12:27:24 -4.31 50.47 99.18
12:27:25 -4.28 50.47 99.18
12:27:26 -4.45 50.47 99.18
12:27:27 -4.36 50.47 99.18
12:27:28 -3.95 50.47 99.18
12:27:29 -2.35 50.47 99.18
12:27:30 1.14 50.47 99.18
12:27:31 19.07 50.47 99.18
12:27:32 60.11 50.47 99.18
12:27:33 128.19 50.47 99.18
12:27:34 206.26 50.47 99.18
12:27:35 270.09 50.47 99.17
12:27:36 296.36 50.47 99.17
12:27:37 283.30 50.47 99.17
12:27:38 244.13 50.47 99.17
12:27:39 193.99 50.47 99.18
12:27:40 143.00 50.47 99.18
12:27:41 96.47 50.47 99.18
12:27:42 64.07 50.47 99.18
12:27:43 42.59 50.47 99.18
12:27:44 28.48 50.47 99.18
12:27:45 19.29 50.47 99.18
12:27:46 13.92 50.47 99.18
12:27:47 9.60 50.47 99.18
12:27:48 6.91 50.47 99.18
12:27:49 4.70 50.47 99.18
12:27:50 2.86 50.47 99.18
12:27:51 2.00 50.47 99.18
12:27:52 0.94 50.47 99.18
12:27:53 0.26 50.47 99.18
12:27:54 -0.49 50.47 99.18
12:27:55 -0.83 50.47 99.18
12:27:56 -1.55 50.47 99.18
12:27:57 -2.06 50.47 99.18
12:27:58 -2.29 50.47 99.18
12:27:59 -2.72 50.47 99.18
12:28:00 -2.73 50.47 99.18
12:28:01 -3.09 50.47 99.18
12:28:02 -3.34 50.47 99.18
12:28:03 -3.16 50.47 99.18
12:28:04 -3.65 50.47 99.18
12:28:05 -3.13 50.47 99.18
12:28:06 -1.63 50.47 99.18
12:28:07 9.98 50.47 99.18
12:28:08 59.67 50.47 99.18
12:28:09 186.95 50.47 99.18
12:28:10 424.16 50.47 99.18
12:28:11 725.59 50.47 99.18
12:28:12 984.78 50.47 99.18
12:28:13 1109.84 50.47 99.18
12:28:14 1114.45 50.47 99.18
12:28:15 1028.53 50.47 99.17
12:28:16 862.75 50.47 99.17
12:28:17 670.16 50.47 99.18
12:28:18 497.57 50.47 99.18
12:28:19 338.55 50.47 99.18
12:28:20 223.61 50.47 99.18
12:28:21 150.25 50.47 99.18
12:28:22 102.83 50.47 99.18
12:28:23 72.37 50.47 99.18
12:28:24 52.91 50.47 99.18
12:28:25 39.44 50.47 99.18
12:28:26 30.54 50.47 99.18
12:28:27 23.56 50.47 99.18
12:28:28 18.45 50.47 99.18
12:28:29 14.84 50.47 99.18
12:28:30 11.84 50.47 99.18
12:28:31 9.15 50.47 99.18
12:28:32 7.46 50.47 99.18
12:28:33 5.67 50.47 99.18
12:28:34 4.41 50.47 99.18
12:28:35 3.54 50.47 99.18
12:28:36 2.53 50.47 99.18
12:28:37 1.66 50.47 99.18
12:28:38 1.43 50.47 99.18
12:28:39 0.24 50.47 99.18
12:28:40 -0.16 50.47 99.18
12:28:41 -0.64 50.47 99.18
12:28:42 -0.83 50.47 99.18
12:28:43 -1.66 50.47 99.18
12:28:44 -1.82 50.47 99.18
12:28:45 -1.67 50.47 99.18
12:28:46 -2.38 50.47 99.18
12:28:47 -2.37 50.47 99.18
12:28:48 -2.64 50.47 99.18
12:28:49 -2.56 50.47 99.18
12:28:50 -2.77 50.47 99.17
12:28:51 -2.65 50.47 99.17
12:28:52 -2.81 50.47 99.17
12:28:53 -1.26 50.47 99.17
12:28:54 7.01 50.47 99.18
12:28:55 29.92 50.47 99.18
12:28:56 75.51 50.47 99.18
12:28:57 105.51 50.47 99.18
12:28:58 169.54 50.47 99.18
12:28:59 222.12 50.47 99.18
12:29:00 243.18 50.47 99.18
12:29:01 231.83 50.47 99.18
12:29:02 199.24 50.47 99.18
12:29:03 156.74 50.47 99.18
12:29:04 117.16 50.47 99.18
12:29:05 78.54 50.47 99.18
12:29:06 51.18 50.47 99.18
12:29:07 33.83 50.47 99.18
12:29:08 22.57 50.47 99.18
12:29:09 15.18 50.47 99.18
12:29:10 10.35 50.47 99.17
12:29:11 7.30 50.47 99.17
12:29:12 4.82 50.47 99.18
12:29:13 3.16 50.47 99.18
12:29:14 2.07 50.47 99.18
12:29:15 1.01 50.47 99.18
12:29:16 -0.19 50.47 99.18
12:29:17 -0.39 50.47 99.17
12:29:18 -1.04 50.47 99.17
12:29:19 -1.37 50.47 99.17
12:29:20 -1.89 50.47 99.18
12:29:21 -1.95 50.47 99.18
12:29:22 -2.45 50.47 99.18
12:29:23 -2.28 50.47 99.18
12:29:24 -3.05 50.47 99.18
12:29:25 -3.44 50.47 99.18
12:29:26 -2.74 50.47 99.18
12:29:27 -3.05 50.47 99.17
12:29:28 -3.33 50.47 99.17
12:29:29 -3.18 50.47 99.18
12:29:30 -3.31 50.47 99.18
12:29:31 -1.86 50.47 99.18
12:29:32 8.80 50.47 99.18
12:29:33 48.83 50.47 99.18
12:29:34 146.12 50.47 99.18
12:29:35 308.85 50.47 99.18
12:29:36 503.99 50.47 99.18
12:29:37 658.57 50.47 99.17
12:29:38 725.50 50.47 99.17
12:29:39 695.64 50.47 99.17
12:29:40 654.32 50.47 99.18
12:29:41 540.26 50.47 99.17
12:29:42 418.21 50.47 99.17
12:29:43 299.34 50.47 99.18
12:29:44 199.19 50.47 99.18
12:29:45 130.44 50.47 99.18
12:29:46 85.87 50.47 99.18
12:29:47 57.67 50.47 99.18
12:29:48 39.12 50.47 99.18
12:29:49 27.57 50.47 99.18
12:29:50 19.59 50.47 99.18
12:29:51 14.33 50.47 99.18
12:29:52 10.35 50.47 99.17
12:29:53 7.46 50.47 99.17
12:29:54 5.20 50.47 99.18
12:29:55 3.72 50.47 99.18
12:29:56 2.50 50.47 99.17
12:29:57 1.75 50.47 99.17
12:29:58 0.48 50.47 99.18
12:29:59 -0.16 50.47 99.17
12:30:00 -1.12 50.47 99.17
12:30:01 -1.35 50.47 99.18
12:30:02 -1.71 50.47 99.18
12:30:03 -2.07 50.47 99.18
12:30:04 -1.96 50.47 99.18
12:30:05 -2.85 50.47 99.18
12:30:06 -2.53 50.47 99.17
12:30:07 -2.54 50.47 99.17
12:30:08 -2.46 50.47 99.18
12:30:09 -3.03 50.47 99.18
12:30:10 -3.03 50.47 99.17
12:30:11 -3.03 50.47 99.17
12:30:12 -0.55 50.47 99.18
12:30:13 15.09 50.47 99.17
12:30:14 66.13 50.47 99.17
12:30:15 180.12 50.47 99.17
12:30:16 354.47 50.47 99.17
12:30:17 547.59 50.47 99.17
12:30:18 683.31 50.47 99.17
12:30:19 725.96 50.47 99.17
12:30:20 677.26 50.47 99.18
12:30:21 573.35 50.47 99.17
12:30:22 449.27 50.47 99.17
12:30:23 330.27 50.47 99.17
12:30:24 272.41 50.47 99.17
12:30:25 180.08 50.47 99.17
12:30:26 118.40 50.47 99.18
12:30:27 78.36 50.47 99.18
12:30:28 52.71 50.47 99.18
12:30:29 36.12 50.47 99.17
12:30:30 25.66 50.47 99.17
12:30:31 18.62 50.47 99.18
12:30:32 13.06 50.47 99.18
12:30:33 9.74 50.47 99.17
12:30:34 6.96 50.47 99.17
12:30:35 4.85 50.47 99.18
12:30:36 3.11 50.47 99.18
12:30:37 2.36 50.47 99.18
12:30:38 0.87 50.47 99.18
12:30:39 -0.01 50.47 99.18
12:30:40 -0.27 50.47 99.17
12:30:41 -0.98 50.47 99.17
12:30:42 -1.71 50.47 99.17
12:30:43 -1.42 50.47 99.17
12:30:44 -1.86 50.47 99.17
12:30:45 -2.14 50.47 99.17
12:30:46 -2.60 50.47 99.17
12:30:47 -2.85 50.47 99.18
12:30:48 -2.85 50.47 99.17
12:30:49 -2.81 50.47 99.17
12:30:50 -3.02 50.47 99.17
12:30:51 -3.16 50.47 99.17
12:30:52 -3.17 50.47 99.18
12:30:53 -3.36 50.47 99.18
12:30:54 -3.74 50.47 99.17
12:30:55 -3.73 50.47 99.17
12:30:56 -3.55 50.47 99.18
12:30:57 -3.67 50.47 99.18
12:30:58 -3.60 50.47 99.18
12:30:59 -3.58 50.47 99.18
12:31:00 -3.76 50.47 99.17
12:31:01 -4.09 50.47 99.17
12:31:02 -3.99 50.47 99.17
12:31:03 -3.67 50.47 99.17
12:31:04 -3.80 50.47 99.18
12:31:05 -3.98 50.47 99.18
12:31:06 -4.11 50.47 99.18
12:31:07 -3.98 50.47 99.17
12:31:08 -4.32 50.47 99.17
12:31:09 -4.02 50.47 99.17
12:31:10 -3.87 50.47 99.17
12:31:11 -4.19 50.47 99.17
12:31:12 -3.95 50.47 99.17
12:31:13 -4.12 50.47 99.17
12:31:14 -4.28 50.47 99.17
12:31:15 -4.29 50.47 99.17
12:31:16 -2.16 50.47 99.17
12:31:17 7.19 50.47 99.17
12:31:18 36.23 50.47 99.17
12:31:19 95.12 50.47 99.17
12:31:20 179.46 50.47 99.17
12:31:21 265.94 50.47 99.17
12:31:22 324.48 50.47 99.17
12:31:23 336.90 50.47 99.17
12:31:24 309.45 50.47 99.17
12:31:25 257.11 50.47 99.17
12:31:26 200.85 50.47 99.17
12:31:27 147.05 50.47 99.17
12:31:28 99.06 50.47 99.17
12:31:29 80.40 50.47 99.17
12:31:30 52.95 50.47 99.17
12:31:31 35.33 50.47 99.17
12:31:32 23.90 50.47 99.18
12:31:33 16.98 50.47 99.17
12:31:34 11.92 50.47 99.17
12:31:35 8.13 50.47 99.17
12:31:36 5.60 50.47 99.17
12:31:37 3.93 50.47 99.18
12:31:38 2.36 50.47 99.18
12:31:39 1.31 50.47 99.18
12:31:40 0.27 50.47 99.17
12:31:41 -0.46 50.47 99.17
12:31:42 -1.14 50.47 99.17
12:31:43 -1.64 50.47 99.17
12:31:44 -2.08 50.47 99.17
12:31:45 -2.13 50.47 99.17
12:31:46 -2.80 50.47 99.17
12:31:47 -2.60 50.47 99.17
12:31:48 -3.13 50.47 99.17
12:31:49 -2.92 50.47 99.17
12:31:50 -3.18 50.47 99.18
12:31:51 -3.67 50.47 99.18
12:31:52 -3.38 50.47 99.18
12:31:53 -3.61 50.47 99.17
12:31:54 -3.66 50.47 99.17
12:31:55 -3.88 50.47 99.17
12:31:56 -3.63 50.47 99.18
12:31:57 -4.02 50.47 99.17
12:31:58 -3.72 50.47 99.17
12:31:59 -3.91 50.47 99.17
12:32:00 -3.03 50.47 99.17
12:32:01 2.56 50.47 99.17
12:32:02 21.63 50.47 99.17
12:32:03 64.07 50.47 99.17
12:32:04 129.80 50.47 99.17
12:32:05 202.07 50.47 99.17
12:32:06 255.46 50.47 99.17
12:32:07 273.49 50.47 99.17
12:32:08 256.47 50.47 99.17
12:32:09 216.14 50.47 99.17
12:32:10 169.15 50.47 99.17
12:32:11 124.78 50.47 99.17
12:32:12 104.56 50.47 99.17
12:32:13 68.04 50.47 99.17
12:32:14 44.59 50.47 99.17
12:32:15 28.72 50.47 99.17
12:32:16 18.78 50.47 99.17
12:32:17 12.66 50.47 99.17
12:32:18 8.81 50.47 99.17
12:32:19 5.85 50.47 99.17
12:32:20 3.55 50.47 99.17
12:32:21 2.28 50.47 99.17
12:32:22 1.13 50.47 99.17
12:32:23 0.08 50.47 99.17
12:32:24 -0.59 50.47 99.17
12:32:25 -0.91 50.47 99.17
12:32:26 -1.92 50.47 99.17
12:32:27 -1.74 50.47 99.17
12:32:28 -2.53 50.47 99.17
12:32:29 -2.56 50.47 99.17
12:32:30 -3.03 50.47 99.17
12:32:31 -3.22 50.47 99.17
12:32:32 -3.17 50.47 99.17
12:32:33 -3.08 50.47 99.17
12:32:34 -3.15 50.47 99.17
12:32:35 -3.34 50.47 99.17
12:32:36 -3.61 50.47 99.17
12:32:37 -3.17 50.47 99.17
12:32:38 -3.27 50.47 99.17
12:32:39 1.11 50.47 99.17
12:32:40 20.03 50.47 99.17
12:32:41 70.31 50.47 99.17
12:32:42 164.45 50.47 99.17
12:32:43 285.45 50.47 99.17
12:32:44 397.84 50.47 99.17
12:32:45 459.56 50.47 99.17
12:32:46 458.45 50.47 99.17
12:32:47 407.58 50.47 99.17
12:32:48 331.29 50.47 99.17
12:32:49 252.04 50.47 99.17
12:32:50 173.36 50.47 99.17
12:32:51 116.61 50.47 99.17
12:32:52 77.29 50.47 99.17
12:32:53 51.58 50.47 99.17
12:32:54 35.62 50.47 99.17
12:32:55 24.91 50.47 99.17
12:32:56 21.35 50.47 99.17
12:32:57 15.27 50.47 99.17
12:32:58 10.87 50.47 99.17
12:32:59 8.49 50.47 99.17
12:33:00 5.58 50.47 99.17
12:33:01 4.55 50.47 99.17
12:33:02 2.61 50.47 99.17
12:33:03 1.89 50.47 99.17
12:33:04 0.90 50.47 99.17
12:33:05 0.26 50.47 99.17
12:33:06 -0.41 50.47 99.17
12:33:07 -1.29 50.47 99.17
12:33:08 -1.17 50.47 99.17
12:33:09 -2.21 50.47 99.17
12:33:10 -2.67 50.47 99.17
12:33:11 -2.74 50.47 99.17
12:33:12 -2.58 50.47 99.17
12:33:13 -2.83 50.47 99.17
12:33:14 -2.80 50.47 99.17
12:33:15 -3.10 50.47 99.17
12:33:16 -2.96 50.47 99.17
12:33:17 -2.97 50.47 99.17
12:33:18 -3.02 50.47 99.17
12:33:19 -2.85 50.47 99.17
12:33:20 -0.20 50.47 99.17
12:33:21 10.80 50.47 99.17
12:33:22 37.02 50.47 99.17
12:33:23 80.07 50.47 99.17
12:33:24 131.82 50.47 99.17
12:33:25 172.91 50.47 99.17
12:33:26 191.20 50.47 99.17
12:33:27 184.11 50.47 99.17
12:33:28 158.98 50.47 99.17
12:33:29 126.10 50.47 99.17
12:33:30 94.39 50.47 99.17
12:33:31 63.17 50.47 99.17
12:33:32 41.02 50.47 99.17
12:33:33 26.85 50.47 99.17
12:33:34 16.86 50.47 99.17
12:33:35 10.96 50.47 99.17
12:33:36 7.42 50.47 99.17
12:33:37 4.65 50.47 99.17
12:33:38 2.66 50.47 99.17
12:33:39 1.69 50.47 99.17
12:33:40 0.87 50.47 99.17
12:33:41 -0.15 50.47 99.17
12:33:42 -0.82 50.47 99.17
12:33:43 -1.47 50.47 99.17
12:33:44 -1.55 50.47 99.17
12:33:45 -2.67 50.47 99.17
12:33:46 -2.38 50.47 99.17
12:33:47 -2.83 50.47 99.17
12:33:48 -3.27 50.47 99.17
12:33:49 -3.39 50.47 99.17
12:33:50 -3.49 50.47 99.17
12:33:51 -3.35 50.47 99.17
12:33:52 -3.61 50.47 99.17
12:33:53 -3.74 50.47 99.17
12:33:54 -3.73 50.47 99.17
12:33:55 -3.24 50.47 99.17
12:33:56 -3.56 50.47 99.17
12:33:57 -0.37 50.47 99.17
12:33:58 13.27 50.47 99.17
12:33:59 49.18 50.47 99.17
12:34:00 114.06 50.47 99.17
12:34:01 155.81 50.47 99.17
12:34:02 240.02 50.47 99.17
12:34:03 302.07 50.47 99.17
12:34:04 322.49 50.47 99.17
12:34:05 301.57 50.47 99.17
12:34:06 254.38 50.47 99.17
12:34:07 198.71 50.47 99.17
12:34:08 145.15 50.47 99.17
12:34:09 95.65 50.47 99.17
12:34:10 61.62 50.47 99.17
12:34:11 39.87 50.47 99.17
12:34:12 25.15 50.47 99.17
12:34:13 16.57 50.47 99.17
12:34:14 10.69 50.47 99.17
12:34:15 6.56 50.47 99.17
12:34:16 4.54 50.47 99.17
12:34:17 2.19 50.47 99.17
12:34:18 0.68 50.47 99.17
12:34:19 -0.36 50.47 99.17
12:34:20 -0.78 50.47 99.17
12:34:21 -1.60 50.47 99.17
12:34:22 -2.17 50.47 99.17
12:34:23 -2.32 50.47 99.17
12:34:24 -2.74 50.47 99.17
12:34:25 -2.87 50.47 99.17
12:34:26 -2.75 50.47 99.17
12:34:27 -3.62 50.47 99.17
12:34:28 -3.32 50.47 99.17
12:34:29 -3.33 50.47 99.17
12:34:30 -3.31 50.47 99.17
12:34:31 -3.86 50.47 99.17
12:34:32 -3.69 50.47 99.17
12:34:33 -3.63 50.47 99.17
12:34:34 -3.85 50.47 99.17
12:34:35 -4.19 50.47 99.17
12:34:36 -4.05 50.47 99.17
12:34:37 -3.78 50.47 99.17
12:34:38 -4.07 50.47 99.17
12:34:39 -4.07 50.47 99.17
12:34:40 -3.87 50.47 99.17
12:34:41 -3.97 50.47 99.17
12:34:42 -4.25 50.47 99.17
12:34:43 -4.06 50.47 99.17
12:34:44 -4.13 50.47 99.17
12:34:45 -3.92 50.47 99.17
12:34:46 -4.31 50.47 99.17
12:34:47 -4.15 50.47 99.17
12:34:48 -4.10 50.47 99.17
12:34:49 -4.09 50.47 99.17
12:34:50 -4.28 50.47 99.17
12:34:51 -4.48 50.47 99.17
12:34:52 -3.87 50.47 99.17
12:34:53 -4.42 50.47 99.17
12:34:54 -4.41 50.47 99.17
12:34:55 -4.33 50.47 99.17
12:34:56 -4.24 50.47 99.17
12:34:57 -4.43 50.47 99.17
12:34:58 -4.30 50.47 99.17
12:34:59 -4.29 50.47 99.17
12:35:00 -4.00 50.47 99.17
12:35:01 -4.58 50.47 99.17
12:35:02 -4.47 50.47 99.17
12:35:03 -3.31 50.47 99.17
12:35:04 2.68 50.47 99.17
12:35:05 27.31 50.47 99.17
12:35:06 52.64 50.47 99.17
12:35:07 138.91 50.47 99.17
12:35:08 266.62 50.47 99.17
12:35:09 397.93 50.47 99.17
12:35:10 488.01 50.47 99.17
12:35:11 509.44 50.47 99.17
12:35:12 466.95 50.47 99.17
12:35:13 389.13 50.47 99.17
12:35:14 301.32 50.47 99.17
12:35:15 217.55 50.47 99.17
12:35:16 142.33 50.47 99.17
12:35:17 92.39 50.47 99.17
12:35:18 60.28 50.47 99.17
12:35:19 38.92 50.47 99.17
12:35:20 25.87 50.47 99.17
12:35:21 17.42 50.47 99.17
12:35:22 12.00 50.47 99.17
12:35:23 7.83 50.47 99.17
12:35:24 5.72 50.47 99.17
12:35:25 3.26 50.47 99.17
12:35:26 2.11 50.47 99.17
12:35:27 0.82 50.47 99.17
12:35:28 0.29 50.47 99.17
12:35:29 -0.77 50.47 99.17
12:35:30 -1.05 50.47 99.17
12:35:31 -1.74 50.47 99.17
12:35:32 -2.19 50.47 99.17
12:35:33 -2.38 50.47 99.17
12:35:34 -2.49 50.47 99.17
12:35:35 -2.54 50.47 99.17
12:35:36 -3.49 50.47 99.17
12:35:37 -3.20 50.47 99.17
12:35:38 -3.20 50.47 99.17
12:35:39 -3.39 50.47 99.17
12:35:40 -3.23 50.47 99.17
12:35:41 -1.33 50.47 99.17
12:35:42 9.36 50.47 99.17
12:35:43 43.34 50.47 99.17
12:35:44 118.84 50.47 99.17
12:35:45 233.20 50.47 99.17
12:35:46 357.08 50.47 99.17
12:35:47 445.16 50.47 99.17
12:35:48 470.47 50.47 99.17
12:35:49 460.79 50.47 99.17
12:35:50 406.18 50.47 99.17
12:35:51 328.07 50.47 99.17
12:35:52 248.33 50.47 99.17
12:35:53 180.30 50.47 99.17
12:35:54 122.43 50.47 99.17
12:35:55 78.03 50.47 99.17
12:35:56 51.17 50.47 99.17
12:35:57 22.63 50.47 99.17
12:35:58 15.63 50.47 99.17
12:35:59 11.06 50.47 99.17
12:36:00 7.38 50.47 99.17
12:36:01 5.68 50.47 99.17
12:36:02 4.01 50.47 99.17
12:36:03 2.45 50.47 99.17
12:36:04 1.14 50.47 99.17
12:36:05 0.36 50.47 99.17
12:36:06 -0.64 50.47 99.17
12:36:07 -0.97 50.47 99.17
12:36:08 -1.48 50.47 99.17
12:36:09 -1.94 50.47 99.17
12:36:10 -2.84 50.47 99.17
12:36:11 -2.40 50.47 99.17
12:36:12 -3.18 50.47 99.17
12:36:13 -2.84 50.47 99.17
12:36:14 -3.14 50.47 99.17
12:36:15 -3.58 50.47 99.17
12:36:16 -3.48 50.47 99.17
12:36:17 -3.49 50.47 99.17
12:36:18 -3.65 50.47 99.17
12:36:19 -3.63 50.47 99.17
12:36:20 -3.34 50.47 99.17
12:36:21 -3.45 50.47 99.17
12:36:22 1.44 50.47 99.17
12:36:23 8.13 50.47 99.17
12:36:24 43.52 50.47 99.17
12:36:25 121.68 50.47 99.17
12:36:26 242.20 50.47 99.17
12:36:27 378.22 50.47 99.17
12:36:28 478.03 50.47 99.17
12:36:29 511.60 50.47 99.17
12:36:30 482.05 50.47 99.17
12:36:31 409.52 50.47 99.17
12:36:32 324.43 50.47 99.17
12:36:33 244.41 50.47 99.17
12:36:34 169.50 50.47 99.17
12:36:35 114.08 50.47 99.17
12:36:36 77.37 50.47 99.17
12:36:37 53.71 50.47 99.17
12:36:38 38.45 50.47 99.18
12:36:39 28.43 50.47 99.17
12:36:40 21.44 50.47 99.17
12:36:41 16.15 50.47 99.18
12:36:42 12.46 50.47 99.17
12:36:43 9.62 50.47 99.17
12:36:44 8.38 50.47 99.17
12:36:45 6.37 50.47 99.17
12:36:46 4.56 50.47 99.17
12:36:47 3.42 50.47 99.17
12:36:48 2.39 50.47 99.17
12:36:49 1.06 50.47 99.17
12:36:50 0.39 50.47 99.17
12:36:51 0.00 50.47 99.17
12:36:52 -0.92 50.47 99.17
12:36:53 -0.99 50.47 99.17
12:36:54 -1.90 50.47 99.18
12:36:55 -1.71 50.47 99.17
12:36:56 -1.78 50.47 99.17
12:36:57 -2.71 50.47 99.17
12:36:58 -2.53 50.47 99.17
12:36:59 -2.74 50.47 99.17
12:37:00 -3.10 50.47 99.17
12:37:01 -3.09 50.47 99.17
12:37:02 -2.90 50.47 99.17
12:37:03 -1.33 50.47 99.17
12:37:04 8.51 50.47 99.17
12:37:05 41.18 50.47 99.17
12:37:06 71.96 50.47 99.17
12:37:07 164.89 50.47 99.17
12:37:08 286.19 50.47 99.17
12:37:09 396.09 50.47 99.17
12:37:10 455.75 50.47 99.17
12:37:11 453.70 50.47 99.17
12:37:12 402.63 50.47 99.17
12:37:13 326.90 50.47 99.17
12:37:14 250.30 50.47 99.17
12:37:15 181.21 50.47 99.17
12:37:16 120.79 50.47 99.17
12:37:17 80.73 50.47 99.17
12:37:18 53.96 50.47 99.17
12:37:19 36.84 50.47 99.17
12:37:20 26.37 50.47 99.17
12:37:21 18.65 50.47 99.17
12:37:22 13.44 50.47 99.17
12:37:23 9.97 50.47 99.17
12:37:24 7.18 50.47 99.17
12:37:25 5.14 50.47 99.17
12:37:26 3.47 50.47 99.17
12:37:27 2.18 50.47 99.17
12:37:28 2.04 50.47 99.17
12:37:29 0.38 50.47 99.17
12:37:30 0.26 50.47 99.17
12:37:31 -0.86 50.47 99.17
12:37:32 -1.13 50.47 99.17
12:37:33 -1.49 50.47 99.17
12:37:34 -2.17 50.47 99.17
12:37:35 -2.65 50.47 99.17
12:37:36 -2.53 50.47 99.17
12:37:37 -2.70 50.47 99.17
12:37:38 -3.10 50.47 99.17
12:37:39 -3.33 50.47 99.17
12:37:40 -2.99 50.47 99.17
12:37:41 -3.29 50.47 99.17
12:37:42 -3.30 50.47 99.17
12:37:43 -2.55 50.47 99.17
12:37:44 2.81 50.47 99.17
12:37:45 24.93 50.47 99.17
12:37:46 82.68 50.47 99.17
12:37:47 186.39 50.47 99.17
12:37:48 316.61 50.47 99.17
12:37:49 379.61 50.47 99.17
12:37:50 470.83 50.47 99.17
12:37:51 498.61 50.47 99.17
12:37:52 463.98 50.47 99.17
12:37:53 392.02 50.47 99.17
12:37:54 310.07 50.47 99.17
12:37:55 224.89 50.47 99.17
12:37:56 153.25 50.47 99.17
12:37:57 104.88 50.47 99.17
12:37:58 72.00 50.47 99.17
12:37:59 50.63 50.47 99.17
12:38:00 36.58 50.47 99.17
12:38:01 26.33 50.47 99.17
12:38:02 19.79 50.47 99.17
12:38:03 15.07 50.47 99.17
12:38:04 11.39 50.47 99.17
12:38:05 9.11 50.47 99.17
12:38:06 6.56 50.47 99.17
12:38:07 4.55 50.47 99.17
12:38:08 3.94 50.47 99.17
12:38:09 2.24 50.47 99.17
12:38:10 1.31 50.47 99.17
12:38:11 0.88 50.47 99.17
12:38:12 0.20 50.47 99.17
12:38:13 -0.35 50.47 99.17
12:38:14 -1.12 50.47 99.17
12:38:15 -1.34 50.47 99.17
12:38:16 -1.45 50.47 99.17
12:38:17 -2.05 50.47 99.17
12:38:18 -2.33 50.47 99.17
12:38:19 -2.37 50.47 99.17
12:38:20 -2.68 50.47 99.17
12:38:21 -2.64 50.47 99.17
12:38:22 -3.00 50.47 99.17
12:38:23 -2.89 50.47 99.17
12:38:24 -3.25 50.47 99.17
12:38:25 -3.41 50.47 99.17
12:38:26 -3.44 50.47 99.17
12:38:27 -3.77 50.47 99.17
12:38:28 -3.57 50.47 99.17
12:38:29 -3.69 50.47 99.17
12:38:30 -3.25 50.47 99.17
12:38:31 -3.82 50.47 99.17
12:38:32 -3.58 50.47 99.17
12:38:33 -3.65 50.47 99.17
12:38:34 -4.05 50.47 99.17
12:38:35 -3.67 50.47 99.17
12:38:36 -3.95 50.47 99.17
12:38:37 -4.18 50.47 99.17
12:38:38 -3.96 50.47 99.17
12:38:39 -3.88 50.47 99.17
12:38:40 -4.02 50.47 99.17
12:38:41 -3.76 50.47 99.17
12:38:42 -4.11 50.47 99.17
12:38:43 -4.28 50.47 99.17
12:38:44 -4.14 50.47 99.17
12:38:45 -3.91 50.47 99.17
12:38:46 -4.46 50.47 99.17
12:38:47 -4.19 50.47 99.17
12:38:48 -4.08 50.47 99.17
12:38:49 -4.21 50.47 99.17
12:38:50 -4.07 50.47 99.17
12:38:51 -4.43 50.47 99.17
12:38:52 -4.51 50.47 99.17
12:38:53 -4.04 50.47 99.17
12:38:54 -4.48 50.47 99.17
12:38:55 -4.02 50.47 99.17
12:38:56 -3.96 50.47 99.17
12:38:57 -4.23 50.47 99.17
12:38:58 -4.41 50.47 99.17
12:38:59 -4.02 50.47 99.17
12:39:00 -4.38 50.47 99.17
12:39:01 -4.44 50.47 99.17
12:39:02 -4.02 50.47 99.17
12:39:03 -4.04 50.47 99.17
12:39:04 -4.36 50.47 99.17
12:39:05 -3.97 50.47 99.17
12:39:06 -3.37 50.47 99.17
12:39:07 1.39 50.47 99.17
12:39:08 17.58 50.47 99.17
12:39:09 52.60 50.47 99.17
12:39:10 109.79 50.47 99.17
12:39:11 171.78 50.47 99.17
12:39:12 219.42 50.47 99.17
12:39:13 235.82 50.47 99.17
12:39:14 222.01 50.47 99.17
12:39:15 188.65 50.47 99.17
12:39:16 168.39 50.47 99.17
12:39:17 129.05 50.47 99.17
12:39:18 91.51 50.47 99.17
12:39:19 59.71 50.47 99.17
12:39:20 38.80 50.47 99.17
12:39:21 25.03 50.47 99.17
12:39:22 16.51 50.47 99.17
12:39:23 10.79 50.47 99.17
12:39:24 7.02 50.47 99.17
12:39:25 4.50 50.47 99.17
12:39:26 2.71 50.47 99.17
12:39:27 1.47 50.47 99.17
12:39:28 0.39 50.47 99.17
12:39:29 -0.60 50.47 99.17
12:39:30 -1.25 50.47 99.17
12:39:31 -1.58 50.47 99.17
12:39:32 -1.67 50.47 99.17
12:39:33 -2.49 50.47 99.17
12:39:34 -2.97 50.47 99.17
12:39:35 -3.09 50.47 99.17
12:39:36 -3.60 50.47 99.17
12:39:37 -3.22 50.47 99.17
12:39:38 -3.30 50.47 99.17
12:39:39 -3.40 50.47 99.17
12:39:40 -3.62 50.47 99.17
12:39:41 -3.16 50.47 99.17
12:39:42 -3.50 50.47 99.17
12:39:43 -3.55 50.47 99.17
12:39:44 0.38 50.47 99.17
12:39:45 13.65 50.47 99.17
12:39:46 48.70 50.47 99.17
12:39:47 107.27 50.47 99.17
12:39:48 181.39 50.47 99.17
12:39:49 243.64 50.47 99.17
12:39:50 274.98 50.47 99.17
12:39:51 267.25 50.47 99.17
12:39:52 233.72 50.47 99.17
12:39:53 186.69 50.47 99.17
12:39:54 137.02 50.47 99.17
12:39:55 90.70 50.47 99.17
12:39:56 57.82 50.47 99.17
12:39:57 36.32 50.47 99.17
12:39:58 22.86 50.47 99.17
12:39:59 13.95 50.47 99.18
12:40:00 10.96 50.47 99.18
12:40:01 6.79 50.47 99.18
12:40:02 3.71 50.47 99.17
12:40:03 1.91 50.47 99.17
12:40:04 0.39 50.47 99.17
12:40:05 -0.96 50.47 99.17
12:40:06 -1.13 50.47 99.17
12:40:07 -1.93 50.47 99.17
12:40:08 -2.48 50.47 99.17
12:40:09 -2.92 50.47 99.17
12:40:10 -3.45 50.47 99.17
12:40:11 -3.31 50.47 99.17
12:40:12 -3.49 50.47 99.17
12:40:13 -3.55 50.47 99.17
12:40:14 -3.72 50.47 99.17
12:40:15 -3.83 50.47 99.17
12:40:16 -3.70 50.47 99.17
12:40:17 -3.82 50.47 99.17
12:40:18 -3.84 50.47 99.17
12:40:19 -2.79 50.47 99.17
12:40:20 1.74 50.47 99.17
12:40:21 8.90 50.47 99.17
12:40:22 44.69 50.47 99.17
12:40:23 123.70 50.47 99.17
12:40:24 244.44 50.47 99.17
12:40:25 378.58 50.47 99.17
12:40:26 473.98 50.47 99.17
12:40:27 505.74 50.47 99.17
12:40:28 473.26 50.47 99.17
12:40:29 398.60 50.47 99.17
12:40:30 313.10 50.47 99.17
12:40:31 229.03 50.47 99.17
12:40:32 152.58 50.47 99.17
12:40:33 100.02 50.47 99.17
12:40:34 65.47 50.47 99.17
12:40:35 43.08 50.47 99.17
12:40:36 28.61 50.47 99.17
12:40:37 19.52 50.47 99.17
12:40:38 13.47 50.47 99.17
12:40:39 9.27 50.47 99.17
12:40:40 5.92 50.47 99.18
12:40:41 4.09 50.47 99.17
12:40:42 2.70 50.47 99.17
12:40:43 1.84 50.47 99.17
12:40:44 0.66 50.47 99.17
12:40:45 -0.27 50.47 99.17
12:40:46 -0.66 50.47 99.17
12:40:47 -1.26 50.47 99.17
12:40:48 -2.29 50.47 99.18
12:40:49 -2.30 50.47 99.17
12:40:50 -2.58 50.47 99.17
12:40:51 -3.03 50.47 99.17
12:40:52 -3.03 50.47 99.17
12:40:53 -3.06 50.47 99.17
12:40:54 -3.29 50.47 99.17
12:40:55 -3.53 50.47 99.17
12:40:56 -3.53 50.47 99.17
12:40:57 -2.96 50.47 99.17
12:40:58 1.37 50.47 99.17
12:40:59 17.23 50.47 99.17
12:41:00 57.26 50.47 99.17
12:41:01 125.39 50.47 99.17
12:41:02 206.63 50.47 99.17
12:41:03 274.45 50.47 99.17
12:41:04 306.75 50.47 99.17
12:41:05 306.29 50.47 99.17
12:41:06 278.93 50.47 99.17
12:41:07 231.27 50.47 99.17
12:41:08 178.55 50.47 99.17
12:41:09 123.14 50.47 99.17
12:41:10 80.00 50.47 99.17
12:41:11 51.32 50.47 99.17
12:41:12 32.53 50.47 99.17
12:41:13 20.81 50.47 99.17
12:41:14 13.48 50.47 99.17
12:41:15 8.08 50.47 99.17
12:41:16 5.38 50.47 99.17
12:41:17 3.16 50.47 99.17
12:41:18 1.39 50.47 99.17
12:41:19 0.40 50.47 99.17
12:41:20 -0.68 50.47 99.17
12:41:21 -1.31 50.47 99.17
12:41:22 -1.68 50.47 99.17
12:41:23 -2.18 50.47 99.17
12:41:24 -2.65 50.47 99.17
12:41:25 -3.09 50.47 99.17
12:41:26 -3.00 50.47 99.17
12:41:27 -3.12 50.47 99.17
12:41:28 -3.12 50.47 99.17
12:41:29 -3.44 50.47 99.17
12:41:30 -3.30 50.47 99.17
12:41:31 -3.78 50.47 99.17
12:41:32 -3.53 50.47 99.17
12:41:33 -3.61 50.47 99.17
12:41:34 -1.05 50.47 99.17
12:41:35 13.15 50.47 99.17
12:41:36 62.74 50.47 99.17
12:41:37 173.62 50.47 99.17
12:41:38 350.31 50.47 99.17
12:41:39 544.19 50.47 99.17
12:41:40 690.01 50.47 99.17
12:41:41 740.93 50.47 99.17
12:41:42 700.21 50.47 99.17
12:41:43 597.49 50.47 99.17
12:41:44 475.75 50.47 99.17
12:41:45 344.53 50.47 99.17
12:41:46 234.96 50.47 99.17
12:41:47 157.04 50.47 99.17
12:41:48 128.33 50.47 99.17
12:41:49 87.23 50.47 99.17
12:41:50 59.55 50.47 99.17
12:41:51 42.61 50.47 99.17
12:41:52 31.11 50.47 99.17
12:41:53 22.90 50.47 99.17
12:41:54 17.34 50.47 99.17
12:41:55 13.42 50.47 99.17
12:41:56 10.10 50.47 99.17
12:41:57 7.59 50.47 99.17
12:41:58 5.27 50.47 99.17
12:41:59 4.11 50.47 99.17
12:42:00 2.65 50.47 99.17
12:42:01 1.53 50.47 99.17
12:42:02 1.02 50.47 99.17
12:42:03 0.75 50.47 99.15
12:42:04 0.77 50.47 99.15
12:42:05 0.69 50.47 99.15
