"2016-04-25 at 16:25"
Time(H:M:S) CO2(ppm) CellTemp(c) CellPres(kPa)
16:25:55 -4.99 50.47 98.51
16:25:56 -5.38 50.47 98.49
16:25:57 -5.35 50.47 98.51
16:25:58 -5.03 50.47 98.51
16:25:59 -4.94 50.47 98.51
16:26:00 -4.82 50.47 98.51
16:26:01 -4.73 50.47 98.51
16:26:02 -4.93 50.47 98.51
16:26:03 -4.94 50.47 98.49
16:26:04 -5.00 50.47 98.51
16:26:05 -5.13 50.47 98.51
16:26:06 -4.84 50.47 98.51
16:26:07 -4.74 50.47 98.51
16:26:08 -5.09 50.47 98.51
16:26:09 -4.56 50.47 98.51
16:26:10 -5.23 50.47 98.51
16:26:11 -4.99 50.47 98.51
16:26:12 -4.79 50.47 98.51
16:26:13 -4.90 50.47 98.51
16:26:14 -4.86 50.47 98.51
16:26:15 -4.72 50.47 98.49
16:26:16 -4.97 50.47 98.49
16:26:17 -4.85 50.47 98.51
16:26:18 -4.88 50.47 98.51
16:26:19 -4.66 50.47 98.51
16:26:20 -1.42 50.47 98.51
16:26:21 14.33 50.47 98.51
16:26:22 57.08 50.47 98.51
16:26:23 139.52 50.47 98.51
16:26:24 246.18 50.47 98.51
16:26:25 298.94 50.47 98.51
16:26:26 377.73 50.47 98.51
16:26:27 401.05 50.47 98.51
16:26:28 373.28 50.47 98.51
16:26:29 313.23 50.47 98.51
16:26:30 235.21 50.47 98.51
16:26:31 162.96 50.47 98.51
16:26:32 109.05 50.47 98.51
16:26:33 71.40 50.47 98.51
16:26:34 46.96 50.47 98.51
16:26:35 31.26 50.47 98.51
16:26:36 21.35 50.47 98.51
16:26:37 14.81 50.47 98.51
16:26:38 10.20 50.47 98.51
16:26:39 7.22 50.47 98.51
16:26:40 4.82 50.47 98.51
16:26:41 3.20 50.47 98.51
16:26:42 1.38 50.47 98.51
16:26:43 0.38 50.47 98.51
16:26:44 -0.58 50.47 98.51
16:26:45 -0.96 50.47 98.51
16:26:46 -1.46 50.47 98.51
16:26:47 -2.00 50.47 98.51
16:26:48 -2.32 50.47 98.51
16:26:49 -2.84 50.47 98.51
16:26:50 -3.15 50.47 98.51
16:26:51 -3.50 50.47 98.51
16:26:52 -3.15 50.47 98.49
16:26:53 -4.00 50.47 98.51
16:26:54 -4.18 50.47 98.51
16:26:55 -3.93 50.47 98.51
16:26:56 -3.84 50.47 98.51
16:26:57 -4.41 50.47 98.51
16:26:58 -4.50 50.47 98.51
16:26:59 -4.22 50.47 98.51
16:27:00 -3.84 50.47 98.51
16:27:01 -4.48 50.47 98.51
16:27:02 -3.79 50.47 98.51
16:27:03 -1.75 50.47 98.51
16:27:04 8.52 50.47 98.49
16:27:05 34.89 50.47 98.51
16:27:06 81.91 50.47 98.51
16:27:07 138.59 50.47 98.51
16:27:08 187.30 50.47 98.51
16:27:09 202.29 50.47 98.51
16:27:10 210.80 50.47 98.51
16:27:11 193.13 50.47 98.51
16:27:12 159.96 50.47 98.51
16:27:13 123.86 50.47 98.51
16:27:14 88.63 50.47 98.51
16:27:15 58.60 50.47 98.51
16:27:16 38.71 50.47 98.51
16:27:17 25.91 50.47 98.51
16:27:18 17.27 50.47 98.51
16:27:19 11.75 50.47 98.51
16:27:20 7.60 50.47 98.51
16:27:21 5.57 50.47 98.51
16:27:22 3.47 50.47 98.51
16:27:23 1.52 50.47 98.51
16:27:24 0.69 50.47 98.51
16:27:25 0.04 50.47 98.51
16:27:26 -1.13 50.47 98.51
16:27:27 -1.36 50.47 98.51
16:27:28 -2.17 50.47 98.51
16:27:29 -2.62 50.47 98.51
16:27:30 -2.81 50.47 98.51
16:27:31 -2.99 50.47 98.51
16:27:32 -3.05 50.47 98.51
16:27:33 -3.61 50.47 98.51
16:27:34 -3.83 50.47 98.51
16:27:35 -3.81 50.47 98.51
16:27:36 -3.98 50.47 98.49
16:27:37 -4.02 50.47 98.51
16:27:38 -4.37 50.47 98.51
16:27:39 -3.85 50.47 98.51
16:27:40 -4.36 50.47 98.51
16:27:41 -4.43 50.47 98.51
16:27:42 -3.57 50.47 98.51
16:27:43 -0.08 50.47 98.51
16:27:44 9.86 50.47 98.51
16:27:45 31.16 50.47 98.51
16:27:46 60.43 50.47 98.51
16:27:47 89.01 50.47 98.51
16:27:48 106.67 50.47 98.51
16:27:49 108.63 50.47 98.51
16:27:50 96.72 50.47 98.51
16:27:51 78.27 50.47 98.51
16:27:52 68.73 50.47 98.51
16:27:53 48.70 50.47 98.51
16:27:54 30.77 50.47 98.51
16:27:55 18.54 50.47 98.51
16:27:56 10.81 50.47 98.51
16:27:57 5.82 50.47 98.51
16:27:58 2.90 50.47 98.51
16:27:59 0.95 50.47 98.51
16:28:00 -0.68 50.47 98.51
16:28:01 -1.31 50.47 98.51
16:28:02 -2.10 50.47 98.51
16:28:03 -2.66 50.47 98.51
16:28:04 -3.14 50.47 98.51
16:28:05 -3.58 50.47 98.51
16:28:06 -3.33 50.47 98.51
16:28:07 -3.75 50.47 98.51
16:28:08 -3.70 50.47 98.51
16:28:09 -4.31 50.47 98.51
16:28:10 -3.96 50.47 98.51
16:28:11 -4.77 50.47 98.51
16:28:12 -4.60 50.47 98.51
16:28:13 -4.54 50.47 98.51
16:28:14 -4.50 50.47 98.51
16:28:15 -4.53 50.47 98.51
16:28:16 -4.51 50.47 98.51
16:28:17 -4.23 50.47 98.51
16:28:18 -4.75 50.47 98.51
16:28:19 -4.82 50.47 98.51
16:28:20 -4.65 50.47 98.51
16:28:21 -4.29 50.47 98.51
16:28:22 -3.70 50.47 98.51
16:28:23 -0.03 50.47 98.51
16:28:24 8.12 50.47 98.51
16:28:25 21.71 50.47 98.51
16:28:26 37.39 50.47 98.51
16:28:27 50.95 50.47 98.51
16:28:28 56.28 50.47 98.51
16:28:29 54.06 50.47 98.51
16:28:30 44.96 50.47 98.51
16:28:31 34.65 50.47 98.51
16:28:32 24.48 50.47 98.51
16:28:33 16.43 50.47 98.51
16:28:34 9.74 50.47 98.49
16:28:35 5.55 50.47 98.51
16:28:36 4.07 50.47 98.51
16:28:37 1.48 50.47 98.51
16:28:38 -0.29 50.47 98.51
16:28:39 -1.38 50.47 98.51
16:28:40 -2.26 50.47 98.51
16:28:41 -2.93 50.47 98.51
16:28:42 -3.25 50.47 98.51
16:28:43 -3.68 50.47 98.51
16:28:44 -3.79 50.47 98.51
16:28:45 -3.55 50.47 98.51
16:28:46 -4.63 50.47 98.51
16:28:47 -4.39 50.47 98.51
16:28:48 -4.19 50.47 98.51
16:28:49 -4.62 50.47 98.51
16:28:50 -4.57 50.47 98.51
16:28:51 -4.50 50.47 98.51
16:28:52 -4.36 50.47 98.51
16:28:53 -4.65 50.47 98.51
16:28:54 -4.50 50.47 98.51
16:28:55 -4.55 50.47 98.51
16:28:56 -4.72 50.47 98.51
16:28:57 -4.58 50.47 98.51
16:28:58 -2.24 50.47 98.51
16:28:59 0.95 50.47 98.51
16:29:00 7.49 50.47 98.51
16:29:01 14.46 50.47 98.51
16:29:02 20.95 50.47 98.51
16:29:03 23.74 50.47 98.51
16:29:04 21.83 50.47 98.51
16:29:05 17.88 50.47 98.51
16:29:06 13.06 50.47 98.51
16:29:07 8.77 50.47 98.51
16:29:08 4.46 50.47 98.51
16:29:09 1.02 50.47 98.51
16:29:10 -0.78 50.47 98.51
16:29:11 -1.80 50.47 98.51
16:29:12 -2.73 50.47 98.51
16:29:13 -3.16 50.47 98.51
16:29:14 -3.71 50.47 98.51
16:29:15 -3.90 50.47 98.51
16:29:16 -4.18 50.47 98.51
16:29:17 -4.28 50.47 98.51
16:29:18 -4.55 50.47 98.51
16:29:19 -4.39 50.47 98.51
16:29:20 -4.33 50.47 98.51
16:29:21 -4.78 50.47 98.51
16:29:22 -4.99 50.47 98.51
16:29:23 -4.54 50.47 98.51
16:29:24 -4.57 50.47 98.51
16:29:25 -4.55 50.47 98.51
16:29:26 -4.68 50.47 98.51
16:29:27 -4.75 50.47 98.51
16:29:28 -4.89 50.47 98.51
16:29:29 -4.62 50.47 98.51
16:29:30 -4.86 50.47 98.51
16:29:31 -4.68 50.47 98.51
16:29:32 -4.51 50.47 98.51
16:29:33 -3.19 50.47 98.51
16:29:34 -0.79 50.47 98.51
16:29:35 2.33 50.47 98.51
16:29:36 6.23 50.47 98.51
16:29:37 7.97 50.47 98.51
16:29:38 8.34 50.47 98.51
16:29:39 6.87 50.47 98.51
16:29:40 4.99 50.47 98.51
16:29:41 3.79 50.47 98.51
16:29:42 1.56 50.47 98.51
16:29:43 -0.86 50.47 98.51
16:29:44 -1.70 50.47 98.51
16:29:45 -2.64 50.47 98.51
16:29:46 -3.87 50.47 98.51
16:29:47 -3.79 50.47 98.51
16:29:48 -4.42 50.47 98.51
16:29:49 -4.47 50.47 98.51
16:29:50 -4.58 50.47 98.51
16:29:51 -4.78 50.47 98.51
16:29:52 -4.39 50.47 98.51
16:29:53 -4.59 50.47 98.51
16:29:54 -4.64 50.47 98.51
16:29:55 -4.79 50.47 98.51
16:29:56 -4.74 50.47 98.51
16:29:57 -5.07 50.47 98.51
16:29:58 -4.82 50.47 98.51
16:29:59 -4.93 50.47 98.51
16:30:00 -5.02 50.47 98.51
16:30:01 -4.60 50.47 98.51
16:30:02 -4.65 50.47 98.51
16:30:03 -4.91 50.47 98.51
16:30:04 -5.08 50.47 98.51
16:30:05 -4.71 50.47 98.51
16:30:06 -5.13 50.47 98.51
16:30:07 -4.87 50.47 98.51
16:30:08 -5.30 50.47 98.51
16:30:09 -4.36 50.47 98.51
16:30:10 -5.23 50.47 98.51
16:30:11 -4.61 50.47 98.51
16:30:12 -4.98 50.47 98.51
16:30:13 -4.79 50.47 98.51
16:30:14 -4.95 50.47 98.51
16:30:15 -4.99 50.47 98.51
16:30:16 -5.12 50.47 98.51
16:30:17 -4.88 50.47 98.51
16:30:18 -5.20 50.47 98.51
16:30:19 -4.91 50.47 98.51
16:30:20 -5.02 50.47 98.51
16:30:21 -4.97 50.47 98.51
16:30:22 -4.65 50.47 98.51
16:30:23 -5.14 50.47 98.51
16:30:24 -4.79 50.47 98.51
16:30:25 -5.18 50.47 98.51
16:30:26 -4.80 50.47 98.51
16:30:27 -3.71 50.47 98.51
16:30:28 4.83 50.47 98.51
16:30:29 36.15 50.47 98.51
16:30:30 112.12 50.47 98.51
16:30:31 236.45 50.47 98.51
16:30:32 382.42 50.47 98.51
16:30:33 494.43 50.47 98.51
16:30:34 538.17 50.47 98.49
16:30:35 510.34 50.47 98.49
16:30:36 435.04 50.47 98.51
16:30:37 343.44 50.47 98.51
16:30:38 254.75 50.47 98.51
16:30:39 183.65 50.47 98.51
16:30:40 127.77 50.47 98.51
16:30:41 82.95 50.47 98.49
16:30:42 56.03 50.47 98.51
16:30:43 38.25 50.47 98.51
16:30:44 27.12 50.47 98.51
16:30:45 19.74 50.47 98.51
16:30:46 16.79 50.47 98.51
16:30:47 12.23 50.47 98.51
16:30:48 8.93 50.47 98.51
16:30:49 6.90 50.47 98.51
16:30:50 4.13 50.47 98.51
16:30:51 2.52 50.47 98.51
16:30:52 2.05 50.47 98.51
16:30:53 0.64 50.47 98.51
16:30:54 -0.41 50.47 98.51
16:30:55 -0.61 50.47 98.51
16:30:56 -1.45 50.47 98.51
16:30:57 -2.02 50.47 98.51
16:30:58 -2.37 50.47 98.51
16:30:59 -2.65 50.47 98.51
16:31:00 -2.89 50.47 98.51
16:31:01 -3.22 50.47 98.51
16:31:02 -3.30 50.47 98.51
16:31:03 -3.46 50.47 98.51
16:31:04 -3.81 50.47 98.51
16:31:05 -3.59 50.47 98.51
16:31:06 -3.35 50.47 98.51
16:31:07 -4.38 50.47 98.51
16:31:08 -4.39 50.47 98.51
16:31:09 -4.37 50.47 98.51
16:31:10 -4.17 50.47 98.51
16:31:11 -4.20 50.47 98.51
16:31:12 -4.50 50.47 98.49
16:31:13 -4.42 50.47 98.49
16:31:14 -4.33 50.47 98.51
16:31:15 -4.55 50.47 98.51
16:31:16 -4.03 50.47 98.49
16:31:17 -2.83 50.47 98.49
16:31:18 8.47 50.47 98.51
16:31:19 48.49 50.47 98.49
16:31:20 143.70 50.47 98.49
16:31:21 296.43 50.47 98.49
16:31:22 470.63 50.47 98.49
16:31:23 601.43 50.47 98.49
16:31:24 647.44 50.47 98.49
16:31:25 609.30 50.47 98.49
16:31:26 518.09 50.47 98.49
16:31:27 407.10 50.47 98.49
16:31:28 302.95 50.47 98.51
16:31:29 259.53 50.47 98.51
16:31:30 179.98 50.47 98.51
16:31:31 119.19 50.47 98.51
16:31:32 80.48 50.47 98.51
16:31:33 55.68 50.47 98.51
16:31:34 40.24 50.47 98.51
16:31:35 29.11 50.47 98.51
16:31:36 21.67 50.47 98.51
16:31:37 16.42 50.47 98.51
16:31:38 12.75 50.47 98.49
16:31:39 9.38 50.47 98.49
16:31:40 6.94 50.47 98.51
16:31:41 5.21 50.47 98.51
16:31:42 3.60 50.47 98.51
16:31:43 2.53 50.47 98.49
16:31:44 1.27 50.47 98.49
16:31:45 0.33 50.47 98.51
16:31:46 -0.20 50.47 98.49
16:31:47 -0.88 50.47 98.49
16:31:48 -1.38 50.47 98.49
16:31:49 -1.82 50.47 98.51
16:31:50 -2.50 50.47 98.51
16:31:51 -2.79 50.47 98.49
16:31:52 -2.69 50.47 98.49
16:31:53 -2.90 50.47 98.51
16:31:54 -3.38 50.47 98.51
16:31:55 -3.45 50.47 98.51
16:31:56 -3.22 50.47 98.51
16:31:57 -3.66 50.47 98.49
16:31:58 -3.39 50.47 98.49
16:31:59 -3.89 50.47 98.49
16:32:00 -3.99 50.47 98.49
16:32:01 -3.93 50.47 98.49
16:32:02 -4.12 50.47 98.49
16:32:03 -1.77 50.47 98.51
16:32:04 10.71 50.47 98.49
16:32:05 54.61 50.47 98.49
16:32:06 153.29 50.47 98.49
16:32:07 307.34 50.47 98.49
16:32:08 475.62 50.47 98.49
16:32:09 594.88 50.47 98.49
16:32:10 631.07 50.47 98.49
16:32:11 587.14 50.47 98.49
16:32:12 495.52 50.47 98.49
16:32:13 442.28 50.47 98.49
16:32:14 337.36 50.47 98.49
16:32:15 246.76 50.47 98.49
16:32:16 177.64 50.47 98.49
16:32:17 117.74 50.47 98.49
16:32:18 80.88 50.47 98.49
16:32:19 57.17 50.47 98.49
16:32:20 41.31 50.47 98.49
16:32:21 31.28 50.47 98.49
16:32:22 23.40 50.47 98.49
16:32:23 18.12 50.47 98.49
16:32:24 13.84 50.47 98.49
16:32:25 10.80 50.47 98.49
16:32:26 7.98 50.47 98.49
16:32:27 6.16 50.47 98.49
16:32:28 4.33 50.47 98.49
16:32:29 3.11 50.47 98.49
16:32:30 2.19 50.47 98.49
16:32:31 0.99 50.47 98.49
16:32:32 0.21 50.47 98.49
16:32:33 -0.39 50.47 98.49
16:32:34 -0.71 50.47 98.49
16:32:35 -1.45 50.47 98.49
16:32:36 -1.74 50.47 98.49
16:32:37 -2.16 50.47 98.49
16:32:38 -2.61 50.47 98.49
16:32:39 -2.41 50.47 98.49
16:32:40 -3.14 50.47 98.49
16:32:41 -3.42 50.47 98.49
16:32:42 -3.18 50.47 98.49
16:32:43 -3.38 50.47 98.49
16:32:44 -3.71 50.47 98.49
16:32:45 -3.84 50.47 98.49
16:32:46 -3.59 50.47 98.49
16:32:47 -3.74 50.47 98.49
16:32:48 -4.02 50.47 98.49
16:32:49 -3.94 50.47 98.49
16:32:50 -3.61 50.47 98.49
16:32:51 -1.55 50.47 98.49
16:32:52 3.67 50.47 98.49
16:32:53 15.53 50.47 98.49
16:32:54 32.23 50.47 98.49
16:32:55 48.41 50.47 98.49
16:32:56 54.85 50.47 98.49
16:32:57 60.63 50.47 98.49
16:32:58 58.06 50.47 98.49
16:32:59 49.58 50.47 98.49
16:33:00 38.59 50.47 98.49
16:33:01 26.89 50.47 98.49
16:33:02 18.56 50.47 98.49
16:33:03 11.95 50.47 98.49
16:33:04 7.33 50.47 98.49
16:33:05 3.24 50.47 98.49
16:33:06 1.33 50.47 98.49
16:33:07 -0.18 50.47 98.49
16:33:08 -1.48 50.47 98.49
16:33:09 -1.99 50.47 98.49
16:33:10 -2.30 50.47 98.49
16:33:11 -2.93 50.47 98.49
16:33:12 -2.96 50.47 98.49
16:33:13 -3.47 50.47 98.49
16:33:14 -3.56 50.47 98.49
16:33:15 -3.79 50.47 98.49
16:33:16 -3.83 50.47 98.49
16:33:17 -4.45 50.47 98.49
16:33:18 -4.34 50.47 98.49
16:33:19 -4.24 50.47 98.49
16:33:20 -4.04 50.47 98.49
16:33:21 -4.37 50.47 98.49
16:33:22 -3.88 50.47 98.49
16:33:23 -4.51 50.47 98.49
16:33:24 -4.81 50.47 98.49
16:33:25 -4.80 50.47 98.49
16:33:26 -4.42 50.47 98.49
16:33:27 -4.31 50.47 98.49
16:33:28 -4.48 50.47 98.49
16:33:29 -4.84 50.47 98.49
16:33:30 -4.60 50.47 98.49
16:33:31 -4.80 50.47 98.48
16:33:32 -3.61 50.47 98.48
16:33:33 2.18 50.47 98.49
16:33:34 31.54 50.47 98.49
16:33:35 114.72 50.47 98.48
16:33:36 272.21 50.47 98.48
16:33:37 485.64 50.47 98.48
16:33:38 678.63 50.47 98.48
16:33:39 784.84 50.47 98.48
16:33:40 795.63 50.47 98.48
16:33:41 744.03 50.47 98.48
16:33:42 630.93 50.47 98.48
16:33:43 496.14 50.47 98.48
16:33:44 371.21 50.47 98.48
16:33:45 269.52 50.47 98.48
16:33:46 193.67 50.47 98.48
16:33:47 132.71 50.47 98.48
16:33:48 92.63 50.47 98.49
16:33:49 66.47 50.47 98.49
16:33:50 50.24 50.47 98.48
16:33:51 38.32 50.47 98.48
16:33:52 30.16 50.47 98.48
16:33:53 23.94 50.47 98.48
16:33:54 19.45 50.47 98.48
16:33:55 15.10 50.47 98.48
16:33:56 12.11 50.47 98.48
16:33:57 9.44 50.47 98.48
16:33:58 7.46 50.47 98.48
16:33:59 5.88 50.47 98.48
16:34:00 4.29 50.47 98.48
16:34:01 3.23 50.47 98.48
16:34:02 2.22 50.47 98.48
16:34:03 1.51 50.47 98.48
16:34:04 0.65 50.47 98.48
16:34:05 -0.15 50.47 98.48
16:34:06 -0.65 50.47 98.48
16:34:07 -1.31 50.47 98.48
16:34:08 -1.62 50.47 98.48
16:34:09 -1.64 50.47 98.46
16:34:10 -2.22 50.47 98.48
16:34:11 -2.33 50.47 98.48
16:34:12 -3.04 50.47 98.48
16:34:13 -3.06 50.47 98.48
16:34:14 -2.87 50.47 98.48
16:34:15 -3.37 50.47 98.48
16:34:16 -3.58 50.47 98.48
16:34:17 -3.59 50.47 98.48
16:34:18 -3.14 50.47 98.48
16:34:19 -3.91 50.47 98.48
16:34:20 -3.17 50.47 98.48
16:34:21 -0.75 50.47 98.48
16:34:22 15.53 50.47 98.48
16:34:23 35.43 50.47 98.48
16:34:24 116.55 50.47 98.48
16:34:25 256.33 50.47 98.48
16:34:26 429.91 50.47 98.48
16:34:27 572.55 50.47 98.48
16:34:28 638.26 50.47 98.48
16:34:29 616.86 50.47 98.48
16:34:30 533.02 50.47 98.48
16:34:31 424.92 50.47 98.48
16:34:32 317.98 50.47 98.48
16:34:33 229.17 50.47 98.48
16:34:34 162.07 50.47 98.48
16:34:35 113.62 50.47 98.48
16:34:36 74.71 50.47 98.48
16:34:37 51.32 50.47 98.48
16:34:38 36.34 50.47 98.48
16:34:39 26.42 50.47 98.48
16:34:40 19.63 50.47 98.48
16:34:41 14.43 50.47 98.48
16:34:42 10.84 50.47 98.48
16:34:43 7.99 50.47 98.48
16:34:44 6.10 50.47 98.48
16:34:45 5.06 50.47 98.48
16:34:46 3.79 50.47 98.48
16:34:47 2.03 50.47 98.48
16:34:48 1.23 50.47 98.48
16:34:49 0.56 50.47 98.48
16:34:50 -0.07 50.47 98.48
16:34:51 -0.84 50.47 98.48
16:34:52 -1.62 50.47 98.48
16:34:53 -1.77 50.47 98.48
16:34:54 -1.74 50.47 98.48
16:34:55 -2.18 50.47 98.48
16:34:56 -2.97 50.47 98.48
16:34:57 -3.07 50.47 98.48
16:34:58 -3.10 50.47 98.48
16:34:59 -3.54 50.47 98.48
16:35:00 -3.25 50.47 98.48
16:35:01 -3.49 50.47 98.48
16:35:02 -3.51 50.47 98.48
16:35:03 -3.67 50.47 98.48
16:35:04 -3.57 50.47 98.48
16:35:05 -3.13 50.47 98.48
16:35:06 -1.78 50.47 98.48
16:35:07 11.37 50.47 98.48
16:35:08 62.84 50.47 98.48
16:35:09 184.38 50.47 98.48
16:35:10 389.75 50.47 98.48
16:35:11 627.35 50.47 98.48
16:35:12 811.61 50.47 98.48
16:35:13 880.73 50.47 98.48
16:35:14 838.58 50.47 98.48
16:35:15 717.62 50.47 98.48
16:35:16 569.54 50.47 98.48
16:35:17 425.40 50.47 98.48
16:35:18 307.87 50.47 98.48
16:35:19 220.03 50.47 98.48
16:35:20 150.45 50.47 98.48
16:35:21 99.57 50.47 98.48
16:35:22 69.50 50.47 98.48
16:35:23 49.44 50.47 98.48
16:35:24 36.44 50.47 98.48
16:35:25 27.30 50.47 98.48
16:35:26 20.58 50.47 98.48
16:35:27 16.29 50.47 98.48
16:35:28 14.32 50.47 98.48
16:35:29 10.60 50.47 98.48
16:35:30 8.52 50.47 98.48
16:35:31 6.29 50.47 98.48
16:35:32 4.46 50.47 98.48
16:35:33 3.70 50.47 98.48
16:35:34 1.73 50.47 98.48
16:35:35 1.48 50.47 98.48
16:35:36 0.31 50.47 98.48
16:35:37 -0.35 50.47 98.48
16:35:38 -0.98 50.47 98.48
16:35:39 -1.32 50.47 98.48
16:35:40 -1.62 50.47 98.48
16:35:41 -2.07 50.47 98.48
16:35:42 -2.50 50.47 98.48
16:35:43 -2.38 50.47 98.48
16:35:44 -3.12 50.47 98.48
16:35:45 -3.21 50.47 98.48
16:35:46 -3.18 50.47 98.48
16:35:47 -3.79 50.47 98.48
16:35:48 -3.24 50.47 98.48
16:35:49 -3.49 50.47 98.48
16:35:50 -3.57 50.47 98.48
16:35:51 -3.80 50.47 98.48
16:35:52 -3.52 50.47 98.48
16:35:53 -3.65 50.47 98.48
16:35:54 -1.91 50.47 98.48
16:35:55 8.60 50.47 98.47
16:35:56 45.96 50.47 98.47
16:35:57 127.29 50.47 98.48
16:35:58 255.28 50.47 98.48
16:35:59 394.22 50.47 98.48
16:36:00 492.79 50.47 98.48
16:36:01 523.43 50.47 98.48
16:36:02 485.77 50.47 98.48
16:36:03 407.81 50.47 98.48
16:36:04 318.07 50.47 98.48
16:36:05 235.54 50.47 98.48
16:36:06 167.42 50.47 98.48
16:36:07 118.58 50.47 98.48
16:36:08 78.93 50.47 98.48
16:36:09 51.87 50.47 98.48
16:36:10 35.50 50.47 98.48
16:36:11 24.83 50.47 98.48
16:36:12 21.09 50.47 98.48
16:36:13 15.10 50.47 98.48
16:36:14 10.92 50.47 98.48
16:36:15 7.61 50.47 98.48
16:36:16 5.68 50.47 98.48
16:36:17 3.71 50.47 98.48
16:36:18 2.35 50.47 98.48
16:36:19 1.60 50.47 98.48
16:36:20 0.47 50.47 98.48
16:36:21 -0.53 50.47 98.48
16:36:22 -1.14 50.47 98.48
16:36:23 -1.60 50.47 98.48
16:36:24 -1.38 50.47 98.48
16:36:25 -2.31 50.47 98.48
16:36:26 -2.64 50.47 98.48
16:36:27 -2.77 50.47 98.48
16:36:28 -2.98 50.47 98.48
16:36:29 -3.04 50.47 98.48
16:36:30 -3.31 50.47 98.48
16:36:31 -3.46 50.47 98.48
16:36:32 -3.69 50.47 98.48
16:36:33 -3.68 50.47 98.48
16:36:34 -3.79 50.47 98.48
16:36:35 -3.85 50.47 98.48
16:36:36 -3.94 50.47 98.48
16:36:37 -3.86 50.47 98.48
16:36:38 -4.36 50.47 98.48
16:36:39 -4.37 50.47 98.48
16:36:40 -4.18 50.47 98.48
16:36:41 -3.92 50.47 98.48
16:36:42 -4.30 50.47 98.48
16:36:43 -4.37 50.47 98.48
16:36:44 -4.32 50.47 98.48
16:36:45 -4.42 50.47 98.48
16:36:46 -4.40 50.47 98.48
16:36:47 -4.20 50.47 98.48
16:36:48 -4.76 50.47 98.48
16:36:49 -4.57 50.47 98.48
16:36:50 -4.49 50.47 98.48
16:36:51 -4.44 50.47 98.48
16:36:52 -4.51 50.47 98.48
16:36:53 -4.61 50.47 98.48
16:36:54 -4.56 50.47 98.48
16:36:55 -4.21 50.47 98.48
16:36:56 -4.40 50.47 98.48
16:36:57 -4.47 50.47 98.48
16:36:58 -4.48 50.47 98.48
16:36:59 -4.70 50.47 98.48
16:37:00 -4.59 50.47 98.48
16:37:01 -4.78 50.47 98.48
16:37:02 -4.62 50.47 98.48
16:37:03 -4.28 50.47 98.48
16:37:04 -4.70 50.47 98.47
16:37:05 -4.40 50.47 98.47
16:37:06 -4.68 50.47 98.48
16:37:07 -4.65 50.47 98.47
16:37:08 -4.66 50.47 98.47
16:37:09 -4.61 50.47 98.47
16:37:10 -4.81 50.47 98.47
16:37:11 -4.83 50.47 98.48
16:37:12 -4.60 50.47 98.47
16:37:13 -4.69 50.47 98.47
16:37:14 -4.62 50.47 98.47
16:37:15 -4.51 50.47 98.47
16:37:16 -4.90 50.47 98.48
16:37:17 -4.95 50.47 98.47
16:37:18 -3.97 50.47 98.47
16:37:19 -4.72 50.47 98.48
16:37:20 -4.66 50.47 98.48
16:37:21 -4.78 50.47 98.48
16:37:22 -4.79 50.47 98.47
16:37:23 -4.73 50.47 98.47
16:37:24 -4.37 50.47 98.47
16:37:25 -4.90 50.47 98.47
16:37:26 -4.51 50.47 98.47
16:37:27 -5.04 50.47 98.47
16:37:28 -4.44 50.47 98.47
16:37:29 -3.56 50.47 98.47
16:37:30 1.35 50.47 98.47
16:37:31 15.76 50.47 98.47
16:37:32 42.16 50.47 98.47
16:37:33 78.12 50.47 98.47
16:37:34 111.59 50.47 98.47
16:37:35 132.27 50.47 98.47
16:37:36 133.54 50.47 98.47
16:37:37 120.07 50.47 98.47
16:37:38 109.23 50.47 98.47
16:37:39 85.91 50.47 98.47
16:37:40 63.55 50.47 98.47
16:37:41 45.13 50.47 98.47
16:37:42 28.80 50.47 98.47
16:37:43 18.82 50.47 98.47
16:37:44 12.54 50.47 98.47
16:37:45 8.35 50.47 98.47
16:37:46 5.30 50.47 98.48
16:37:47 3.35 50.47 98.48
16:37:48 1.69 50.47 98.48
16:37:49 0.72 50.47 98.48
16:37:50 -0.61 50.47 98.48
16:37:51 -0.85 50.47 98.47
16:37:52 -1.86 50.47 98.47
16:37:53 -1.97 50.47 98.47
16:37:54 -2.40 50.47 98.47
16:37:55 -2.74 50.47 98.47
16:37:56 -3.44 50.47 98.47
16:37:57 -3.49 50.47 98.47
16:37:58 -3.48 50.47 98.47
16:37:59 -3.82 50.47 98.47
16:38:00 -3.86 50.47 98.47
16:38:01 -3.84 50.47 98.47
16:38:02 -4.21 50.47 98.47
16:38:03 -4.17 50.47 98.47
16:38:04 -3.98 50.47 98.47
16:38:05 -4.50 50.47 98.47
16:38:06 -3.66 50.47 98.47
16:38:07 -1.39 50.47 98.47
16:38:08 7.22 50.47 98.47
16:38:09 26.14 50.47 98.47
16:38:10 55.54 50.47 98.47
16:38:11 87.35 50.47 98.47
16:38:12 110.96 50.47 98.47
16:38:13 118.17 50.47 98.47
16:38:14 110.60 50.47 98.47
16:38:15 92.27 50.47 98.47
16:38:16 71.54 50.47 98.47
16:38:17 52.08 50.47 98.47
16:38:18 36.63 50.47 98.47
16:38:19 23.07 50.47 98.47
16:38:20 14.37 50.47 98.47
16:38:21 8.47 50.47 98.47
16:38:22 6.43 50.47 98.47
16:38:23 3.54 50.47 98.47
16:38:24 1.44 50.47 98.47
16:38:25 0.08 50.47 98.47
16:38:26 -0.68 50.47 98.47
16:38:27 -1.32 50.47 98.47
16:38:28 -2.25 50.47 98.47
16:38:29 -2.35 50.47 98.47
16:38:30 -3.04 50.47 98.47
16:38:31 -3.20 50.47 98.47
16:38:32 -3.02 50.47 98.47
16:38:33 -3.70 50.47 98.47
16:38:34 -3.82 50.47 98.47
16:38:35 -4.08 50.47 98.47
16:38:36 -4.09 50.47 98.47
16:38:37 -4.25 50.47 98.47
16:38:38 -4.25 50.47 98.47
16:38:39 -4.33 50.47 98.47
16:38:40 -4.33 50.47 98.47
16:38:41 -4.54 50.47 98.47
16:38:42 -4.11 50.47 98.47
16:38:43 -3.96 50.47 98.47
16:38:44 -4.18 50.47 98.47
16:38:45 -2.87 50.47 98.47
16:38:46 2.70 50.47 98.47
16:38:47 10.59 50.47 98.47
16:38:48 20.73 50.47 98.47
16:38:49 29.69 50.47 98.47
16:38:50 34.07 50.47 98.47
16:38:51 33.77 50.47 98.47
16:38:52 28.63 50.47 98.47
16:38:53 21.89 50.47 98.47
16:38:54 15.32 50.47 98.47
16:38:55 9.33 50.47 98.47
16:38:56 4.66 50.47 98.47
16:38:57 1.63 50.47 98.47
16:38:58 -0.96 50.47 98.47
16:38:59 -1.83 50.47 98.47
16:39:00 -2.60 50.47 98.47
16:39:01 -3.21 50.47 98.47
16:39:02 -3.08 50.47 98.47
16:39:03 -3.99 50.47 98.47
16:39:04 -3.77 50.47 98.47
16:39:05 -3.72 50.47 98.47
16:39:06 -4.50 50.47 98.47
16:39:07 -4.21 50.47 98.47
16:39:08 -4.36 50.47 98.47
16:39:09 -4.72 50.47 98.47
16:39:10 -4.16 50.47 98.47
16:39:11 -5.08 50.47 98.47
16:39:12 -4.25 50.47 98.47
16:39:13 -4.34 50.47 98.47
16:39:14 -4.69 50.47 98.47
16:39:15 -4.96 50.47 98.47
16:39:16 -4.59 50.47 98.47
16:39:17 -4.47 50.47 98.47
16:39:18 -4.86 50.47 98.47
16:39:19 -4.53 50.47 98.47
16:39:20 -4.85 50.47 98.47
16:39:21 -5.05 50.47 98.47
16:39:22 -4.63 50.47 98.47
16:39:23 -4.42 50.47 98.47
16:39:24 -3.37 50.47 98.47
16:39:25 1.98 50.47 98.47
16:39:26 18.84 50.47 98.47
16:39:27 32.19 50.47 98.47
16:39:28 69.13 50.47 98.47
16:39:29 109.26 50.47 98.47
16:39:30 140.99 50.47 98.47
16:39:31 152.42 50.47 98.47
16:39:32 143.52 50.47 98.47
16:39:33 122.18 50.47 98.47
16:39:34 95.91 50.47 98.47
16:39:35 70.47 50.47 98.47
16:39:36 50.15 50.47 98.47
16:39:37 32.99 50.47 98.47
16:39:38 21.03 50.47 98.47
16:39:39 13.14 50.47 98.47
16:39:40 8.76 50.47 98.47
16:39:41 5.52 50.47 98.47
16:39:42 3.33 50.47 98.47
16:39:43 1.45 50.47 98.47
16:39:44 0.22 50.47 98.47
16:39:45 -0.51 50.47 98.47
16:39:46 -1.28 50.47 98.47
16:39:47 -1.56 50.47 98.47
16:39:48 -2.46 50.47 98.47
16:39:49 -2.35 50.47 98.47
16:39:50 -2.76 50.47 98.47
16:39:51 -3.17 50.47 98.47
16:39:52 -3.16 50.47 98.47
16:39:53 -3.78 50.47 98.47
16:39:54 -3.76 50.47 98.47
16:39:55 -3.55 50.47 98.47
16:39:56 -4.43 50.47 98.47
16:39:57 -4.48 50.47 98.47
16:39:58 -4.16 50.47 98.47
16:39:59 -4.32 50.47 98.47
16:40:00 -4.41 50.47 98.47
16:40:01 -4.16 50.47 98.47
16:40:02 -4.37 50.47 98.47
16:40:03 -4.13 50.47 98.47
16:40:04 -4.79 50.47 98.47
16:40:05 -4.27 50.47 98.47
16:40:06 -3.40 50.47 98.47
16:40:07 2.35 50.47 98.47
16:40:08 16.58 50.47 98.47
16:40:09 41.83 50.47 98.47
16:40:10 57.98 50.47 98.47
16:40:11 88.97 50.47 98.45
16:40:12 111.41 50.47 98.45
16:40:13 117.60 50.47 98.47
16:40:14 108.30 50.47 98.47
16:40:15 90.43 50.47 98.47
16:40:16 68.75 50.47 98.47
16:40:17 50.52 50.47 98.45
16:40:18 31.96 50.47 98.45
16:40:19 19.80 50.47 98.47
16:40:20 12.02 50.47 98.47
16:40:21 6.60 50.47 98.47
16:40:22 4.05 50.47 98.47
16:40:23 1.93 50.47 98.47
16:40:24 0.06 50.47 98.47
16:40:25 -1.02 50.47 98.47
16:40:26 -1.81 50.47 98.47
16:40:27 -2.06 50.47 98.47
16:40:28 -2.89 50.47 98.47
16:40:29 -2.94 50.47 98.47
16:40:30 -3.21 50.47 98.47
16:40:31 -3.93 50.47 98.47
16:40:32 -3.99 50.47 98.47
16:40:33 -3.35 50.47 98.47
16:40:34 -4.19 50.47 98.47
16:40:35 -4.22 50.47 98.47
16:40:36 -4.25 50.47 98.47
16:40:37 -4.40 50.47 98.47
16:40:38 -4.20 50.47 98.47
16:40:39 -4.26 50.47 98.47
16:40:40 -4.43 50.47 98.47
16:40:41 -4.46 50.47 98.47
16:40:42 -4.56 50.47 98.47
16:40:43 -4.15 50.47 98.47
16:40:44 -0.62 50.47 98.47
16:40:45 12.21 50.47 98.47
16:40:46 42.59 50.47 98.47
16:40:47 94.79 50.47 98.47
16:40:48 155.06 50.47 98.47
16:40:49 203.03 50.47 98.45
16:40:50 223.32 50.47 98.45
16:40:51 213.43 50.47 98.47
16:40:52 182.95 50.47 98.47
16:40:53 143.87 50.47 98.47
16:40:54 124.98 50.47 98.47
16:40:55 91.22 50.47 98.47
16:40:56 60.79 50.47 98.47
16:40:57 38.79 50.47 98.47
16:40:58 25.31 50.47 98.47
16:40:59 15.89 50.47 98.47
16:41:00 10.27 50.47 98.47
16:41:01 7.19 50.47 98.47
16:41:02 4.31 50.47 98.45
16:41:03 2.27 50.47 98.45
16:41:04 1.21 50.47 98.47
16:41:05 -0.35 50.47 98.47
16:41:06 -0.86 50.47 98.47
16:41:07 -1.68 50.47 98.47
16:41:08 -1.77 50.47 98.47
16:41:09 -2.44 50.47 98.47
16:41:10 -2.73 50.47 98.47
16:41:11 -3.15 50.47 98.47
16:41:12 -3.26 50.47 98.47
16:41:13 -3.83 50.47 98.47
16:41:14 -3.92 50.47 98.47
16:41:15 -3.76 50.47 98.47
16:41:16 -4.17 50.47 98.47
16:41:17 -4.16 50.47 98.47
16:41:18 -4.02 50.47 98.47
16:41:19 -4.29 50.47 98.45
16:41:20 -4.02 50.47 98.45
16:41:21 -4.59 50.47 98.47
16:41:22 -4.50 50.47 98.47
16:41:23 -2.95 50.47 98.45
16:41:24 3.41 50.47 98.45
16:41:25 23.95 50.47 98.45
16:41:26 63.95 50.47 98.45
16:41:27 120.39 50.47 98.45
16:41:28 176.51 50.47 98.45
16:41:29 212.17 50.47 98.45
16:41:30 217.97 50.47 98.47
16:41:31 197.36 50.47 98.45
16:41:32 162.43 50.47 98.45
16:41:33 123.69 50.47 98.47
16:41:34 89.55 50.47 98.47
16:41:35 62.23 50.47 98.47
16:41:36 39.17 50.47 98.47
16:41:37 30.59 50.47 98.47
16:41:38 19.62 50.47 98.47
16:41:39 12.23 50.47 98.47
16:41:40 7.10 50.47 98.47
16:41:41 4.58 50.47 98.47
16:41:42 2.69 50.47 98.47
16:41:43 0.39 50.47 98.47
16:41:44 -0.16 50.47 98.47
16:41:45 -1.23 50.47 98.47
16:41:46 -1.85 50.47 98.47
16:41:47 -2.20 50.47 98.47
16:41:48 -2.65 50.47 98.47
16:41:49 -3.08 50.47 98.47
16:41:50 -3.63 50.47 98.47
16:41:51 -3.46 50.47 98.47
16:41:52 -3.79 50.47 98.47
16:41:53 -4.45 50.47 98.47
16:41:54 -4.28 50.47 98.47
16:41:55 -4.02 50.47 98.47
16:41:56 -4.29 50.47 98.47
16:41:57 -4.12 50.47 98.45
16:41:58 -4.61 50.47 98.45
16:41:59 -4.53 50.47 98.45
16:42:00 -4.66 50.47 98.47
16:42:01 -4.39 50.47 98.47
16:42:02 -4.21 50.47 98.47
16:42:03 -2.63 50.47 98.47
16:42:04 5.03 50.47 98.45
16:42:05 25.39 50.47 98.45
16:42:06 61.84 50.47 98.47
16:42:07 108.56 50.47 98.47
16:42:08 149.61 50.47 98.47
16:42:09 172.65 50.47 98.47
16:42:10 170.26 50.47 98.47
16:42:11 149.66 50.47 98.47
16:42:12 119.64 50.47 98.47
16:42:13 88.61 50.47 98.47
16:42:14 62.84 50.47 98.47
16:42:15 39.79 50.47 98.47
16:42:16 24.82 50.47 98.47
16:42:17 14.96 50.47 98.47
16:42:18 8.72 50.47 98.47
16:42:19 5.68 50.47 98.47
16:42:20 1.95 50.47 98.47
16:42:21 1.15 50.47 98.47
16:42:22 -0.02 50.47 98.47
16:42:23 -1.19 50.47 98.47
16:42:24 -1.85 50.47 98.47
16:42:25 -2.11 50.47 98.47
16:42:26 -2.66 50.47 98.47
16:42:27 -2.92 50.47 98.47
16:42:28 -3.68 50.47 98.47
16:42:29 -3.70 50.47 98.47
16:42:30 -3.95 50.47 98.47
16:42:31 -3.69 50.47 98.47
16:42:32 -4.04 50.47 98.47
16:42:33 -4.47 50.47 98.47
16:42:34 -3.93 50.47 98.47
16:42:35 -4.40 50.47 98.47
16:42:36 -4.88 50.47 98.47
16:42:37 -4.35 50.47 98.47
16:42:38 -4.58 50.47 98.47
16:42:39 -4.74 50.47 98.47
16:42:40 -4.88 50.47 98.47
16:42:41 -4.59 50.47 98.47
16:42:42 -4.61 50.47 98.47
16:42:43 -4.55 50.47 98.47
16:42:44 -4.80 50.47 98.47
16:42:45 -4.52 50.47 98.47
16:42:46 -4.98 50.47 98.47
16:42:47 -4.53 50.47 98.47
16:42:48 -4.66 50.47 98.47
16:42:49 -4.79 50.47 98.47
16:42:50 -4.94 50.47 98.47
16:42:51 -5.00 50.47 98.47
16:42:52 -4.92 50.47 98.47
16:42:53 -4.56 50.47 98.47
16:42:54 -4.58 50.47 98.47
16:42:55 -4.69 50.47 98.47
16:42:56 -4.72 50.47 98.47
16:42:57 -4.90 50.47 98.47
16:42:58 -4.81 50.47 98.47
16:42:59 -4.85 50.47 98.47
16:43:00 -4.96 50.47 98.47
16:43:01 -4.61 50.47 98.47
16:43:02 -4.91 50.47 98.47
16:43:03 -4.91 50.47 98.47
16:43:04 -4.98 50.47 98.47
16:43:05 -4.60 50.47 98.47
16:43:06 -5.00 50.47 98.47
16:43:07 -5.16 50.47 98.47
16:43:08 -4.68 50.47 98.47
16:43:09 -4.62 50.47 98.47
16:43:10 -4.75 50.47 98.47
16:43:11 -5.01 50.47 98.47
16:43:12 -4.80 50.47 98.47
16:43:13 -5.04 50.47 98.47
16:43:14 -5.15 50.47 98.47
16:43:15 -4.49 50.47 98.47
16:43:16 -5.16 50.47 98.47
16:43:17 -4.46 50.47 98.47
16:43:18 -4.97 50.47 98.47
16:43:19 -4.93 50.47 98.47
16:43:20 -4.64 50.47 98.47
16:43:21 -4.92 50.47 98.47
16:43:22 -5.02 50.47 98.47
16:43:23 -5.16 50.47 98.47
16:43:24 -4.69 50.47 98.47
16:43:25 -4.74 50.47 98.47
16:43:26 -5.01 50.47 98.47
16:43:27 -5.03 50.47 98.47
16:43:28 -5.26 50.47 98.47
16:43:29 -4.87 50.47 98.47
16:43:30 -5.11 50.47 98.47
16:43:31 -5.20 50.47 98.47
16:43:32 -4.80 50.47 98.47
16:43:33 -4.98 50.47 98.47
16:43:34 -4.84 50.47 98.47
16:43:35 -4.73 50.47 98.47
16:43:36 -4.99 50.47 98.47
16:43:37 -5.07 50.47 98.47
16:43:38 -4.75 50.47 98.47
16:43:39 -4.61 50.47 98.47
16:43:40 -3.22 50.47 98.47
16:43:41 0.33 50.47 98.47
16:43:42 7.89 50.47 98.47
16:43:43 18.85 50.47 98.47
16:43:44 29.27 50.47 98.47
16:43:45 36.41 50.47 98.47
16:43:46 38.05 50.47 98.47
16:43:47 36.89 50.47 98.47
16:43:48 30.68 50.47 98.47
16:43:49 23.67 50.47 98.47
16:43:50 16.34 50.47 98.47
16:43:51 9.97 50.47 98.47
16:43:52 6.18 50.47 98.47
16:43:53 2.65 50.47 98.47
16:43:54 -0.02 50.47 98.47
16:43:55 -1.12 50.47 98.47
16:43:56 -2.36 50.47 98.47
16:43:57 -2.63 50.47 98.47
16:43:58 -3.14 50.47 98.47
16:43:59 -3.83 50.47 98.47
16:44:00 -3.94 50.47 98.47
16:44:01 -3.74 50.47 98.47
16:44:02 -4.21 50.47 98.47
16:44:03 -4.24 50.47 98.45
16:44:04 -4.66 50.47 98.45
16:44:05 -4.63 50.47 98.47
16:44:06 -4.49 50.47 98.47
16:44:07 -4.63 50.47 98.47
16:44:08 -4.68 50.47 98.45
16:44:09 -4.47 50.47 98.45
16:44:10 -4.71 50.47 98.47
16:44:11 -4.56 50.47 98.47
16:44:12 -4.99 50.47 98.47
16:44:13 -5.23 50.47 98.47
16:44:14 -4.65 50.47 98.47
16:44:15 -4.84 50.47 98.47
16:44:16 -4.74 50.47 98.47
16:44:17 -4.64 50.47 98.47
16:44:18 -4.95 50.47 98.47
16:44:19 -4.52 50.47 98.47
16:44:20 -4.63 50.47 98.47
16:44:21 -4.39 50.47 98.47
16:44:22 -0.27 50.47 98.45
16:44:23 16.21 50.47 98.45
16:44:24 58.42 50.47 98.47
16:44:25 130.01 50.47 98.45
16:44:26 217.13 50.47 98.45
16:44:27 289.41 50.47 98.45
16:44:28 322.56 50.47 98.45
16:44:29 312.42 50.47 98.45
16:44:30 271.33 50.47 98.45
16:44:31 244.12 50.47 98.45
16:44:32 188.67 50.47 98.47
16:44:33 138.88 50.47 98.45
16:44:34 96.17 50.47 98.45
16:44:35 62.26 50.47 98.47
16:44:36 40.96 50.47 98.47
16:44:37 27.21 50.47 98.47
16:44:38 18.92 50.47 98.47
16:44:39 12.94 50.47 98.47
16:44:40 8.87 50.47 98.47
16:44:41 6.55 50.47 98.47
16:44:42 4.40 50.47 98.47
16:44:43 2.59 50.47 98.47
16:44:44 1.23 50.47 98.47
16:44:45 0.39 50.47 98.47
16:44:46 -0.67 50.47 98.47
16:44:47 -1.17 50.47 98.47
16:44:48 -1.48 50.47 98.47
16:44:49 -2.41 50.47 98.47
16:44:50 -2.86 50.47 98.47
16:44:51 -3.10 50.47 98.47
16:44:52 -3.57 50.47 98.47
16:44:53 -3.51 50.47 98.47
16:44:54 -3.43 50.47 98.47
16:44:55 -3.57 50.47 98.47
16:44:56 -3.80 50.47 98.47
16:44:57 -3.81 50.47 98.47
16:44:58 -4.10 50.47 98.47
16:44:59 -4.54 50.47 98.47
16:45:00 -4.21 50.47 98.45
16:45:01 -3.82 50.47 98.45
16:45:02 -0.82 50.47 98.45
16:45:03 15.28 50.47 98.45
16:45:04 63.69 50.47 98.45
16:45:05 163.38 50.47 98.45
16:45:06 307.06 50.47 98.45
16:45:07 452.71 50.47 98.45
16:45:08 546.70 50.47 98.47
16:45:09 564.06 50.47 98.45
16:45:10 515.92 50.47 98.45
16:45:11 429.75 50.47 98.45
16:45:12 333.62 50.47 98.45
16:45:13 248.19 50.47 98.45
16:45:14 211.23 50.47 98.45
16:45:15 153.10 50.47 98.45
16:45:16 104.99 50.47 98.45
16:45:17 71.05 50.47 98.45
16:45:18 50.17 50.47 98.47
16:45:19 36.52 50.47 98.47
16:45:20 26.91 50.47 98.47
16:45:21 20.05 50.47 98.45
16:45:22 15.70 50.47 98.45
16:45:23 11.99 50.47 98.45
16:45:24 9.07 50.47 98.47
16:45:25 7.17 50.47 98.47
16:45:26 5.13 50.47 98.45
16:45:27 3.49 50.47 98.45
16:45:28 2.26 50.47 98.45
16:45:29 1.06 50.47 98.45
16:45:30 0.54 50.47 98.45
16:45:31 -0.64 50.47 98.45
16:45:32 -0.67 50.47 98.47
16:45:33 -1.37 50.47 98.45
16:45:34 -2.33 50.47 98.45
16:45:35 -2.44 50.47 98.45
16:45:36 -2.13 50.47 98.45
16:45:37 -3.45 50.47 98.47
16:45:38 -2.90 50.47 98.47
16:45:39 -3.09 50.47 98.47
16:45:40 -3.21 50.47 98.45
16:45:41 -3.59 50.47 98.45
16:45:42 -3.62 50.47 98.45
16:45:43 -3.53 50.47 98.45
16:45:44 -3.88 50.47 98.45
16:45:45 -3.57 50.47 98.45
16:45:46 -3.92 50.47 98.45
16:45:47 -2.19 50.47 98.45
16:45:48 4.56 50.47 98.45
16:45:49 22.29 50.47 98.45
16:45:50 56.42 50.47 98.45
16:45:51 100.88 50.47 98.45
16:45:52 141.54 50.47 98.45
16:45:53 164.84 50.47 98.45
16:45:54 163.52 50.47 98.45
16:45:55 144.45 50.47 98.45
16:45:56 116.68 50.47 98.45
16:45:57 88.25 50.47 98.45
16:45:58 75.47 50.47 98.45
16:45:59 52.48 50.47 98.45
16:46:00 33.15 50.47 98.45
16:46:01 21.46 50.47 98.45
16:46:02 13.49 50.47 98.45
16:46:03 8.97 50.47 98.45
16:46:04 5.38 50.47 98.45
16:46:05 3.40 50.47 98.45
16:46:06 1.46 50.47 98.45
16:46:07 0.51 50.47 98.45
16:46:08 -0.25 50.47 98.45
16:46:09 -1.43 50.47 98.45
16:46:10 -2.00 50.47 98.45
16:46:11 -2.10 50.47 98.45
16:46:12 -2.21 50.47 98.45
16:46:13 -3.05 50.47 98.45
16:46:14 -3.78 50.47 98.47
16:46:15 -3.58 50.47 98.45
16:46:16 -3.37 50.47 98.45
16:46:17 -4.12 50.47 98.45
16:46:18 -4.01 50.47 98.45
16:46:19 -3.74 50.47 98.45
16:46:20 -4.04 50.47 98.45
16:46:21 -4.37 50.47 98.45
16:46:22 -4.14 50.47 98.45
16:46:23 -4.20 50.47 98.45
16:46:24 -2.46 50.47 98.45
16:46:25 7.09 50.47 98.45
16:46:26 43.18 50.47 98.45
16:46:27 127.55 50.47 98.45
16:46:28 263.44 50.47 98.45
16:46:29 421.52 50.47 98.45
16:46:30 541.32 50.47 98.45
16:46:31 586.15 50.47 98.45
16:46:32 554.76 50.47 98.45
16:46:33 473.35 50.47 98.45
16:46:34 374.45 50.47 98.45
16:46:35 278.87 50.47 98.45
16:46:36 202.49 50.47 98.45
16:46:37 133.43 50.47 98.45
16:46:38 89.42 50.47 98.45
16:46:39 61.25 50.47 98.45
16:46:40 42.79 50.47 98.45
16:46:41 36.10 50.47 98.45
16:46:42 25.90 50.47 98.45
16:46:43 19.19 50.47 98.45
16:46:44 14.55 50.47 98.45
16:46:45 10.64 50.47 98.45
16:46:46 8.12 50.47 98.45
16:46:47 6.20 50.47 98.45
16:46:48 4.22 50.47 98.45
16:46:49 2.23 50.47 98.45
16:46:50 1.69 50.47 98.45
16:46:51 0.77 50.47 98.45
16:46:52 -0.38 50.47 98.45
16:46:53 -0.62 50.47 98.45
16:46:54 -1.34 50.47 98.45
16:46:55 -2.03 50.47 98.45
16:46:56 -1.94 50.47 98.45
16:46:57 -2.98 50.47 98.45
16:46:58 -2.95 50.47 98.45
16:46:59 -2.91 50.47 98.45
16:47:00 -3.52 50.47 98.45
16:47:01 -3.26 50.47 98.45
16:47:02 -3.50 50.47 98.45
16:47:03 -3.75 50.47 98.45
16:47:04 -3.58 50.47 98.45
16:47:05 -4.01 50.47 98.45
16:47:06 -3.31 50.47 98.45
16:47:07 -0.52 50.47 98.45
16:47:08 13.06 50.47 98.44
16:47:09 55.19 50.47 98.44
16:47:10 139.53 50.47 98.45
16:47:11 261.90 50.47 98.45
16:47:12 381.65 50.47 98.45
16:47:13 457.62 50.47 98.45
16:47:14 469.10 50.47 98.45
16:47:15 423.77 50.47 98.45
16:47:16 350.06 50.47 98.45
16:47:17 269.11 50.47 98.44
16:47:18 197.93 50.47 98.44
16:47:19 134.14 50.47 98.45
16:47:20 88.84 50.47 98.45
16:47:21 59.19 50.47 98.45
16:47:22 41.13 50.47 98.45
16:47:23 28.84 50.47 98.45
16:47:24 24.43 50.47 98.45
16:47:25 17.52 50.47 98.45
16:47:26 13.02 50.47 98.45
16:47:27 9.48 50.47 98.45
16:47:28 6.91 50.47 98.45
16:47:29 5.20 50.47 98.45
16:47:30 3.08 50.47 98.45
16:47:31 2.07 50.47 98.45
16:47:32 1.07 50.47 98.45
16:47:33 0.00 50.47 98.45
16:47:34 -0.53 50.47 98.45
16:47:35 -1.14 50.47 98.45
16:47:36 -1.82 50.47 98.45
16:47:37 -1.90 50.47 98.45
16:47:38 -2.56 50.47 98.45
16:47:39 -2.83 50.47 98.45
16:47:40 -3.29 50.47 98.45
16:47:41 -3.16 50.47 98.45
16:47:42 -3.47 50.47 98.45
16:47:43 -3.47 50.47 98.45
16:47:44 -3.82 50.47 98.45
16:47:45 -3.53 50.47 98.44
16:47:46 -3.82 50.47 98.44
16:47:47 -3.62 50.47 98.44
16:47:48 -3.03 50.47 98.44
16:47:49 2.15 50.47 98.44
16:47:50 22.80 50.47 98.44
16:47:51 75.57 50.47 98.44
16:47:52 165.84 50.47 98.44
16:47:53 275.43 50.47 98.45
16:47:54 367.42 50.47 98.45
16:47:55 407.35 50.47 98.45
16:47:56 393.40 50.47 98.44
16:47:57 341.82 50.47 98.44
16:47:58 272.43 50.47 98.45
16:47:59 204.92 50.47 98.44
16:48:00 147.90 50.47 98.44
16:48:01 100.50 50.47 98.44
16:48:02 65.96 50.47 98.45
16:48:03 44.16 50.47 98.45
16:48:04 30.51 50.47 98.45
16:48:05 21.60 50.47 98.45
16:48:06 15.11 50.47 98.44
16:48:07 11.22 50.47 98.44
16:48:08 9.91 50.47 98.44
16:48:09 6.84 50.47 98.45
16:48:10 4.80 50.47 98.45
16:48:11 3.18 50.47 98.45
16:48:12 1.68 50.47 98.45
16:48:13 0.91 50.47 98.45
16:48:14 -0.54 50.47 98.45
16:48:15 -0.58 50.47 98.45
16:48:16 -1.12 50.47 98.45
16:48:17 -1.60 50.47 98.45
16:48:18 -2.43 50.47 98.45
16:48:19 -2.86 50.47 98.45
16:48:20 -3.06 50.47 98.45
16:48:21 -2.92 50.47 98.45
16:48:22 -3.61 50.47 98.45
16:48:23 -3.57 50.47 98.45
16:48:24 -3.61 50.47 98.44
16:48:25 -3.51 50.47 98.44
16:48:26 -3.92 50.47 98.44
16:48:27 -3.80 50.47 98.44
16:48:28 -3.53 50.47 98.44
16:48:29 0.58 50.47 98.44
16:48:30 5.53 50.47 98.44
16:48:31 27.96 50.47 98.44
16:48:32 72.99 50.47 98.44
16:48:33 137.24 50.47 98.44
16:48:34 202.76 50.47 98.44
16:48:35 245.31 50.47 98.44
16:48:36 253.83 50.47 98.44
16:48:37 232.01 50.47 98.44
16:48:38 191.23 50.47 98.44
16:48:39 146.95 50.47 98.44
16:48:40 107.07 50.47 98.44
16:48:41 72.59 50.47 98.44
16:48:42 45.59 50.47 98.45
16:48:43 29.15 50.47 98.44
16:48:44 18.96 50.47 98.44
16:48:45 12.94 50.47 98.44
16:48:46 8.16 50.47 98.45
16:48:47 5.12 50.47 98.45
16:48:48 2.86 50.47 98.45
16:48:49 1.47 50.47 98.44
16:48:50 0.10 50.47 98.44
16:48:51 -0.17 50.47 98.44
16:48:52 -1.03 50.47 98.45
16:48:53 -1.40 50.47 98.44
16:48:54 -2.36 50.47 98.44
16:48:55 -2.45 50.47 98.44
16:48:56 -2.99 50.47 98.44
16:48:57 -2.98 50.47 98.44
16:48:58 -3.56 50.47 98.44
16:48:59 -3.49 50.47 98.44
16:49:00 -3.63 50.47 98.45
16:49:01 -4.01 50.47 98.45
16:49:02 -4.16 50.47 98.45
16:49:03 -3.88 50.47 98.45
16:49:04 -4.13 50.47 98.45
16:49:05 -4.48 50.47 98.44
16:49:06 -4.10 50.47 98.44
16:49:07 -4.45 50.47 98.44
16:49:08 -4.10 50.47 98.45
16:49:09 -4.50 50.47 98.44
16:49:10 -4.41 50.47 98.44
16:49:11 -4.34 50.47 98.45
16:49:12 -4.81 50.47 98.44
16:49:13 -4.77 50.47 98.44
16:49:14 -4.46 50.47 98.44
16:49:15 -4.22 50.47 98.45
16:49:16 -4.90 50.47 98.44
16:49:17 -4.48 50.47 98.44
16:49:18 -4.58 50.47 98.44
16:49:19 -4.74 50.47 98.45
16:49:20 -4.65 50.47 98.44
16:49:21 -4.57 50.47 98.44
16:49:22 -4.89 50.47 98.44
16:49:23 -4.48 50.47 98.45
16:49:24 -4.66 50.47 98.45
16:49:25 -4.73 50.47 98.45
16:49:26 -4.72 50.47 98.45
16:49:27 -4.77 50.47 98.45
16:49:28 -4.86 50.47 98.45
16:49:29 -4.68 50.47 98.45
16:49:30 -4.64 50.47 98.45
16:49:31 -4.79 50.47 98.44
16:49:32 -4.59 50.47 98.44
16:49:33 -4.85 50.47 98.44
16:49:34 -5.05 50.47 98.45
16:49:35 -4.98 50.47 98.45
16:49:36 -4.69 50.47 98.45
16:49:37 -4.65 50.47 98.45
16:49:38 -4.80 50.47 98.45
16:49:39 -4.47 50.47 98.45
16:49:40 -5.08 50.47 98.45
16:49:41 -5.07 50.47 98.45
16:49:42 -4.74 50.47 98.45
16:49:43 -4.91 50.47 98.45
16:49:44 -4.94 50.47 98.45
16:49:45 -4.80 50.47 98.44
16:49:46 -4.26 50.47 98.44
16:49:47 -5.38 50.47 98.44
16:49:48 -5.07 50.47 98.45
16:49:49 -5.07 50.47 98.45
16:49:50 -5.21 50.47 98.44
16:49:51 -4.47 50.47 98.44
16:49:52 -4.76 50.47 98.44
16:49:53 -4.58 50.47 98.44
16:49:54 -4.85 50.47 98.44
16:49:55 -4.87 50.47 98.44
16:49:56 -4.60 50.47 98.44
16:49:57 -4.60 50.47 98.44
16:49:58 -1.57 50.47 98.44
16:49:59 8.17 50.47 98.44
16:50:00 32.77 50.47 98.44
16:50:01 73.77 50.47 98.44
16:50:02 123.88 50.47 98.44
16:50:03 164.28 50.47 98.44
16:50:04 183.34 50.47 98.44
16:50:05 176.25 50.47 98.44
16:50:06 152.38 50.47 98.44
16:50:07 120.89 50.47 98.44
16:50:08 89.94 50.47 98.44
16:50:09 62.62 50.47 98.44
16:50:10 39.86 50.47 98.44
16:50:11 25.05 50.47 98.45
16:50:12 16.56 50.47 98.45
16:50:13 10.06 50.47 98.45
16:50:14 6.48 50.47 98.45
16:50:15 3.80 50.47 98.45
16:50:16 2.10 50.47 98.44
16:50:17 0.83 50.47 98.44
16:50:18 0.14 50.47 98.44
16:50:19 -0.79 50.47 98.45
16:50:20 -1.66 50.47 98.45
16:50:21 -2.00 50.47 98.45
16:50:22 -2.74 50.47 98.45
16:50:23 -2.80 50.47 98.45
16:50:24 -3.02 50.47 98.45
16:50:25 -3.43 50.47 98.45
16:50:26 -4.04 50.47 98.45
16:50:27 -4.25 50.47 98.44
16:50:28 -3.85 50.47 98.44
16:50:29 -3.82 50.47 98.44
16:50:30 -4.30 50.47 98.44
16:50:31 -4.50 50.47 98.44
16:50:32 -4.21 50.47 98.44
16:50:33 -4.20 50.47 98.44
16:50:34 -4.37 50.47 98.44
16:50:35 -1.60 50.47 98.44
16:50:36 8.83 50.47 98.44
16:50:37 35.70 50.47 98.44
16:50:38 82.78 50.47 98.44
16:50:39 139.84 50.47 98.44
16:50:40 166.57 50.47 98.44
16:50:41 204.88 50.47 98.44
16:50:42 212.95 50.47 98.44
16:50:43 195.46 50.47 98.44
16:50:44 161.54 50.47 98.44
16:50:45 124.10 50.47 98.44
16:50:46 90.35 50.47 98.45
16:50:47 62.81 50.47 98.44
16:50:48 39.58 50.47 98.44
16:50:49 24.29 50.47 98.44
16:50:50 15.30 50.47 98.44
16:50:51 10.00 50.47 98.45
16:50:52 5.62 50.47 98.45
16:50:53 3.68 50.47 98.45
16:50:54 1.92 50.47 98.45
16:50:55 -0.10 50.47 98.45
16:50:56 -0.69 50.47 98.45
16:50:57 -1.34 50.47 98.45
16:50:58 -2.01 50.47 98.45
16:50:59 -2.34 50.47 98.45
16:51:00 -3.21 50.47 98.45
16:51:01 -3.15 50.47 98.45
16:51:02 -3.20 50.47 98.45
16:51:03 -4.07 50.47 98.45
16:51:04 -4.04 50.47 98.45
16:51:05 -3.71 50.47 98.45
16:51:06 -3.74 50.47 98.45
16:51:07 -4.24 50.47 98.44
16:51:08 -4.20 50.47 98.44
16:51:09 -4.22 50.47 98.44
16:51:10 -4.34 50.47 98.44
16:51:11 -4.05 50.47 98.44
16:51:12 -4.21 50.47 98.44
16:51:13 -0.40 50.47 98.44
16:51:14 15.36 50.47 98.44
16:51:15 56.48 50.47 98.44
16:51:16 129.81 50.47 98.44
16:51:17 220.91 50.47 98.44
16:51:18 300.27 50.47 98.44
16:51:19 339.73 50.47 98.44
16:51:20 331.79 50.47 98.44
16:51:21 289.37 50.47 98.44
16:51:22 231.09 50.47 98.45
16:51:23 201.71 50.47 98.44
16:51:24 146.49 50.47 98.44
16:51:25 103.38 50.47 98.44
16:51:26 66.47 50.47 98.44
16:51:27 42.13 50.47 98.45
16:51:28 27.60 50.47 98.45
16:51:29 18.36 50.47 98.45
16:51:30 11.96 50.47 98.45
16:51:31 7.54 50.47 98.44
16:51:32 5.00 50.47 98.44
16:51:33 2.89 50.47 98.45
16:51:34 1.49 50.47 98.45
16:51:35 0.24 50.47 98.44
16:51:36 -0.26 50.47 98.44
16:51:37 -1.61 50.47 98.44
16:51:38 -1.93 50.47 98.44
16:51:39 -2.35 50.47 98.45
16:51:40 -3.01 50.47 98.45
16:51:41 -3.13 50.47 98.45
16:51:42 -3.57 50.47 98.45
16:51:43 -3.45 50.47 98.45
16:51:44 -3.69 50.47 98.44
16:51:45 -4.06 50.47 98.44
16:51:46 -3.84 50.47 98.44
16:51:47 -4.12 50.47 98.44
16:51:48 -4.08 50.47 98.44
16:51:49 -4.33 50.47 98.44
16:51:50 -4.30 50.47 98.44
16:51:51 -3.99 50.47 98.44
16:51:52 -2.76 50.47 98.44
16:51:53 3.57 50.47 98.44
16:51:54 19.20 50.47 98.45
16:51:55 48.56 50.47 98.45
16:51:56 85.18 50.47 98.45
16:51:57 118.30 50.47 98.45
16:51:58 135.76 50.47 98.45
16:51:59 135.38 50.47 98.44
16:52:00 118.47 50.47 98.44
16:52:01 95.64 50.47 98.44
16:52:02 71.59 50.47 98.45
16:52:03 51.18 50.47 98.45
16:52:04 34.76 50.47 98.45
16:52:05 21.76 50.47 98.44
16:52:06 13.71 50.47 98.44
16:52:07 10.94 50.47 98.44
16:52:08 6.78 50.47 98.45
16:52:09 4.03 50.47 98.45
16:52:10 1.87 50.47 98.45
16:52:11 0.66 50.47 98.45
16:52:12 -0.21 50.47 98.45
16:52:13 -1.05 50.47 98.45
16:52:14 -1.57 50.47 98.45
16:52:15 -2.48 50.47 98.45
16:52:16 -2.53 50.47 98.45
16:52:17 -2.97 50.47 98.45
16:52:18 -2.75 50.47 98.45
16:52:19 -3.64 50.47 98.45
16:52:20 -4.03 50.47 98.45
16:52:21 -3.71 50.47 98.45
16:52:22 -3.95 50.47 98.44
16:52:23 -4.11 50.47 98.44
16:52:24 -4.06 50.47 98.44
16:52:25 -4.41 50.47 98.44
16:52:26 -4.37 50.47 98.44
16:52:27 -4.27 50.47 98.44
16:52:28 -4.08 50.47 98.44
16:52:29 -2.66 50.47 98.44
16:52:30 3.99 50.47 98.44
16:52:31 21.82 50.47 98.44
16:52:32 56.97 50.47 98.44
16:52:33 103.26 50.47 98.44
16:52:34 146.06 50.47 98.44
16:52:35 171.20 50.47 98.44
16:52:36 171.30 50.47 98.44
16:52:37 152.09 50.47 98.44
16:52:38 122.52 50.47 98.44
16:52:39 92.53 50.47 98.44
16:52:40 64.11 50.47 98.44
16:52:41 40.93 50.47 98.44
16:52:42 26.47 50.47 98.45
16:52:43 16.60 50.47 98.44
16:52:44 10.72 50.47 98.44
16:52:45 6.90 50.47 98.44
16:52:46 3.84 50.47 98.44
16:52:47 1.90 50.47 98.44
16:52:48 0.97 50.47 98.44
16:52:49 -0.51 50.47 98.44
16:52:50 -0.92 50.47 98.44
16:52:51 -1.62 50.47 98.44
16:52:52 -1.73 50.47 98.44
16:52:53 -2.41 50.47 98.44
16:52:54 -2.94 50.47 98.44
16:52:55 -3.07 50.47 98.44
16:52:56 -3.98 50.47 98.45
16:52:57 -3.81 50.47 98.44
16:52:58 -3.54 50.47 98.44
16:52:59 -3.95 50.47 98.45
16:53:00 -3.82 50.47 98.44
16:53:01 -3.93 50.47 98.44
16:53:02 -4.34 50.47 98.44
16:53:03 -4.18 50.47 98.44
16:53:04 -4.28 50.47 98.44
16:53:05 -2.25 50.47 98.44
16:53:06 7.91 50.47 98.44
16:53:07 44.58 50.47 98.44
16:53:08 124.26 50.47 98.44
16:53:09 247.66 50.47 98.44
16:53:10 381.44 50.47 98.44
16:53:11 436.87 50.47 98.44
16:53:12 500.26 50.47 98.44
16:53:13 493.51 50.47 98.44
16:53:14 434.80 50.47 98.44
16:53:15 351.03 50.47 98.44
16:53:16 266.46 50.47 98.44
16:53:17 192.98 50.47 98.44
16:53:18 136.23 50.47 98.44
16:53:19 88.30 50.47 98.44
16:53:20 58.84 50.47 98.45
16:53:21 40.44 50.47 98.44
16:53:22 27.86 50.47 98.44
16:53:23 19.73 50.47 98.44
16:53:24 14.02 50.47 98.44
16:53:25 10.28 50.47 98.44
16:53:26 7.51 50.47 98.44
16:53:27 5.22 50.47 98.44
16:53:28 3.40 50.47 98.44
16:53:29 2.09 50.47 98.44
16:53:30 0.90 50.47 98.44
16:53:31 0.54 50.47 98.44
16:53:32 -0.82 50.47 98.44
16:53:33 -0.94 50.47 98.44
16:53:34 -1.22 50.47 98.44
16:53:35 -1.73 50.47 98.44
16:53:36 -2.55 50.47 98.44
16:53:37 -2.47 50.47 98.44
16:53:38 -3.20 50.47 98.44
16:53:39 -3.37 50.47 98.44
16:53:40 -3.02 50.47 98.44
16:53:41 -3.75 50.47 98.44
16:53:42 -3.43 50.47 98.44
16:53:43 -3.62 50.47 98.44
16:53:44 -3.93 50.47 98.44
16:53:45 -3.72 50.47 98.44
16:53:46 -2.63 50.47 98.44
16:53:47 2.40 50.47 98.44
16:53:48 15.49 50.47 98.44
16:53:49 39.80 50.47 98.44
16:53:50 70.93 50.47 98.44
16:53:51 98.62 50.47 98.44
16:53:52 113.71 50.47 98.44
16:53:53 112.17 50.47 98.44
16:53:54 98.99 50.47 98.44
16:53:55 89.40 50.47 98.44
16:53:56 68.45 50.47 98.44
16:53:57 49.65 50.47 98.44
16:53:58 31.66 50.47 98.44
16:53:59 19.63 50.47 98.44
16:54:00 12.09 50.47 98.44
16:54:01 6.71 50.47 98.44
16:54:02 3.59 50.47 98.44
16:54:03 1.82 50.47 98.44
16:54:04 0.18 50.47 98.44
16:54:05 -0.59 50.47 98.44
16:54:06 -1.41 50.47 98.44
16:54:07 -2.23 50.47 98.44
16:54:08 -2.58 50.47 98.44
16:54:09 -2.96 50.47 98.44
16:54:10 -3.16 50.47 98.44
16:54:11 -3.81 50.47 98.44
16:54:12 -3.94 50.47 98.44
16:54:13 -3.81 50.47 98.44
16:54:14 -3.76 50.47 98.44
16:54:15 -3.72 50.47 98.44
16:54:16 -3.99 50.47 98.44
16:54:17 -4.41 50.47 98.44
16:54:18 -4.42 50.47 98.44
16:54:19 -4.48 50.47 98.44
16:54:20 -3.77 50.47 98.44
16:54:21 -1.66 50.47 98.44
16:54:22 7.80 50.47 98.44
16:54:23 29.89 50.47 98.44
16:54:24 64.33 50.47 98.44
16:54:25 104.36 50.47 98.44
16:54:26 135.26 50.47 98.44
16:54:27 146.45 50.47 98.44
16:54:28 138.51 50.47 98.44
16:54:29 117.18 50.47 98.44
16:54:30 91.32 50.47 98.44
16:54:31 67.50 50.47 98.44
16:54:32 45.37 50.47 98.44
16:54:33 28.45 50.47 98.44
16:54:34 18.54 50.47 98.44
16:54:35 11.00 50.47 98.44
16:54:36 7.13 50.47 98.44
16:54:37 4.21 50.47 98.44
16:54:38 2.89 50.47 98.44
16:54:39 1.60 50.47 98.44
16:54:40 0.12 50.47 98.44
16:54:41 -0.66 50.47 98.44
16:54:42 -1.64 50.47 98.44
16:54:43 -1.95 50.47 98.44
16:54:44 -2.51 50.47 98.44
16:54:45 -2.88 50.47 98.44
16:54:46 -3.10 50.47 98.44
16:54:47 -3.55 50.47 98.44
16:54:48 -3.75 50.47 98.44
16:54:49 -3.50 50.47 98.44
16:54:50 -3.78 50.47 98.44
16:54:51 -4.23 50.47 98.44
16:54:52 -4.17 50.47 98.44
16:54:53 -4.31 50.47 98.44
16:54:54 -4.20 50.47 98.44
16:54:55 -4.33 50.47 98.44
16:54:56 -4.49 50.47 98.44
16:54:57 -4.03 50.47 98.44
16:54:58 -4.61 50.47 98.44
16:54:59 -4.94 50.47 98.45
16:55:00 -4.56 50.47 98.44
16:55:01 -4.51 50.47 98.44
16:55:02 -4.58 50.47 98.44
16:55:03 -4.74 50.47 98.44
16:55:04 -4.54 50.47 98.44
16:55:05 -4.48 50.47 98.44
16:55:06 -4.90 50.47 98.44
16:55:07 -4.77 50.47 98.44
16:55:08 -4.33 50.47 98.44
16:55:09 -5.06 50.47 98.44
16:55:10 -4.63 50.47 98.44
16:55:11 -4.76 50.47 98.44
16:55:12 -4.76 50.47 98.44
16:55:13 -4.37 50.47 98.44
16:55:14 -5.08 50.47 98.44
16:55:15 -4.34 50.47 98.44
16:55:16 -4.90 50.47 98.44
16:55:17 -5.14 50.47 98.44
16:55:18 -4.63 50.47 98.44
16:55:19 -4.77 50.47 98.44
16:55:20 -4.44 50.47 98.44
16:55:21 -4.52 50.47 98.44
16:55:22 -4.79 50.47 98.44
16:55:23 -4.97 50.47 98.44
16:55:24 -4.78 50.47 98.44
16:55:25 -4.98 50.47 98.44
16:55:26 -4.68 50.47 98.44
16:55:27 -5.03 50.47 98.44
16:55:28 -4.69 50.47 98.44
16:55:29 -4.73 50.47 98.44
16:55:30 -4.97 50.47 98.44
16:55:31 -5.01 50.47 98.44
16:55:32 -5.25 50.47 98.44
16:55:33 -4.94 50.47 98.44
16:55:34 -4.61 50.47 98.44
16:55:35 -5.05 50.47 98.44
16:55:36 -5.02 50.47 98.44
16:55:37 -5.05 50.47 98.44
16:55:38 -4.79 50.47 98.44
16:55:39 -5.05 50.47 98.44
16:55:40 -4.63 50.47 98.44
16:55:41 -4.87 50.47 98.44
16:55:42 -4.85 50.47 98.44
16:55:43 -4.84 50.47 98.44
16:55:44 -4.85 50.47 98.44
16:55:45 -4.99 50.47 98.44
16:55:46 -0.51 50.47 98.44
16:55:47 20.41 50.47 98.44
16:55:48 85.98 50.47 98.44
16:55:49 224.64 50.47 98.44
16:55:50 428.66 50.47 98.44
16:55:51 636.89 50.47 98.44
16:55:52 772.55 50.47 98.44
16:55:53 800.87 50.47 98.44
16:55:54 734.44 50.47 98.44
16:55:55 611.09 50.47 98.44
16:55:56 476.13 50.47 98.44
16:55:57 350.53 50.47 98.44
16:55:58 237.36 50.47 98.44
16:55:59 161.35 50.47 98.44
16:56:00 109.97 50.47 98.44
16:56:01 77.53 50.47 98.44
16:56:02 56.02 50.47 98.44
16:56:03 41.20 50.47 98.44
16:56:04 31.26 50.47 98.44
16:56:05 27.56 50.47 98.44
16:56:06 21.33 50.47 98.44
16:56:07 16.90 50.47 98.44
16:56:08 13.28 50.47 98.44
16:56:09 9.88 50.47 98.44
16:56:10 7.50 50.47 98.44
16:56:11 5.61 50.47 98.44
16:56:12 4.75 50.47 98.44
16:56:13 2.77 50.47 98.44
16:56:14 1.96 50.47 98.44
16:56:15 0.60 50.47 98.44
16:56:16 0.07 50.47 98.44
16:56:17 -0.35 50.47 98.44
16:56:18 -0.81 50.47 98.44
16:56:19 -1.43 50.47 98.44
16:56:20 -1.87 50.47 98.44
16:56:21 -2.53 50.47 98.44
16:56:22 -2.58 50.47 98.44
16:56:23 -2.70 50.47 98.44
16:56:24 -3.31 50.47 98.44
16:56:25 -3.17 50.47 98.44
16:56:26 -3.39 50.47 98.44
16:56:27 -3.08 50.47 98.44
16:56:28 -3.08 50.47 98.44
16:56:29 -3.41 50.47 98.44
16:56:30 -3.62 50.47 98.44
16:56:31 -2.73 50.47 98.44
16:56:32 -1.15 50.47 98.44
16:56:33 5.06 50.47 98.44
16:56:34 14.77 50.47 98.44
16:56:35 26.40 50.47 98.44
16:56:36 36.44 50.47 98.44
16:56:38 41.40 50.47 98.44
16:56:39 37.41 50.47 98.44
16:56:40 30.30 50.47 98.44
16:56:41 22.23 50.47 98.44
16:56:42 15.33 50.47 98.44
16:56:43 9.82 50.47 98.44
16:56:44 5.47 50.47 98.44
16:56:45 2.08 50.47 98.44
16:56:46 -0.06 50.47 98.44
16:56:47 -1.41 50.47 98.44
16:56:48 -2.18 50.47 98.44
16:56:49 -2.76 50.47 98.44
16:56:50 -3.21 50.47 98.44
16:56:51 -3.32 50.47 98.44
16:56:52 -3.84 50.47 98.44
16:56:53 -3.57 50.47 98.44
16:56:54 -4.24 50.47 98.44
16:56:55 -3.74 50.47 98.44
16:56:56 -4.44 50.47 98.44
16:56:57 -4.59 50.47 98.44
16:56:58 -4.06 50.47 98.44
16:56:59 -4.21 50.47 98.44
16:57:00 -4.49 50.47 98.44
16:57:01 -4.88 50.47 98.44
16:57:02 -4.72 50.47 98.44
16:57:03 -4.78 50.47 98.44
16:57:04 -4.52 50.47 98.44
16:57:05 -3.86 50.47 98.44
16:57:06 -5.07 50.47 98.44
16:57:07 -4.96 50.47 98.44
16:57:08 -4.78 50.47 98.44
16:57:09 -4.68 50.47 98.44
16:57:10 -4.72 50.47 98.44
16:57:11 -4.84 50.47 98.44
16:57:12 -4.67 50.47 98.44
16:57:13 -4.47 50.47 98.44
16:57:14 -4.57 50.47 98.44
16:57:15 -4.69 50.47 98.44
16:57:16 -2.84 50.47 98.44
16:57:17 11.15 50.47 98.44
16:57:18 58.88 50.47 98.44
16:57:19 166.77 50.47 98.44
16:57:20 341.76 50.47 98.44
16:57:21 535.00 50.47 98.44
16:57:22 678.42 50.47 98.44
16:57:23 727.33 50.47 98.44
16:57:24 682.02 50.47 98.44
16:57:25 578.31 50.47 98.44
16:57:26 453.62 50.47 98.44
16:57:27 336.72 50.47 98.44
16:57:28 236.70 50.47 98.44
16:57:29 153.66 50.47 98.44
16:57:30 98.91 50.47 98.44
16:57:31 64.99 50.47 98.44
16:57:32 43.59 50.47 98.44
16:57:33 29.65 50.47 98.44
16:57:34 20.58 50.47 98.44
16:57:35 17.64 50.47 98.44
16:57:36 12.33 50.47 98.44
16:57:37 8.73 50.47 98.44
16:57:38 5.51 50.47 98.44
16:57:39 3.96 50.47 98.44
16:57:40 2.05 50.47 98.44
16:57:41 1.12 50.47 98.44
16:57:42 0.50 50.47 98.44
16:57:43 -0.75 50.47 98.44
16:57:44 -0.99 50.47 98.44
16:57:45 -1.43 50.47 98.44
16:57:46 -2.44 50.47 98.44
16:57:47 -3.06 50.47 98.44
16:57:48 -2.57 50.47 98.44
16:57:49 -3.43 50.47 98.44
16:57:50 -3.03 50.47 98.44
16:57:51 -3.41 50.47 98.44
16:57:52 -3.57 50.47 98.44
16:57:53 -3.64 50.47 98.44
16:57:54 -3.80 50.47 98.44
16:57:55 -4.03 50.47 98.44
16:57:56 -3.44 50.47 98.44
16:57:57 -2.99 50.47 98.44
16:57:58 -0.09 50.47 98.44
16:57:59 6.36 50.47 98.44
16:58:00 17.82 50.47 98.44
16:58:01 31.60 50.47 98.44
16:58:02 42.24 50.47 98.44
16:58:03 47.08 50.47 98.44
16:58:04 45.63 50.47 98.44
16:58:05 37.99 50.47 98.44
16:58:06 29.41 50.47 98.44
16:58:07 20.64 50.47 98.44
16:58:08 12.36 50.47 98.44
16:58:09 6.61 50.47 98.44
16:58:10 2.83 50.47 98.44
16:58:11 0.56 50.47 98.44
16:58:12 -0.88 50.47 98.44
16:58:13 -2.12 50.47 98.44
16:58:14 -2.58 50.47 98.44
16:58:15 -3.37 50.47 98.44
16:58:16 -3.35 50.47 98.44
16:58:17 -3.57 50.47 98.44
16:58:18 -3.67 50.47 98.44
16:58:19 -4.08 50.47 98.44
16:58:20 -3.82 50.47 98.44
16:58:21 -4.07 50.47 98.44
16:58:22 -4.18 50.47 98.44
16:58:23 -4.69 50.47 98.44
16:58:24 -4.75 50.47 98.44
16:58:25 -4.59 50.47 98.44
16:58:26 -4.44 50.47 98.44
16:58:27 -4.36 50.47 98.44
16:58:28 -4.59 50.47 98.44
16:58:29 -4.96 50.47 98.44
16:58:30 -4.41 50.47 98.44
16:58:31 -4.58 50.47 98.44
16:58:32 -3.38 50.47 98.44
16:58:33 3.39 50.47 98.44
16:58:34 24.13 50.47 98.44
16:58:35 67.10 50.47 98.44
16:58:36 128.09 50.47 98.44
16:58:37 191.07 50.47 98.44
16:58:38 231.99 50.47 98.44
16:58:39 240.40 50.47 98.44
16:58:40 220.34 50.47 98.44
16:58:41 202.35 50.47 98.44
16:58:42 161.87 50.47 98.44
16:58:43 121.17 50.47 98.44
16:58:44 80.62 50.47 98.44
16:58:45 52.71 50.47 98.44
16:58:46 33.85 50.47 98.45
16:58:47 21.65 50.47 98.45
16:58:48 13.80 50.47 98.45
16:58:49 8.74 50.47 98.44
16:58:50 6.32 50.47 98.44
16:58:51 3.33 50.47 98.44
16:58:52 1.68 50.47 98.44
16:58:53 0.48 50.47 98.44
16:58:54 -0.84 50.47 98.44
16:58:55 -1.02 50.47 98.44
16:58:56 -1.95 50.47 98.44
16:58:57 -2.39 50.47 98.44
16:58:58 -2.53 50.47 98.44
16:58:59 -3.18 50.47 98.44
16:59:00 -3.24 50.47 98.44
16:59:01 -3.47 50.47 98.44
16:59:02 -3.72 50.47 98.44
16:59:03 -3.94 50.47 98.44
16:59:04 -4.06 50.47 98.44
16:59:05 -3.86 50.47 98.44
16:59:06 -4.30 50.47 98.44
16:59:07 -4.09 50.47 98.44
16:59:08 -4.43 50.47 98.44
16:59:09 -4.34 50.47 98.44
16:59:10 -4.43 50.47 98.44
16:59:11 -4.23 50.47 98.44
16:59:12 -4.96 50.47 98.44
16:59:13 -4.60 50.47 98.44
16:59:14 -4.08 50.47 98.44
16:59:15 -4.60 50.47 98.44
16:59:16 -4.56 50.47 98.44
16:59:17 -4.38 50.47 98.44
16:59:18 -4.68 50.47 98.44
16:59:19 -4.57 50.47 98.44
16:59:20 -4.89 50.47 98.44
16:59:21 -4.77 50.47 98.44
16:59:22 -4.54 50.47 98.44
16:59:23 -4.89 50.47 98.44
16:59:24 -4.91 50.47 98.44
16:59:25 -4.94 50.47 98.44
16:59:26 -4.79 50.47 98.44
16:59:27 -4.70 50.47 98.44
16:59:28 -4.99 50.47 98.44
16:59:29 -4.86 50.47 98.44
16:59:30 -4.72 50.47 98.44
16:59:31 -5.08 50.47 98.44
16:59:32 -4.92 50.47 98.44
16:59:33 -4.82 50.47 98.44
16:59:34 -4.53 50.47 98.44
16:59:35 -4.58 50.47 98.44
16:59:36 -4.84 50.47 98.44
16:59:37 -4.98 50.47 98.44
16:59:38 -4.76 50.47 98.44
16:59:39 -4.88 50.47 98.44
16:59:40 -4.82 50.47 98.44
16:59:41 -4.74 50.47 98.44
16:59:42 -4.83 50.47 98.44
16:59:43 -5.09 50.47 98.44
16:59:44 -4.76 50.47 98.44
16:59:45 -4.93 50.47 98.44
16:59:46 -5.02 50.47 98.44
16:59:47 -5.00 50.47 98.44
16:59:48 -4.63 50.47 98.44
16:59:49 -5.01 50.47 98.45
16:59:50 -4.90 50.47 98.44
16:59:51 -4.74 50.47 98.44
16:59:52 -4.67 50.47 98.44
16:59:53 -5.14 50.47 98.44
16:59:54 -4.80 50.47 98.44
16:59:55 -4.65 50.47 98.44
16:59:56 -4.91 50.47 98.44
16:59:57 -5.02 50.47 98.44
16:59:58 -4.00 50.47 98.44
16:59:59 2.58 50.47 98.44
17:00:00 23.28 50.47 98.44
17:00:01 69.52 50.47 98.44
17:00:02 140.27 50.47 98.44
17:00:03 217.94 50.47 98.44
17:00:04 273.46 50.47 98.44
17:00:05 290.45 50.47 98.44
17:00:06 270.34 50.47 98.44
17:00:07 250.33 50.47 98.44
17:00:08 200.82 50.47 98.44
17:00:09 151.27 50.47 98.44
17:00:10 108.93 50.47 98.44
17:00:11 73.45 50.47 98.44
17:00:12 45.77 50.47 98.44
17:00:13 28.99 50.47 98.44
17:00:14 18.67 50.47 98.44
17:00:15 12.42 50.47 98.44
17:00:16 7.28 50.47 98.44
17:00:17 4.80 50.47 98.44
17:00:18 2.62 50.47 98.44
17:00:19 0.92 50.47 98.44
17:00:20 -0.14 50.47 98.44
17:00:21 -1.18 50.47 98.44
17:00:22 -1.42 50.47 98.44
17:00:23 -2.31 50.47 98.44
17:00:24 -2.69 50.47 98.44
17:00:25 -2.97 50.47 98.44
17:00:26 -3.50 50.47 98.44
17:00:27 -3.71 50.47 98.44
17:00:28 -3.85 50.47 98.44
17:00:29 -3.58 50.47 98.44
17:00:30 -4.23 50.47 98.44
17:00:31 -3.82 50.47 98.44
17:00:32 -4.31 50.47 98.44
17:00:33 -4.01 50.47 98.44
17:00:34 -3.95 50.47 98.44
17:00:35 -4.16 50.47 98.44
17:00:36 -1.71 50.47 98.44
17:00:37 10.59 50.47 98.44
17:00:38 46.47 50.47 98.44
17:00:39 118.20 50.47 98.44
17:00:40 221.05 50.47 98.44
17:00:41 322.68 50.47 98.44
17:00:42 386.88 50.47 98.44
17:00:43 396.77 50.47 98.44
17:00:44 359.08 50.47 98.44
17:00:45 295.47 50.47 98.44
17:00:46 226.93 50.47 98.44
17:00:47 165.26 50.47 98.44
17:00:48 113.92 50.47 98.44
17:00:49 72.71 50.47 98.44
17:00:50 46.66 50.47 98.44
17:00:51 37.72 50.47 98.44
17:00:52 24.97 50.47 98.44
17:00:53 16.66 50.47 98.44
17:00:54 10.91 50.47 98.44
17:00:55 7.72 50.47 98.44
17:00:56 5.00 50.47 98.44
17:00:57 2.88 50.47 98.44
17:00:58 1.56 50.47 98.44
17:00:59 0.36 50.47 98.44
17:01:00 -0.67 50.47 98.44
17:01:01 -1.47 50.47 98.44
17:01:02 -1.51 50.47 98.44
17:01:03 -2.80 50.47 98.44
17:01:04 -2.49 50.47 98.44
17:01:05 -3.00 50.47 98.44
17:01:06 -3.13 50.47 98.44
17:01:07 -4.11 50.47 98.44
17:01:08 -3.70 50.47 98.44
17:01:09 -4.18 50.47 98.44
17:01:10 -4.10 50.47 98.44
17:01:11 -3.85 50.47 98.44
17:01:12 -3.92 50.47 98.44
17:01:13 -3.97 50.47 98.44
17:01:14 -4.45 50.47 98.44
17:01:15 -4.18 50.47 98.44
17:01:16 -4.41 50.47 98.44
17:01:17 -3.64 50.47 98.44
17:01:18 0.69 50.47 98.44
17:01:19 16.21 50.47 98.44
17:01:20 53.16 50.47 98.44
17:01:21 113.37 50.47 98.44
17:01:22 183.76 50.47 98.44
17:01:23 237.78 50.47 98.44
17:01:24 261.48 50.47 98.44
17:01:25 250.26 50.47 98.44
17:01:26 215.56 50.47 98.44
17:01:27 171.62 50.47 98.44
17:01:28 128.88 50.47 98.44
17:01:29 94.00 50.47 98.43
17:01:30 66.61 50.47 98.43
17:01:31 44.20 50.47 98.44
17:01:32 29.83 50.47 98.44
17:01:33 20.68 50.47 98.44
17:01:34 17.29 50.47 98.44
17:01:35 12.04 50.47 98.44
17:01:36 8.47 50.47 98.44
17:01:37 6.20 50.47 98.44
17:01:38 4.04 50.47 98.44
17:01:39 2.52 50.47 98.44
17:01:40 1.42 50.47 98.44
17:01:41 0.60 50.47 98.44
17:01:42 -0.54 50.47 98.44
17:01:43 -1.00 50.47 98.44
17:01:44 -1.51 50.47 98.44
17:01:45 -2.10 50.47 98.44
17:01:46 -2.65 50.47 98.44
17:01:47 -2.70 50.47 98.44
17:01:48 -3.31 50.47 98.44
17:01:49 -3.22 50.47 98.44
17:01:50 -3.60 50.47 98.44
17:01:51 -3.78 50.47 98.44
17:01:52 -3.98 50.47 98.43
17:01:53 -3.73 50.47 98.43
17:01:54 -3.95 50.47 98.44
17:01:55 -4.10 50.47 98.44
17:01:56 -4.14 50.47 98.44
17:01:57 -3.90 50.47 98.44
17:01:58 -2.72 50.47 98.43
17:01:59 3.60 50.47 98.43
17:02:00 20.39 50.47 98.43
17:02:01 51.32 50.47 98.43
17:02:02 92.01 50.47 98.43
17:02:03 129.54 50.47 98.43
17:02:04 149.94 50.47 98.43
17:02:05 150.03 50.47 98.43
17:02:06 133.35 50.47 98.43
17:02:07 107.46 50.47 98.43
17:02:08 82.06 50.47 98.43
17:02:09 59.10 50.47 98.43
17:02:10 39.34 50.47 98.44
17:02:11 25.13 50.47 98.44
17:02:12 16.12 50.47 98.44
17:02:13 10.62 50.47 98.44
17:02:14 6.25 50.47 98.44
17:02:15 4.36 50.47 98.44
17:02:16 2.04 50.47 98.44
17:02:17 0.84 50.47 98.44
17:02:18 0.55 50.47 98.43
17:02:19 -0.32 50.47 98.43
17:02:20 -1.30 50.47 98.43
17:02:21 -1.96 50.47 98.44
17:02:22 -2.06 50.47 98.44
17:02:23 -2.30 50.47 98.44
17:02:24 -3.02 50.47 98.44
17:02:25 -3.49 50.47 98.43
17:02:26 -3.44 50.47 98.43
17:02:27 -3.46 50.47 98.43
17:02:28 -3.90 50.47 98.43
17:02:29 -3.85 50.47 98.43
17:02:30 -4.24 50.47 98.43
17:02:31 -4.13 50.47 98.43
17:02:32 -4.07 50.47 98.43
17:02:33 -3.93 50.47 98.43
17:02:34 0.69 50.47 98.43
17:02:35 23.07 50.47 98.43
17:02:36 92.14 50.47 98.43
17:02:37 231.21 50.47 98.43
17:02:38 433.01 50.47 98.43
17:02:39 538.86 50.47 98.43
17:02:40 708.52 50.47 98.43
17:02:41 782.12 50.47 98.43
17:02:42 750.62 50.47 98.43
17:02:43 648.69 50.47 98.43
17:02:44 512.99 50.47 98.43
17:02:45 385.00 50.47 98.43
17:02:46 267.36 50.47 98.43
17:02:47 172.54 50.47 98.43
17:02:48 112.18 50.47 98.43
17:02:49 72.62 50.47 98.43
17:02:50 47.50 50.47 98.43
17:02:51 32.37 50.47 98.43
17:02:52 21.92 50.47 98.43
17:02:53 15.52 50.47 98.43
17:02:54 10.43 50.47 98.43
17:02:55 7.60 50.47 98.43
17:02:56 5.09 50.47 98.43
17:02:57 3.32 50.47 98.43
17:02:58 1.28 50.47 98.43
17:02:59 0.63 50.47 98.43
17:03:00 -0.17 50.47 98.43
17:03:01 -0.61 50.47 98.43
17:03:02 -1.47 50.47 98.43
17:03:03 -1.55 50.47 98.43
17:03:04 -2.33 50.47 98.43
17:03:05 -2.12 50.47 98.43
17:03:06 -2.97 50.47 98.43
17:03:07 -2.97 50.47 98.43
17:03:08 -3.69 50.47 98.43
17:03:09 -3.28 50.47 98.43
17:03:10 -3.70 50.47 98.43
17:03:11 -3.36 50.47 98.43
17:03:12 -3.89 50.47 98.43
17:03:13 -3.72 50.47 98.43
17:03:14 -4.25 50.47 98.43
17:03:15 -4.23 50.47 98.43
17:03:16 -3.85 50.47 98.43
17:03:17 -4.39 50.47 98.43
17:03:18 -4.27 50.47 98.43
17:03:19 -3.97 50.47 98.43
17:03:20 -4.67 50.47 98.43
17:03:21 -4.49 50.47 98.43
17:03:22 -4.70 50.47 98.43
17:03:23 -4.52 50.47 98.43
17:03:24 -4.25 50.47 98.43
17:03:25 -4.33 50.47 98.43
17:03:26 -4.70 50.47 98.43
17:03:27 -4.32 50.47 98.43
17:03:28 -4.66 50.47 98.43
17:03:29 -4.62 50.47 98.43
17:03:30 -4.78 50.47 98.43
17:03:31 -4.43 50.47 98.43
17:03:32 -4.70 50.47 98.43
17:03:33 -4.60 50.47 98.43
17:03:34 -4.44 50.47 98.43
17:03:35 -4.84 50.47 98.43
17:03:36 -4.75 50.47 98.43
17:03:37 -4.70 50.47 98.43
17:03:38 -4.44 50.47 98.43
17:03:39 -4.80 50.47 98.43
17:03:40 -4.41 50.47 98.43
17:03:41 -4.80 50.47 98.43
17:03:42 -5.05 50.47 98.43
17:03:43 -5.18 50.47 98.43
17:03:44 -4.99 50.47 98.43
17:03:45 -4.65 50.47 98.43
17:03:46 -4.56 50.47 98.43
17:03:47 -4.67 50.47 98.43
17:03:48 -4.83 50.47 98.43
17:03:49 -4.44 50.47 98.43
17:03:50 -4.90 50.47 98.43
17:03:51 -5.00 50.47 98.43
17:03:52 -4.46 50.47 98.43
17:03:53 -1.71 50.47 98.43
17:03:54 5.32 50.47 98.43
17:03:55 16.00 50.47 98.43
17:03:56 29.40 50.47 98.43
17:03:57 40.71 50.47 98.43
17:03:58 45.82 50.47 98.43
17:03:59 44.17 50.47 98.43
17:04:00 37.72 50.47 98.43
17:04:01 28.85 50.47 98.43
17:04:02 20.58 50.47 98.43
17:04:03 11.68 50.47 98.43
17:04:04 6.10 50.47 98.43
17:04:05 2.55 50.47 98.43
17:04:06 0.83 50.47 98.43
17:04:07 -0.42 50.47 98.43
17:04:08 -2.29 50.47 98.43
17:04:09 -2.28 50.47 98.43
17:04:10 -2.80 50.47 98.43
17:04:11 -3.43 50.47 98.43
17:04:12 -3.89 50.47 98.43
17:04:13 -4.21 50.47 98.43
17:04:14 -4.67 50.47 98.43
17:04:15 -3.95 50.47 98.43
17:04:16 -4.40 50.47 98.43
17:04:17 -4.62 50.47 98.43
17:04:18 -4.30 50.47 98.43
17:04:19 -4.86 50.47 98.43
17:04:20 -4.54 50.47 98.43
17:04:21 -4.85 50.47 98.43
17:04:22 -4.58 50.47 98.43
17:04:23 -4.60 50.47 98.43
17:04:24 -4.90 50.47 98.43
17:04:25 -3.92 50.47 98.43
17:04:26 -0.80 50.47 98.43
17:04:27 16.50 50.47 98.43
17:04:28 35.80 50.47 98.43
17:04:29 109.25 50.47 98.43
17:04:30 228.10 50.47 98.43
17:04:31 368.10 50.47 98.43
17:04:32 475.27 50.47 98.43
17:04:33 517.55 50.47 98.43
17:04:34 492.02 50.47 98.43
17:04:35 421.83 50.47 98.43
17:04:36 332.31 50.47 98.43
17:04:37 249.63 50.47 98.43
17:04:38 170.76 50.47 98.43
17:04:39 111.16 50.47 98.43
17:04:40 72.92 50.47 98.43
17:04:41 49.27 50.47 98.43
17:04:42 32.65 50.47 98.43
17:04:43 22.99 50.47 98.43
17:04:44 16.00 50.47 98.43
17:04:45 11.49 50.47 98.43
17:04:46 8.21 50.47 98.43
17:04:47 5.97 50.47 98.43
17:04:48 3.66 50.47 98.43
17:04:49 2.05 50.47 98.43
17:04:50 1.73 50.47 98.43
17:04:51 0.44 50.47 98.43
17:04:52 -0.41 50.47 98.43
17:04:53 -0.76 50.47 98.43
17:04:54 -1.25 50.47 98.43
17:04:55 -1.94 50.47 98.43
17:04:56 -2.68 50.47 98.44
17:04:57 -2.84 50.47 98.43
17:04:58 -3.29 50.47 98.43
17:04:59 -3.32 50.47 98.43
17:05:00 -3.59 50.47 98.43
17:05:01 -3.58 50.47 98.43
17:05:02 -3.68 50.47 98.43
17:05:03 -3.64 50.47 98.43
17:05:04 -3.62 50.47 98.43
17:05:05 -3.56 50.47 98.43
17:05:06 0.01 50.47 98.43
17:05:07 14.75 50.47 98.43
17:05:08 52.47 50.47 98.43
17:05:09 121.28 50.47 98.43
17:05:10 207.87 50.47 98.43
17:05:11 249.08 50.47 98.43
17:05:12 309.56 50.47 98.43
17:05:13 327.52 50.47 98.43
17:05:14 304.75 50.47 98.43
17:05:15 256.51 50.47 98.43
17:05:16 200.71 50.47 98.43
17:05:17 149.90 50.47 98.43
17:05:18 104.24 50.47 98.43
17:05:19 68.01 50.47 98.43
17:05:20 45.75 50.47 98.43
17:05:21 30.42 50.47 98.43
17:05:22 21.35 50.47 98.43
17:05:23 15.28 50.47 98.43
17:05:24 10.86 50.47 98.43
17:05:25 7.62 50.47 98.43
17:05:26 5.04 50.47 98.43
17:05:27 3.47 50.47 98.43
17:05:28 2.11 50.47 98.43
17:05:29 0.60 50.47 98.43
17:05:30 0.11 50.47 98.43
17:05:31 -0.44 50.47 98.43
17:05:32 -0.90 50.47 98.43
17:05:33 -1.35 50.47 98.43
17:05:34 -2.07 50.47 98.43
17:05:35 -3.03 50.47 98.43
17:05:36 -2.90 50.47 98.43
17:05:37 -3.24 50.47 98.43
17:05:38 -3.28 50.47 98.43
17:05:39 -3.38 50.47 98.43
17:05:40 -3.13 50.47 98.43
17:05:41 -3.46 50.47 98.43
17:05:42 -3.94 50.47 98.43
17:05:43 -4.17 50.47 98.43
17:05:44 -2.35 50.47 98.43
17:05:45 9.35 50.47 98.43
17:05:46 58.88 50.47 98.43
17:05:47 191.12 50.47 98.43
17:05:48 430.74 50.47 98.43
17:05:49 736.56 50.47 98.43
17:05:50 998.92 50.47 98.43
17:05:51 1133.71 50.47 98.43
17:05:52 1118.37 50.47 98.43
17:05:53 988.01 50.47 98.43
17:05:54 805.35 50.47 98.43
17:05:55 708.05 50.47 98.43
17:05:56 530.50 50.47 98.43
17:05:57 386.04 50.47 98.43
17:05:58 267.21 50.47 98.43
17:05:59 178.08 50.47 98.43
17:06:00 123.40 50.47 98.43
17:06:01 87.85 50.47 98.43
17:06:02 64.51 50.47 98.43
17:06:03 48.15 50.47 98.43
17:06:04 36.85 50.47 98.43
17:06:05 29.06 50.47 98.43
17:06:06 23.15 50.47 98.43
17:06:07 17.80 50.47 98.43
17:06:08 14.56 50.47 98.43
17:06:09 11.82 50.47 98.43
17:06:10 9.19 50.47 98.43
17:06:11 6.96 50.47 98.43
17:06:12 5.21 50.47 98.43
17:06:13 3.86 50.47 98.43
17:06:14 2.63 50.47 98.43
17:06:15 1.93 50.47 98.43
17:06:16 1.20 50.47 98.43
17:06:17 0.43 50.47 98.43
17:06:18 0.10 50.47 98.43
17:06:19 -0.54 50.47 98.43
17:06:20 -1.36 50.47 98.43
17:06:21 -1.26 50.47 98.43
17:06:22 -1.45 50.47 98.43
17:06:23 -2.34 50.47 98.43
17:06:24 -2.60 50.47 98.43
17:06:25 -2.56 50.47 98.43
17:06:26 -2.71 50.47 98.43
17:06:27 -3.06 50.47 98.43
17:06:28 -3.09 50.47 98.43
17:06:29 -3.28 50.47 98.43
17:06:30 -2.97 50.47 98.43
17:06:31 -3.60 50.47 98.43
17:06:32 -3.36 50.47 98.43
17:06:33 -1.44 50.47 98.43
17:06:34 8.75 50.47 98.43
17:06:35 41.07 50.47 98.43
17:06:36 108.59 50.47 98.43
17:06:37 207.25 50.47 98.43
17:06:38 259.59 50.47 98.43
17:06:39 346.60 50.47 98.43
17:06:40 388.08 50.47 98.43
17:06:41 377.04 50.47 98.43
17:06:42 327.40 50.47 98.43
17:06:43 261.11 50.47 98.43
17:06:44 196.70 50.47 98.43
17:06:45 133.97 50.47 98.43
17:06:46 86.90 50.47 98.43
17:06:47 57.25 50.47 98.43
17:06:48 37.14 50.47 98.43
17:06:49 24.23 50.47 98.43
17:06:50 16.69 50.47 98.43
17:06:51 11.36 50.47 98.43
17:06:52 7.84 50.47 98.43
17:06:53 5.07 50.47 98.43
17:06:54 3.35 50.47 98.43
17:06:55 1.58 50.47 98.43
17:06:56 0.33 50.47 98.43
17:06:57 -0.41 50.47 98.43
17:06:58 -0.93 50.47 98.43
17:06:59 -1.61 50.47 98.43
17:07:00 -1.88 50.47 98.43
17:07:01 -2.02 50.47 98.43
17:07:02 -2.50 50.47 98.43
17:07:03 -2.92 50.47 98.43
17:07:04 -3.16 50.47 98.43
17:07:05 -3.44 50.47 98.43
17:07:06 -3.47 50.47 98.43
17:07:07 -3.60 50.47 98.43
17:07:08 -3.69 50.47 98.43
17:07:09 -3.94 50.47 98.43
17:07:10 -3.95 50.47 98.43
17:07:11 -3.92 50.47 98.43
17:07:12 -4.43 50.47 98.43
17:07:13 -3.99 50.47 98.43
17:07:14 -4.08 50.47 98.43
17:07:15 -4.47 50.47 98.43
17:07:16 -3.92 50.47 98.43
17:07:17 -4.37 50.47 98.43
17:07:18 -4.25 50.47 98.43
17:07:19 -4.34 50.47 98.43
17:07:20 -4.50 50.47 98.43
17:07:21 -4.45 50.47 98.43
17:07:22 -4.66 50.47 98.44
17:07:23 -4.55 50.47 98.43
17:07:24 -4.59 50.47 98.43
17:07:25 -4.73 50.47 98.43
17:07:26 -4.79 50.47 98.43
17:07:27 -4.67 50.47 98.43
17:07:28 -4.62 50.47 98.43
17:07:29 -4.69 50.47 98.43
17:07:30 -4.66 50.47 98.43
17:07:31 -4.33 50.47 98.43
17:07:32 -4.75 50.47 98.43
17:07:33 -4.25 50.47 98.43
17:07:34 -4.76 50.47 98.43
17:07:35 -4.51 50.47 98.43
17:07:36 -4.58 50.47 98.43
17:07:37 -4.75 50.47 98.43
17:07:38 -4.44 50.47 98.43
17:07:39 -4.56 50.47 98.43
17:07:40 -5.11 50.47 98.43
17:07:41 -4.83 50.47 98.43
17:07:42 -4.47 50.47 98.43
17:07:43 -4.81 50.47 98.43
17:07:44 -4.96 50.47 98.43
17:07:45 -4.87 50.47 98.43
17:07:46 -4.27 50.47 98.43
17:07:47 -4.87 50.47 98.43
17:07:48 -4.94 50.47 98.43
17:07:49 -4.47 50.47 98.43
17:07:50 -4.84 50.47 98.43
17:07:51 -5.08 50.47 98.43
17:07:52 -4.15 50.47 98.43
17:07:53 -1.37 50.47 98.43
17:07:54 9.99 50.47 98.43
17:07:55 39.73 50.47 98.43
17:07:56 92.07 50.47 98.43
17:07:57 156.69 50.47 98.43
17:07:58 212.57 50.47 98.43
17:07:59 240.33 50.47 98.43
17:08:00 234.88 50.47 98.43
17:08:01 204.33 50.47 98.43
17:08:02 163.02 50.47 98.43
17:08:03 121.77 50.47 98.43
17:08:04 86.67 50.47 98.43
17:08:05 71.59 50.47 98.43
17:08:06 44.33 50.47 98.43
17:08:07 27.76 50.47 98.43
17:08:08 17.00 50.47 98.43
17:08:09 10.38 50.47 98.43
17:08:10 6.08 50.47 98.43
17:08:11 3.37 50.47 98.43
17:08:12 1.15 50.47 98.43
17:08:13 0.03 50.47 98.43
17:08:14 -1.16 50.47 98.43
17:08:15 -1.57 50.47 98.43
17:08:16 -2.26 50.47 98.43
17:08:17 -2.78 50.47 98.43
17:08:18 -3.22 50.47 98.44
17:08:19 -3.19 50.47 98.44
17:08:20 -4.01 50.47 98.44
17:08:21 -4.06 50.47 98.44
17:08:22 -3.77 50.47 98.44
17:08:23 -3.98 50.47 98.43
17:08:24 -4.12 50.47 98.43
17:08:25 -4.74 50.47 98.43
17:08:26 -4.47 50.47 98.43
17:08:27 -4.57 50.47 98.43
17:08:28 -4.26 50.47 98.43
17:08:29 -4.39 50.47 98.43
17:08:30 -4.09 50.47 98.43
17:08:31 -2.08 50.47 98.43
17:08:32 7.03 50.47 98.43
17:08:33 28.20 50.47 98.43
17:08:34 65.55 50.47 98.43
17:08:35 110.72 50.47 98.43
17:08:36 149.21 50.47 98.43
17:08:37 166.77 50.47 98.43
17:08:38 162.68 50.47 98.43
17:08:39 140.66 50.47 98.43
17:08:40 111.84 50.47 98.43
17:08:41 83.06 50.47 98.43
17:08:42 56.23 50.47 98.44
17:08:43 35.24 50.47 98.43
17:08:44 21.84 50.47 98.43
17:08:45 13.94 50.47 98.44
17:08:46 8.32 50.47 98.44
17:08:47 4.84 50.47 98.43
17:08:48 3.78 50.47 98.43
17:08:49 1.48 50.47 98.43
17:08:50 0.18 50.47 98.43
17:08:51 -0.94 50.47 98.43
17:08:52 -1.60 50.47 98.43
17:08:53 -2.37 50.47 98.43
17:08:54 -2.61 50.47 98.43
17:08:55 -2.47 50.47 98.43
17:08:56 -3.92 50.47 98.43
17:08:57 -3.47 50.47 98.43
17:08:58 -3.85 50.47 98.43
17:08:59 -3.72 50.47 98.43
17:09:00 -3.78 50.47 98.43
17:09:01 -4.35 50.47 98.43
17:09:02 -4.14 50.47 98.43
17:09:03 -4.31 50.47 98.43
17:09:04 -4.54 50.47 98.43
17:09:05 -4.19 50.47 98.43
17:09:06 -3.11 50.47 98.43
17:09:07 3.39 50.47 98.43
17:09:08 23.44 50.47 98.43
17:09:09 65.45 50.47 98.43
17:09:10 94.10 50.47 98.43
17:09:11 158.02 50.47 98.43
17:09:12 212.62 50.47 98.43
17:09:13 239.70 50.47 98.43
17:09:14 233.79 50.47 98.43
17:09:15 205.43 50.47 98.43
17:09:16 165.51 50.47 98.43
17:09:17 125.86 50.47 98.43
17:09:18 91.14 50.47 98.43
17:09:19 63.87 50.47 98.43
17:09:20 41.49 50.47 98.44
17:09:21 27.48 50.47 98.43
17:09:22 18.82 50.47 98.43
17:09:23 13.07 50.47 98.43
17:09:24 9.08 50.47 98.44
17:09:25 6.09 50.47 98.44
17:09:26 4.32 50.47 98.44
17:09:27 2.15 50.47 98.44
17:09:28 1.14 50.47 98.44
17:09:29 0.67 50.47 98.44
17:09:30 -0.51 50.47 98.44
17:09:31 -1.20 50.47 98.44
17:09:32 -1.48 50.47 98.44
17:09:33 -1.94 50.47 98.44
17:09:34 -2.37 50.47 98.44
17:09:35 -3.06 50.47 98.44
17:09:36 -3.11 50.47 98.44
17:09:37 -3.24 50.47 98.43
17:09:38 -3.46 50.47 98.43
17:09:39 -3.54 50.47 98.43
17:09:40 -4.10 50.47 98.43
17:09:41 -3.89 50.47 98.43
17:09:42 -3.81 50.47 98.43
17:09:43 -4.58 50.47 98.43
17:09:44 -2.08 50.47 98.43
17:09:45 9.91 50.47 98.43
17:09:46 53.91 50.47 98.43
17:09:47 152.87 50.47 98.43
17:09:48 315.00 50.47 98.43
17:09:49 496.72 50.47 98.43
17:09:50 636.53 50.47 98.43
17:09:51 689.19 50.47 98.43
17:09:52 653.86 50.47 98.43
17:09:53 613.26 50.47 98.43
17:09:54 505.35 50.47 98.43
17:09:55 391.80 50.47 98.43
17:09:56 292.01 50.47 98.43
17:09:57 212.52 50.47 98.43
17:09:58 145.02 50.47 98.43
17:09:59 99.67 50.47 98.44
17:10:00 70.71 50.47 98.44
17:10:01 51.99 50.47 98.44
17:10:02 39.19 50.47 98.44
17:10:03 29.88 50.47 98.44
17:10:04 23.19 50.47 98.43
17:10:05 18.04 50.47 98.43
17:10:06 14.62 50.47 98.44
17:10:07 11.53 50.47 98.44
17:10:08 8.81 50.47 98.44
17:10:09 6.78 50.47 98.44
17:10:10 5.31 50.47 98.44
17:10:11 3.78 50.47 98.44
17:10:12 2.83 50.47 98.44
17:10:13 1.58 50.47 98.44
17:10:14 0.71 50.47 98.44
17:10:15 0.30 50.47 98.44
17:10:16 -0.42 50.47 98.44
17:10:17 -0.69 50.47 98.44
17:10:18 -1.33 50.47 98.44
17:10:19 -1.86 50.47 98.44
17:10:20 -2.22 50.47 98.44
17:10:21 -2.37 50.47 98.44
17:10:22 -3.12 50.47 98.44
17:10:23 -3.11 50.47 98.44
17:10:24 -3.43 50.47 98.44
17:10:25 -3.02 50.47 98.44
17:10:26 -3.55 50.47 98.43
17:10:27 -3.23 50.47 98.43
17:10:28 -3.34 50.47 98.44
17:10:29 -3.22 50.47 98.44
17:10:30 -3.35 50.47 98.43
17:10:31 -3.65 50.47 98.43
17:10:32 -2.47 50.47 98.43
17:10:33 1.69 50.47 98.43
17:10:34 15.93 50.47 98.43
17:10:35 45.42 50.47 98.43
17:10:36 89.29 50.47 98.43
17:10:37 113.37 50.47 98.43
17:10:38 153.59 50.47 98.44
17:10:39 173.75 50.47 98.43
17:10:40 169.88 50.47 98.43
17:10:41 149.74 50.47 98.43
17:10:42 119.30 50.47 98.43
17:10:43 89.79 50.47 98.43
17:10:44 62.52 50.47 98.43
17:10:45 40.00 50.47 98.44
17:10:46 26.04 50.47 98.44
17:10:47 16.44 50.47 98.44
17:10:48 10.76 50.47 98.44
17:10:49 6.79 50.47 98.44
17:10:50 4.23 50.47 98.44
17:10:51 2.48 50.47 98.44
17:10:52 0.92 50.47 98.44
17:10:53 0.06 50.47 98.44
17:10:54 -0.66 50.47 98.44
17:10:55 -1.50 50.47 98.44
17:10:56 -2.06 50.47 98.44
17:10:57 -2.60 50.47 98.44
17:10:58 -2.85 50.47 98.44
17:10:59 -3.15 50.47 98.44
17:11:00 -3.13 50.47 98.44
17:11:01 -3.52 50.47 98.44
17:11:02 -3.39 50.47 98.44
17:11:03 -3.85 50.47 98.44
17:11:04 -3.84 50.47 98.44
17:11:05 -4.34 50.47 98.44
17:11:06 -4.33 50.47 98.44
17:11:07 -4.32 50.47 98.44
17:11:08 -4.32 50.47 98.44
17:11:09 -4.22 50.47 98.44
17:11:10 -4.32 50.47 98.44
17:11:11 -4.54 50.47 98.44
17:11:12 -4.35 50.47 98.44
17:11:13 -4.51 50.47 98.44
17:11:14 -4.55 50.47 98.44
17:11:15 -4.59 50.47 98.44
