"2016-05-31 at 12:24"
Time(H:M:S) CO2(ppm) CellTemp(c) CellPres(kPa)
12:24:20 -4.63 50.47 99.53
12:24:21 -4.34 50.47 99.53
12:24:22 -4.87 50.47 99.53
12:24:23 -4.55 50.47 99.53
12:24:24 -4.66 50.47 99.53
12:24:25 -4.59 50.47 99.53
12:24:26 -4.62 50.47 99.53
12:24:27 -4.14 50.47 99.53
12:24:28 -5.07 50.47 99.53
12:24:29 -4.76 50.47 99.53
12:24:30 -4.41 50.47 99.53
12:24:31 -4.64 50.47 99.53
12:24:32 -4.72 50.47 99.53
12:24:33 -4.41 50.47 99.53
12:24:34 -4.21 50.47 99.54
12:24:35 -5.13 50.47 99.54
12:24:36 -4.46 50.47 99.53
12:24:37 -4.72 50.47 99.53
12:24:38 -4.45 50.47 99.53
12:24:39 -4.63 50.47 99.53
12:24:40 -4.44 50.47 99.53
12:24:41 -4.76 50.47 99.53
12:24:42 -4.43 50.47 99.53
12:24:43 -4.59 50.47 99.53
12:24:44 -3.22 50.47 99.53
12:24:45 0.41 50.47 99.53
12:24:46 13.71 50.47 99.53
12:24:47 38.09 50.47 99.53
12:24:48 71.52 50.47 99.53
12:24:49 103.27 50.47 99.53
12:24:50 122.14 50.47 99.53
12:24:51 124.89 50.47 99.53
12:24:52 117.18 50.47 99.53
12:24:53 99.73 50.47 99.53
12:24:54 77.76 50.47 99.53
12:24:55 55.72 50.47 99.53
12:24:56 35.99 50.47 99.53
12:24:57 23.41 50.47 99.53
12:24:58 15.10 50.47 99.53
12:24:59 9.12 50.47 99.53
12:25:00 5.81 50.47 99.53
12:25:01 3.84 50.47 99.53
12:25:02 1.79 50.47 99.53
12:25:03 0.83 50.47 99.53
12:25:04 -0.04 50.47 99.53
12:25:05 -0.85 50.47 99.53
12:25:06 -1.15 50.47 99.53
12:25:07 -1.56 50.47 99.53
12:25:08 -2.41 50.47 99.53
12:25:09 -2.75 50.47 99.53
12:25:10 -2.28 50.47 99.53
12:25:11 -3.29 50.47 99.53
12:25:12 -3.07 50.47 99.53
12:25:13 -3.35 50.47 99.53
12:25:14 -3.69 50.47 99.53
12:25:15 -3.50 50.47 99.53
12:25:16 -3.99 50.47 99.53
12:25:17 -3.71 50.47 99.53
12:25:18 -3.80 50.47 99.53
12:25:19 -3.82 50.47 99.53
12:25:20 -4.24 50.47 99.53
12:25:21 -3.77 50.47 99.53
12:25:22 -1.39 50.47 99.53
12:25:23 6.44 50.47 99.53
12:25:24 23.31 50.47 99.53
12:25:25 45.94 50.47 99.53
12:25:26 66.00 50.47 99.53
12:25:27 74.32 50.47 99.53
12:25:28 69.73 50.47 99.53
12:25:29 55.86 50.47 99.53
12:25:30 40.64 50.47 99.53
12:25:31 27.47 50.47 99.53
12:25:32 17.28 50.47 99.53
12:25:33 10.75 50.47 99.53
12:25:34 8.47 50.47 99.53
12:25:35 4.49 50.47 99.53
12:25:36 2.15 50.47 99.53
12:25:37 0.87 50.47 99.53
12:25:38 -0.76 50.47 99.53
12:25:39 -1.34 50.47 99.53
12:25:40 -1.81 50.47 99.53
12:25:41 -2.21 50.47 99.53
12:25:42 -3.24 50.47 99.53
12:25:43 -3.28 50.47 99.53
12:25:44 -3.34 50.47 99.53
12:25:45 -3.46 50.47 99.53
12:25:46 -3.35 50.47 99.53
12:25:47 -3.58 50.47 99.53
12:25:48 -3.94 50.47 99.53
12:25:49 -3.75 50.47 99.53
12:25:50 -3.94 50.47 99.53
12:25:51 -3.59 50.47 99.53
12:25:52 -2.81 50.47 99.53
12:25:53 -0.33 50.47 99.53
12:25:54 7.04 50.47 99.53
12:25:55 17.11 50.47 99.53
12:25:56 23.47 50.47 99.53
12:25:57 35.47 50.47 99.53
12:25:58 41.84 50.47 99.53
12:25:59 42.85 50.47 99.53
12:26:00 37.84 50.47 99.53
12:26:01 30.04 50.47 99.53
12:26:02 21.20 50.47 99.53
12:26:03 12.92 50.47 99.53
12:26:04 6.96 50.47 99.53
12:26:05 2.73 50.47 99.53
12:26:06 0.70 50.47 99.53
12:26:07 -1.22 50.47 99.53
12:26:08 -2.03 50.47 99.53
12:26:09 -3.00 50.47 99.53
12:26:10 -3.13 50.47 99.53
12:26:11 -3.45 50.47 99.53
12:26:12 -4.12 50.47 99.53
12:26:13 -4.03 50.47 99.53
12:26:14 -4.13 50.47 99.53
12:26:15 -3.88 50.47 99.53
12:26:16 -4.48 50.47 99.53
12:26:17 -4.58 50.47 99.53
12:26:18 -4.52 50.47 99.53
12:26:19 -4.44 50.47 99.53
12:26:20 -4.32 50.47 99.53
12:26:21 -3.34 50.47 99.53
12:26:22 -1.23 50.47 99.53
12:26:23 3.85 50.47 99.53
12:26:24 10.37 50.47 99.53
12:26:25 17.47 50.47 99.53
12:26:26 21.10 50.47 99.53
12:26:27 21.66 50.47 99.53
12:26:28 18.90 50.47 99.53
12:26:29 13.95 50.47 99.53
12:26:30 8.87 50.47 99.53
12:26:31 4.43 50.47 99.53
12:26:32 1.84 50.47 99.53
12:26:33 -0.54 50.47 99.53
12:26:34 -1.45 50.47 99.53
12:26:35 -1.88 50.47 99.53
12:26:36 -3.07 50.47 99.53
12:26:37 -3.19 50.47 99.53
12:26:38 -3.29 50.47 99.53
12:26:39 -3.92 50.47 99.53
12:26:40 -3.32 50.47 99.53
12:26:41 -3.99 50.47 99.53
12:26:42 -4.07 50.47 99.53
12:26:43 -4.24 50.47 99.53
12:26:44 -4.31 50.47 99.53
12:26:45 -3.84 50.47 99.53
12:26:46 -4.27 50.47 99.53
12:26:47 -4.22 50.47 99.53
12:26:48 -3.20 50.47 99.53
12:26:49 -0.87 50.47 99.53
12:26:50 2.54 50.47 99.53
12:26:51 6.07 50.47 99.53
12:26:52 8.93 50.47 99.53
12:26:53 9.55 50.47 99.53
12:26:54 8.35 50.47 99.53
12:26:55 6.39 50.47 99.53
12:26:56 4.05 50.47 99.53
12:26:57 1.84 50.47 99.53
12:26:58 0.12 50.47 99.53
12:26:59 -1.27 50.47 99.53
12:27:00 -2.61 50.47 99.53
12:27:01 -2.78 50.47 99.53
12:27:02 -3.76 50.47 99.53
12:27:03 -3.46 50.47 99.53
12:27:04 -4.03 50.47 99.53
12:27:05 -4.06 50.47 99.53
12:27:06 -4.12 50.47 99.53
12:27:07 -4.14 50.47 99.53
12:27:08 -4.14 50.47 99.54
12:27:09 -4.45 50.47 99.53
12:27:10 -4.72 50.47 99.53
12:27:11 -4.75 50.47 99.53
12:27:12 -4.50 50.47 99.53
12:27:13 -4.50 50.47 99.53
12:27:14 -4.56 50.47 99.53
12:27:15 -4.63 50.47 99.53
12:27:16 -4.69 50.47 99.53
12:27:17 -4.22 50.47 99.53
12:27:18 -4.40 50.47 99.53
12:27:19 -2.62 50.47 99.53
12:27:20 0.25 50.47 99.53
12:27:21 3.07 50.47 99.53
12:27:22 6.50 50.47 99.53
12:27:23 7.62 50.47 99.53
12:27:24 8.30 50.47 99.53
12:27:25 7.53 50.47 99.53
12:27:26 5.16 50.47 99.53
12:27:27 3.20 50.47 99.55
12:27:28 0.47 50.47 99.53
12:27:29 -1.27 50.47 99.53
12:27:30 -2.95 50.47 99.53
12:27:31 -3.22 50.47 99.53
12:27:32 -3.42 50.47 99.53
12:27:33 -3.48 50.47 99.53
12:27:34 -4.52 50.47 99.53
12:27:35 -4.13 50.47 99.53
12:27:36 -4.43 50.47 99.53
12:27:37 -4.56 50.47 99.53
12:27:38 -4.00 50.47 99.53
12:27:39 -4.64 50.47 99.53
12:27:40 -4.77 50.47 99.53
12:27:41 -4.32 50.47 99.53
12:27:42 -4.19 50.47 99.53
12:27:43 -4.55 50.47 99.53
12:27:44 -4.68 50.47 99.53
12:27:45 -4.45 50.47 99.53
12:27:46 -4.60 50.47 99.53
12:27:47 -4.46 50.47 99.53
12:27:48 -4.30 50.47 99.53
12:27:49 -2.19 50.47 99.53
12:27:50 10.37 50.47 99.53
12:27:51 47.57 50.47 99.53
12:27:52 122.06 50.47 99.53
12:27:53 228.93 50.47 99.53
12:27:54 335.11 50.47 99.53
12:27:55 403.63 50.47 99.53
12:27:56 413.82 50.47 99.53
12:27:57 374.45 50.47 99.53
12:27:58 308.58 50.47 99.53
12:27:59 236.84 50.47 99.53
12:28:00 166.50 50.47 99.53
12:28:01 109.27 50.47 99.53
12:28:02 70.96 50.47 99.53
12:28:03 46.89 50.47 99.53
12:28:04 30.52 50.47 99.53
12:28:05 20.86 50.47 99.54
12:28:06 17.49 50.47 99.53
12:28:07 11.54 50.47 99.53
12:28:08 8.13 50.47 99.53
12:28:09 5.36 50.47 99.53
12:28:10 3.65 50.47 99.53
12:28:11 1.76 50.47 99.53
12:28:12 0.88 50.47 99.53
12:28:13 -0.15 50.47 99.53
12:28:14 -1.01 50.47 99.53
12:28:15 -1.24 50.47 99.53
12:28:16 -2.26 50.47 99.54
12:28:17 -2.47 50.47 99.53
12:28:18 -2.65 50.47 99.53
12:28:19 -2.68 50.47 99.53
12:28:20 -3.20 50.47 99.53
12:28:21 -3.25 50.47 99.53
12:28:22 -3.50 50.47 99.53
12:28:23 -3.65 50.47 99.53
12:28:24 -3.46 50.47 99.53
12:28:25 -3.47 50.47 99.53
12:28:26 -1.48 50.47 99.53
12:28:27 8.45 50.47 99.53
12:28:28 18.10 50.47 99.53
12:28:29 52.03 50.47 99.53
12:28:30 102.63 50.47 99.53
12:28:31 155.43 50.47 99.53
12:28:32 193.27 50.47 99.53
12:28:33 203.30 50.47 99.53
12:28:34 188.61 50.47 99.53
12:28:35 158.23 50.47 99.53
12:28:36 123.33 50.47 99.53
12:28:37 86.19 50.47 99.53
12:28:38 57.90 50.47 99.53
12:28:39 38.57 50.47 99.53
12:28:40 25.63 50.47 99.53
12:28:41 17.18 50.47 99.53
12:28:42 11.99 50.47 99.53
12:28:43 8.28 50.47 99.53
12:28:44 5.59 50.47 99.53
12:28:45 3.65 50.47 99.53
12:28:46 2.13 50.47 99.53
12:28:47 1.14 50.47 99.53
12:28:48 0.17 50.47 99.53
12:28:49 -0.40 50.47 99.53
12:28:50 -1.14 50.47 99.53
12:28:51 -0.94 50.47 99.53
12:28:52 -2.32 50.47 99.53
12:28:53 -2.47 50.47 99.53
12:28:54 -2.72 50.47 99.53
12:28:55 -3.15 50.47 99.53
12:28:56 -3.00 50.47 99.53
12:28:57 -3.18 50.47 99.53
12:28:58 -3.23 50.47 99.53
12:28:59 -3.43 50.47 99.53
12:29:00 -3.71 50.47 99.53
12:29:01 -3.56 50.47 99.53
12:29:02 -2.70 50.47 99.53
12:29:03 1.39 50.47 99.53
12:29:04 15.28 50.47 99.53
12:29:05 41.17 50.47 99.53
12:29:06 78.02 50.47 99.53
12:29:07 113.63 50.47 99.53
12:29:08 135.85 50.47 99.53
12:29:09 139.28 50.47 99.53
12:29:10 125.69 50.47 99.53
12:29:11 115.48 50.47 99.53
12:29:12 90.95 50.47 99.53
12:29:13 66.60 50.47 99.53
12:29:14 44.73 50.47 99.53
12:29:15 28.17 50.47 99.53
12:29:16 17.30 50.47 99.53
12:29:17 10.09 50.47 99.53
12:29:18 5.90 50.47 99.53
12:29:19 3.47 50.47 99.53
12:29:20 1.37 50.47 99.53
12:29:21 -0.35 50.47 99.53
12:29:22 -0.80 50.47 99.54
12:29:23 -2.01 50.47 99.53
12:29:24 -2.16 50.47 99.53
12:29:25 -2.62 50.47 99.53
12:29:26 -3.10 50.47 99.53
12:29:27 -3.06 50.47 99.53
12:29:28 -3.49 50.47 99.53
12:29:29 -4.23 50.47 99.54
12:29:30 -3.97 50.47 99.53
12:29:31 -3.80 50.47 99.53
12:29:32 -3.93 50.47 99.53
12:29:33 -3.81 50.47 99.53
12:29:34 -4.21 50.47 99.53
12:29:35 -4.09 50.47 99.53
12:29:36 -3.94 50.47 99.53
12:29:37 -4.12 50.47 99.53
12:29:38 -4.25 50.47 99.53
12:29:39 -2.91 50.47 99.53
12:29:40 2.38 50.47 99.53
12:29:41 16.33 50.47 99.53
12:29:42 41.45 50.47 99.53
12:29:43 73.46 50.47 99.53
12:29:44 102.86 50.47 99.53
12:29:45 117.56 50.47 99.53
12:29:46 116.29 50.47 99.53
12:29:47 102.22 50.47 99.53
12:29:48 81.46 50.47 99.53
12:29:49 60.53 50.47 99.53
12:29:50 39.61 50.47 99.53
12:29:51 24.53 50.47 99.53
12:29:52 14.86 50.47 99.53
12:29:53 8.83 50.47 99.53
12:29:54 4.37 50.47 99.53
12:29:55 2.99 50.47 99.55
12:29:56 0.99 50.47 99.55
12:29:57 -0.33 50.47 99.53
12:29:58 -0.84 50.47 99.53
12:29:59 -2.05 50.47 99.53
12:30:00 -2.55 50.47 99.53
12:30:01 -3.02 50.47 99.53
12:30:02 -3.40 50.47 99.53
12:30:03 -3.23 50.47 99.53
12:30:04 -3.22 50.47 99.53
12:30:05 -4.30 50.47 99.53
12:30:06 -3.67 50.47 99.53
12:30:07 -3.95 50.47 99.53
12:30:08 -4.16 50.47 99.53
12:30:09 -4.35 50.47 99.53
12:30:10 -4.34 50.47 99.53
12:30:11 -4.32 50.47 99.53
12:30:12 -4.12 50.47 99.53
12:30:13 -4.44 50.47 99.53
12:30:14 -3.92 50.47 99.53
12:30:15 -2.57 50.47 99.53
12:30:16 -0.39 50.47 99.53
12:30:17 7.76 50.47 99.53
12:30:18 21.55 50.47 99.53
12:30:19 38.72 50.47 99.53
12:30:20 52.73 50.47 99.53
12:30:21 59.90 50.47 99.53
12:30:22 58.25 50.47 99.53
12:30:23 50.01 50.47 99.53
12:30:24 39.07 50.47 99.53
12:30:25 28.44 50.47 99.53
12:30:26 18.41 50.47 99.53
12:30:27 10.72 50.47 99.53
12:30:28 6.26 50.47 99.53
12:30:29 3.39 50.47 99.53
12:30:30 1.29 50.47 99.53
12:30:31 -0.08 50.47 99.53
12:30:32 -0.94 50.47 99.53
12:30:33 -1.67 50.47 99.53
12:30:34 -2.06 50.47 99.53
12:30:35 -1.95 50.47 99.53
12:30:36 -2.87 50.47 99.53
12:30:37 -3.35 50.47 99.53
12:30:38 -3.38 50.47 99.53
12:30:39 -4.01 50.47 99.53
12:30:40 -3.79 50.47 99.53
12:30:41 -3.92 50.47 99.53
12:30:42 -3.72 50.47 99.54
12:30:43 -3.82 50.47 99.53
12:30:44 -4.23 50.47 99.53
12:30:45 -3.77 50.47 99.53
12:30:46 -4.28 50.47 99.53
12:30:47 -4.03 50.47 99.53
12:30:48 -4.25 50.47 99.53
12:30:49 -2.46 50.47 99.53
12:30:50 3.47 50.47 99.53
12:30:51 24.77 50.47 99.53
12:30:52 68.40 50.47 99.53
12:30:53 132.50 50.47 99.53
12:30:54 199.45 50.47 99.53
12:30:55 245.65 50.47 99.53
12:30:56 257.59 50.47 99.53
12:30:57 237.22 50.47 99.53
12:30:58 198.31 50.47 99.53
12:30:59 154.49 50.47 99.53
12:31:00 132.55 50.47 99.53
12:31:01 89.81 50.47 99.53
12:31:02 59.08 50.47 99.53
12:31:03 37.94 50.47 99.53
12:31:04 25.54 50.47 99.53
12:31:05 16.43 50.47 99.53
12:31:06 10.83 50.47 99.53
12:31:07 7.24 50.47 99.53
12:31:08 4.50 50.47 99.53
12:31:09 2.78 50.47 99.53
12:31:10 1.34 50.47 99.53
12:31:11 0.06 50.47 99.53
12:31:12 -0.37 50.47 99.55
12:31:13 -1.47 50.47 99.53
12:31:14 -1.69 50.47 99.53
12:31:15 -2.26 50.47 99.53
12:31:16 -3.34 50.47 99.53
12:31:17 -2.53 50.47 99.53
12:31:18 -3.12 50.47 99.53
12:31:19 -3.49 50.47 99.53
12:31:20 -3.53 50.47 99.53
12:31:21 -3.65 50.47 99.53
12:31:22 -3.20 50.47 99.53
12:31:23 -4.06 50.47 99.53
12:31:24 -4.04 50.47 99.53
12:31:25 -3.75 50.47 99.53
12:31:26 -1.22 50.47 99.53
12:31:27 9.68 50.47 99.53
12:31:28 40.10 50.47 99.53
12:31:29 94.61 50.47 99.53
12:31:30 167.68 50.47 99.53
12:31:31 234.46 50.47 99.53
12:31:32 272.19 50.47 99.53
12:31:33 271.64 50.47 99.53
12:31:34 241.96 50.47 99.53
12:31:35 197.08 50.47 99.53
12:31:36 151.28 50.47 99.53
12:31:37 105.26 50.47 99.55
12:31:38 70.62 50.47 99.53
12:31:39 47.26 50.47 99.53
12:31:40 32.00 50.47 99.53
12:31:41 22.17 50.47 99.53
12:31:42 15.85 50.47 99.53
12:31:43 12.87 50.47 99.53
12:31:44 9.81 50.47 99.53
12:31:45 6.48 50.47 99.53
12:31:46 4.89 50.47 99.53
12:31:47 3.19 50.47 99.53
12:31:48 2.15 50.47 99.53
12:31:49 0.90 50.47 99.53
12:31:50 0.11 50.47 99.53
12:31:51 -0.90 50.47 99.53
12:31:52 -1.06 50.47 99.53
12:31:53 -2.12 50.47 99.53
12:31:54 -2.15 50.47 99.53
12:31:55 -2.37 50.47 99.53
12:31:56 -2.74 50.47 99.53
12:31:57 -2.66 50.47 99.53
12:31:58 -3.34 50.47 99.53
12:31:59 -3.30 50.47 99.53
12:32:00 -3.26 50.47 99.53
12:32:01 -3.54 50.47 99.53
12:32:02 -3.74 50.47 99.53
12:32:03 -2.40 50.47 99.53
12:32:04 1.31 50.47 99.53
12:32:05 6.84 50.47 99.53
12:32:06 28.50 50.47 99.53
12:32:07 66.64 50.47 99.53
12:32:08 114.97 50.47 99.53
12:32:09 157.45 50.47 99.53
12:32:10 179.06 50.47 99.53
12:32:11 177.17 50.47 99.53
12:32:12 155.14 50.47 99.53
12:32:13 125.44 50.47 99.53
12:32:14 93.54 50.47 99.53
12:32:15 61.69 50.47 99.53
12:32:16 41.24 50.47 99.53
12:32:17 26.17 50.47 99.53
12:32:18 16.75 50.47 99.53
12:32:19 10.87 50.47 99.53
12:32:20 6.49 50.47 99.53
12:32:21 4.13 50.47 99.53
12:32:22 2.35 50.47 99.53
12:32:23 1.01 50.47 99.53
12:32:24 -0.28 50.47 99.53
12:32:25 -0.84 50.47 99.53
12:32:26 -1.39 50.47 99.53
12:32:27 -1.85 50.47 99.53
12:32:28 -2.40 50.47 99.53
12:32:29 -3.02 50.47 99.53
12:32:30 -2.78 50.47 99.53
12:32:31 -3.23 50.47 99.53
12:32:32 -3.39 50.47 99.53
12:32:33 -3.23 50.47 99.53
12:32:34 -3.43 50.47 99.53
12:32:35 -3.76 50.47 99.53
12:32:36 -3.81 50.47 99.53
12:32:37 -3.81 50.47 99.53
12:32:38 -4.19 50.47 99.53
12:32:39 -4.31 50.47 99.53
12:32:40 -3.95 50.47 99.53
12:32:41 -3.96 50.47 99.53
12:32:42 -4.25 50.47 99.53
12:32:43 -4.24 50.47 99.53
12:32:44 -4.51 50.47 99.53
12:32:45 -4.47 50.47 99.53
12:32:46 -4.49 50.47 99.53
12:32:47 -4.01 50.47 99.53
12:32:48 -3.86 50.47 99.53
12:32:49 -4.31 50.47 99.53
12:32:50 -4.63 50.47 99.53
12:32:51 -4.18 50.47 99.55
12:32:52 -4.51 50.47 99.53
12:32:53 -4.56 50.47 99.53
12:32:54 -4.42 50.47 99.53
12:32:55 -4.54 50.47 99.53
12:32:56 -4.52 50.47 99.53
12:32:57 -4.55 50.47 99.53
12:32:58 -4.27 50.47 99.53
12:32:59 -4.40 50.47 99.53
12:33:00 -4.58 50.47 99.53
12:33:01 -4.37 50.47 99.53
12:33:02 -4.41 50.47 99.53
12:33:03 -4.62 50.47 99.53
12:33:04 -4.50 50.47 99.53
12:33:05 -4.43 50.47 99.53
12:33:06 -4.57 50.47 99.53
12:33:07 -4.78 50.47 99.53
12:33:08 -4.49 50.47 99.53
12:33:09 -4.63 50.47 99.53
12:33:10 -4.72 50.47 99.53
12:33:11 -4.33 50.47 99.53
12:33:12 -4.64 50.47 99.53
12:33:13 -4.61 50.47 99.53
12:33:14 -4.52 50.47 99.53
12:33:15 -4.07 50.47 99.53
12:33:16 -4.58 50.47 99.53
12:33:17 -4.58 50.47 99.53
12:33:18 -4.66 50.47 99.53
12:33:19 -4.45 50.47 99.53
12:33:20 -2.70 50.47 99.53
12:33:21 5.30 50.47 99.53
12:33:22 25.67 50.47 99.53
12:33:23 63.76 50.47 99.53
12:33:24 114.45 50.47 99.53
12:33:25 160.70 50.47 99.53
12:33:26 186.30 50.47 99.53
12:33:27 187.13 50.47 99.53
12:33:28 166.46 50.47 99.53
12:33:29 135.22 50.47 99.53
12:33:30 101.49 50.47 99.53
12:33:31 68.47 50.47 99.53
12:33:32 54.42 50.47 99.53
12:33:33 35.24 50.47 99.53
12:33:34 22.11 50.47 99.53
12:33:35 13.77 50.47 99.53
12:33:36 8.54 50.47 99.53
12:33:37 4.42 50.47 99.53
12:33:38 2.52 50.47 99.53
12:33:39 0.77 50.47 99.53
12:33:40 -0.05 50.47 99.53
12:33:41 -1.21 50.47 99.53
12:33:42 -1.84 50.47 99.53
12:33:43 -1.76 50.47 99.53
12:33:44 -3.08 50.47 99.53
12:33:45 -3.32 50.47 99.53
12:33:46 -3.50 50.47 99.53
12:33:47 -3.57 50.47 99.53
12:33:48 -3.88 50.47 99.53
12:33:49 -3.87 50.47 99.53
12:33:50 -3.78 50.47 99.53
12:33:51 -4.00 50.47 99.53
12:33:52 -4.24 50.47 99.53
12:33:53 -4.04 50.47 99.53
12:33:54 -3.96 50.47 99.53
12:33:55 -0.40 50.47 99.53
12:33:56 11.11 50.47 99.53
12:33:57 37.53 50.47 99.53
12:33:58 80.30 50.47 99.53
12:33:59 129.99 50.47 99.53
12:34:00 168.95 50.47 99.53
12:34:01 183.76 50.47 99.53
12:34:02 175.48 50.47 99.53
12:34:03 149.73 50.47 99.53
12:34:04 118.31 50.47 99.53
12:34:05 88.00 50.47 99.53
12:34:06 59.69 50.47 99.53
12:34:07 38.09 50.47 99.53
12:34:08 25.13 50.47 99.53
12:34:09 16.40 50.47 99.53
12:34:10 11.17 50.47 99.53
12:34:11 7.17 50.47 99.53
12:34:12 4.82 50.47 99.53
12:34:13 3.07 50.47 99.53
12:34:14 1.14 50.47 99.53
12:34:15 0.49 50.47 99.53
12:34:16 -0.20 50.47 99.53
12:34:17 -0.76 50.47 99.53
12:34:18 -1.21 50.47 99.53
12:34:19 -1.65 50.47 99.53
12:34:20 -2.81 50.47 99.55
12:34:21 -2.77 50.47 99.53
12:34:22 -2.68 50.47 99.53
12:34:23 -3.46 50.47 99.53
12:34:24 -3.30 50.47 99.53
12:34:25 -3.28 50.47 99.53
12:34:26 -3.67 50.47 99.53
12:34:27 -3.56 50.47 99.53
12:34:28 -3.72 50.47 99.53
12:34:29 -3.23 50.47 99.53
12:34:30 -1.41 50.47 99.53
12:34:31 6.85 50.47 99.53
12:34:32 25.58 50.47 99.53
12:34:33 55.25 50.47 99.53
12:34:34 89.20 50.47 99.53
12:34:35 116.13 50.47 99.53
12:34:36 126.60 50.47 99.53
12:34:37 125.54 50.47 99.53
12:34:38 112.98 50.47 99.53
12:34:39 92.53 50.47 99.53
12:34:40 70.36 50.47 99.53
12:34:41 48.67 50.47 99.53
12:34:42 31.01 50.47 99.53
12:34:43 19.46 50.47 99.53
12:34:44 12.32 50.47 99.53
12:34:45 7.13 50.47 99.53
12:34:46 4.25 50.47 99.53
12:34:47 2.24 50.47 99.53
12:34:48 0.76 50.47 99.53
12:34:49 -0.28 50.47 99.53
12:34:50 -1.20 50.47 99.53
12:34:51 -2.01 50.47 99.53
12:34:52 -2.39 50.47 99.53
12:34:53 -3.03 50.47 99.53
12:34:54 -2.82 50.47 99.53
12:34:55 -2.84 50.47 99.53
12:34:56 -3.65 50.47 99.53
12:34:57 -3.66 50.47 99.53
12:34:58 -3.54 50.47 99.53
12:34:59 -4.15 50.47 99.53
12:35:00 -3.66 50.47 99.53
12:35:01 -4.02 50.47 99.53
12:35:02 -3.95 50.47 99.53
12:35:03 -4.07 50.47 99.53
12:35:04 -4.56 50.47 99.53
12:35:05 -4.02 50.47 99.53
12:35:06 -4.28 50.47 99.53
12:35:07 -3.11 50.47 99.53
12:35:08 1.00 50.47 99.53
12:35:09 9.02 50.47 99.53
12:35:10 22.95 50.47 99.53
12:35:11 38.57 50.47 99.53
12:35:12 51.47 50.47 99.53
12:35:13 56.97 50.47 99.53
12:35:14 53.51 50.47 99.53
12:35:15 45.78 50.47 99.53
12:35:16 35.60 50.47 99.53
12:35:17 24.73 50.47 99.53
12:35:18 15.10 50.47 99.53
12:35:19 7.81 50.47 99.53
12:35:20 5.62 50.47 99.53
12:35:21 2.15 50.47 99.53
12:35:22 0.35 50.47 99.53
12:35:23 -1.04 50.47 99.53
12:35:24 -2.01 50.47 99.53
12:35:25 -2.81 50.47 99.53
12:35:26 -3.19 50.47 99.53
12:35:27 -3.19 50.47 99.53
12:35:28 -3.59 50.47 99.53
12:35:29 -3.48 50.47 99.53
12:35:30 -4.30 50.47 99.53
12:35:31 -4.42 50.47 99.53
12:35:32 -4.33 50.47 99.53
12:35:33 -4.30 50.47 99.53
12:35:34 -4.35 50.47 99.53
12:35:35 -4.22 50.47 99.53
12:35:36 -4.48 50.47 99.53
12:35:37 -4.42 50.47 99.53
12:35:38 -4.45 50.47 99.53
12:35:39 -4.74 50.47 99.53
12:35:40 -3.71 50.47 99.53
12:35:41 0.22 50.47 99.53
12:35:42 5.43 50.47 99.53
12:35:43 25.23 50.47 99.53
12:35:44 60.84 50.47 99.53
12:35:45 104.59 50.47 99.53
12:35:46 144.17 50.47 99.53
12:35:47 165.68 50.47 99.53
12:35:48 164.39 50.47 99.53
12:35:49 144.92 50.47 99.53
12:35:50 116.87 50.47 99.53
12:35:51 88.39 50.47 99.53
12:35:52 59.83 50.47 99.53
12:35:53 37.81 50.47 99.53
12:35:54 23.11 50.47 99.53
12:35:55 14.41 50.47 99.53
12:35:56 7.91 50.47 99.53
12:35:57 4.70 50.47 99.53
12:35:58 2.11 50.47 99.53
12:35:59 0.55 50.47 99.53
12:36:00 -1.03 50.47 99.53
12:36:01 -1.56 50.47 99.53
12:36:02 -2.32 50.47 99.53
12:36:03 -2.60 50.47 99.53
12:36:04 -2.96 50.47 99.53
12:36:05 -3.00 50.47 99.53
12:36:06 -3.81 50.47 99.53
12:36:07 -3.82 50.47 99.53
12:36:08 -3.64 50.47 99.53
12:36:09 -3.99 50.47 99.53
12:36:10 -4.04 50.47 99.53
12:36:11 -4.32 50.47 99.53
12:36:12 -4.06 50.47 99.53
12:36:13 -4.27 50.47 99.53
12:36:14 -4.30 50.47 99.53
12:36:15 -4.23 50.47 99.53
12:36:16 -1.31 50.47 99.53
12:36:17 9.58 50.47 99.53
12:36:18 36.91 50.47 99.53
12:36:19 83.79 50.47 99.53
12:36:20 141.57 50.47 99.53
12:36:21 191.27 50.47 99.53
12:36:22 216.54 50.47 99.53
12:36:23 212.64 50.47 99.53
12:36:24 185.77 50.47 99.53
12:36:25 168.75 50.47 99.53
12:36:26 131.69 50.47 99.53
12:36:27 92.46 50.47 99.53
12:36:28 62.15 50.47 99.53
12:36:29 40.76 50.47 99.53
12:36:30 27.46 50.47 99.53
12:36:31 18.22 50.47 99.53
12:36:32 11.78 50.47 99.53
12:36:33 8.38 50.47 99.53
12:36:34 5.56 50.47 99.53
12:36:35 3.64 50.47 99.53
12:36:36 2.34 50.47 99.53
12:36:37 0.79 50.47 99.53
12:36:38 0.18 50.47 99.53
12:36:39 -0.52 50.47 99.53
12:36:40 -1.44 50.47 99.53
12:36:41 -1.49 50.47 99.53
12:36:42 -2.63 50.47 99.53
12:36:43 -2.16 50.47 99.53
12:36:44 -2.82 50.47 99.53
12:36:45 -2.93 50.47 99.53
12:36:46 -3.36 50.47 99.53
12:36:47 -3.47 50.47 99.53
12:36:48 -3.51 50.47 99.53
12:36:49 -3.47 50.47 99.53
12:36:50 -3.65 50.47 99.53
12:36:51 -3.56 50.47 99.53
12:36:52 -2.38 50.47 99.53
12:36:53 3.30 50.47 99.53
12:36:54 19.97 50.47 99.53
12:36:55 53.10 50.47 99.53
12:36:56 98.64 50.47 99.53
12:36:57 142.92 50.47 99.53
12:36:58 171.35 50.47 99.53
12:36:59 176.24 50.47 99.53
12:37:00 159.39 50.47 99.53
12:37:01 131.21 50.47 99.53
12:37:02 100.67 50.47 99.53
12:37:03 69.72 50.47 99.53
12:37:04 45.11 50.47 99.53
12:37:05 28.61 50.47 99.53
12:37:06 17.88 50.47 99.53
12:37:07 11.13 50.47 99.53
12:37:08 6.74 50.47 99.53
12:37:09 4.96 50.47 99.55
12:37:10 2.76 50.47 99.53
12:37:11 1.04 50.47 99.53
12:37:12 -0.31 50.47 99.53
12:37:13 -1.55 50.47 99.53
12:37:14 -1.83 50.47 99.53
12:37:15 -2.27 50.47 99.53
12:37:16 -3.13 50.47 99.53
12:37:17 -2.91 50.47 99.53
12:37:18 -3.49 50.47 99.53
12:37:19 -3.53 50.47 99.53
12:37:20 -3.84 50.47 99.53
12:37:21 -3.75 50.47 99.53
12:37:22 -4.33 50.47 99.53
12:37:23 -4.11 50.47 99.53
12:37:24 -4.23 50.47 99.53
12:37:25 -4.35 50.47 99.53
12:37:26 -4.22 50.47 99.53
12:37:27 -3.91 50.47 99.53
12:37:28 -3.51 50.47 99.53
12:37:29 0.81 50.47 99.53
12:37:30 5.86 50.47 99.53
12:37:31 25.64 50.47 99.53
12:37:32 59.20 50.47 99.53
12:37:33 99.26 50.47 99.53
12:37:34 132.68 50.47 99.53
12:37:35 148.79 50.47 99.53
12:37:36 143.94 50.47 99.53
12:37:37 125.00 50.47 99.53
12:37:38 98.95 50.47 99.53
12:37:39 70.71 50.47 99.53
12:37:40 46.26 50.47 99.53
12:37:41 29.45 50.47 99.53
12:37:42 18.14 50.47 99.53
12:37:43 10.57 50.47 99.53
12:37:44 6.50 50.47 99.53
12:37:45 3.47 50.47 99.53
12:37:46 1.92 50.47 99.53
12:37:47 0.08 50.47 99.53
12:37:48 -0.91 50.47 99.53
12:37:49 -1.81 50.47 99.53
12:37:50 -2.47 50.47 99.53
12:37:51 -2.67 50.47 99.53
12:37:52 -2.92 50.47 99.53
12:37:53 -3.42 50.47 99.53
12:37:54 -3.22 50.47 99.53
12:37:55 -3.38 50.47 99.53
12:37:56 -3.83 50.47 99.53
12:37:57 -3.99 50.47 99.53
12:37:58 -4.15 50.47 99.53
12:37:59 -4.10 50.47 99.53
12:38:00 -4.16 50.47 99.53
12:38:01 -4.28 50.47 99.53
12:38:02 -4.45 50.47 99.53
12:38:03 -3.97 50.47 99.53
12:38:04 -4.45 50.47 99.53
12:38:05 -4.33 50.47 99.53
12:38:06 -4.15 50.47 99.53
12:38:07 -5.06 50.47 99.53
12:38:08 -4.37 50.47 99.53
12:38:09 -4.35 50.47 99.53
12:38:10 -4.54 50.47 99.53
12:38:11 -4.55 50.47 99.53
12:38:12 -4.49 50.47 99.53
12:38:13 -4.63 50.47 99.53
12:38:14 -4.55 50.47 99.53
12:38:15 -4.78 50.47 99.53
12:38:16 -4.69 50.47 99.53
12:38:17 -4.55 50.47 99.53
12:38:18 -4.38 50.47 99.53
12:38:19 -4.74 50.47 99.53
12:38:20 -4.41 50.47 99.53
12:38:21 -4.66 50.47 99.53
12:38:22 -4.80 50.47 99.53
12:38:23 -4.35 50.47 99.53
12:38:24 -4.78 50.47 99.53
12:38:25 -4.80 50.47 99.53
12:38:26 -4.26 50.47 99.53
12:38:27 -4.60 50.47 99.53
12:38:28 -4.48 50.47 99.53
12:38:29 -4.77 50.47 99.53
12:38:30 -4.51 50.47 99.53
12:38:31 -4.65 50.47 99.53
12:38:32 -4.47 50.47 99.53
12:38:33 -4.71 50.47 99.53
12:38:34 -4.57 50.47 99.53
12:38:35 -4.63 50.47 99.53
12:38:36 -4.31 50.47 99.53
12:38:37 -4.88 50.47 99.53
12:38:38 -4.45 50.47 99.53
12:38:39 -4.62 50.47 99.53
12:38:40 -4.53 50.47 99.53
12:38:41 -4.63 50.47 99.53
12:38:42 -4.45 50.47 99.53
12:38:43 -4.79 50.47 99.53
12:38:44 -4.19 50.47 99.53
12:38:45 -4.60 50.47 99.53
12:38:46 -4.99 50.47 99.53
12:38:47 -4.63 50.47 99.53
12:38:48 -4.66 50.47 99.53
12:38:49 -4.41 50.47 99.53
12:38:50 -4.77 50.47 99.53
12:38:51 -4.38 50.47 99.53
12:38:52 -4.84 50.47 99.53
12:38:53 -4.76 50.47 99.53
12:38:54 -4.83 50.47 99.53
12:38:55 -4.43 50.47 99.53
12:38:56 -4.55 50.47 99.53
12:38:57 -4.55 50.47 99.53
12:38:58 -4.37 50.47 99.55
12:38:59 -4.47 50.47 99.54
12:39:00 -4.86 50.47 99.54
12:39:01 -4.75 50.47 99.53
12:39:02 -4.74 50.47 99.53
12:39:03 -4.46 50.47 99.53
12:39:04 -4.83 50.47 99.53
12:39:05 -4.76 50.47 99.53
12:39:06 -4.73 50.47 99.53
12:39:07 -4.52 50.47 99.53
12:39:08 -4.71 50.47 99.53
12:39:09 -4.69 50.47 99.53
12:39:10 -3.57 50.47 99.53
12:39:11 2.43 50.47 99.53
12:39:12 20.42 50.47 99.53
12:39:13 59.99 50.47 99.53
12:39:14 116.85 50.47 99.53
12:39:15 177.58 50.47 99.53
12:39:16 219.10 50.47 99.53
12:39:17 230.42 50.47 99.53
12:39:18 212.76 50.47 99.53
12:39:19 196.83 50.47 99.53
12:39:20 158.21 50.47 99.53
12:39:21 117.70 50.47 99.53
12:39:22 79.11 50.47 99.53
12:39:23 52.47 50.47 99.53
12:39:24 34.66 50.47 99.53
12:39:25 22.73 50.47 99.53
12:39:26 15.30 50.47 99.53
12:39:27 10.39 50.47 99.53
12:39:28 7.31 50.47 99.53
12:39:29 5.11 50.47 99.53
12:39:30 3.17 50.47 99.53
12:39:31 1.57 50.47 99.53
12:39:32 0.59 50.47 99.53
12:39:33 -0.43 50.47 99.53
12:39:34 -1.02 50.47 99.53
12:39:35 -1.30 50.47 99.53
12:39:36 -1.94 50.47 99.53
12:39:37 -2.94 50.47 99.53
12:39:38 -2.62 50.47 99.53
12:39:39 -3.10 50.47 99.53
12:39:40 -3.58 50.47 99.53
12:39:41 -3.58 50.47 99.53
12:39:42 -3.59 50.47 99.53
12:39:43 -3.37 50.47 99.53
12:39:44 -3.32 50.47 99.53
12:39:45 -3.89 50.47 99.53
12:39:46 -3.99 50.47 99.53
12:39:47 -2.08 50.47 99.53
12:39:48 4.60 50.47 99.53
12:39:49 23.38 50.47 99.53
12:39:50 58.94 50.47 99.53
12:39:51 107.90 50.47 99.53
12:39:52 152.71 50.47 99.53
12:39:53 180.22 50.47 99.53
12:39:54 182.69 50.47 99.53
12:39:55 163.63 50.47 99.53
12:39:56 135.16 50.47 99.53
12:39:57 102.01 50.47 99.53
12:39:58 70.74 50.47 99.53
12:39:59 47.09 50.47 99.54
12:40:00 31.50 50.47 99.53
12:40:01 21.29 50.47 99.53
12:40:02 17.28 50.47 99.53
12:40:03 12.15 50.47 99.53
12:40:04 8.85 50.47 99.53
12:40:05 5.85 50.47 99.53
12:40:06 3.87 50.47 99.53
12:40:07 2.49 50.47 99.53
12:40:08 0.86 50.47 99.54
12:40:09 0.23 50.47 99.53
12:40:10 -0.21 50.47 99.53
12:40:11 -1.13 50.47 99.53
12:40:12 -1.67 50.47 99.54
12:40:13 -2.12 50.47 99.54
12:40:14 -2.50 50.47 99.53
12:40:15 -2.80 50.47 99.53
12:40:16 -3.12 50.47 99.53
12:40:17 -3.27 50.47 99.53
12:40:18 -3.63 50.47 99.53
12:40:19 -3.34 50.47 99.53
12:40:20 -3.59 50.47 99.53
12:40:21 -3.74 50.47 99.53
12:40:22 -3.54 50.47 99.53
12:40:23 -4.04 50.47 99.53
12:40:24 -3.77 50.47 99.53
12:40:25 -2.42 50.47 99.53
12:40:26 1.59 50.47 99.53
12:40:27 8.96 50.47 99.53
12:40:28 17.87 50.47 99.53
12:40:29 26.04 50.47 99.53
12:40:30 30.92 50.47 99.53
12:40:31 31.09 50.47 99.53
12:40:32 26.97 50.47 99.53
12:40:33 21.11 50.47 99.53
12:40:34 14.91 50.47 99.53
12:40:35 8.65 50.47 99.53
12:40:36 4.56 50.47 99.53
12:40:37 2.05 50.47 99.53
12:40:38 -0.11 50.47 99.53
12:40:39 -0.95 50.47 99.53
12:40:40 -1.84 50.47 99.53
12:40:41 -2.28 50.47 99.53
12:40:42 -2.86 50.47 99.53
12:40:43 -3.16 50.47 99.53
12:40:44 -3.52 50.47 99.53
12:40:45 -3.72 50.47 99.53
12:40:46 -3.49 50.47 99.53
12:40:47 -3.73 50.47 99.53
12:40:48 -3.87 50.47 99.53
12:40:49 -4.20 50.47 99.53
12:40:50 -4.12 50.47 99.53
12:40:51 -4.09 50.47 99.53
12:40:52 -4.09 50.47 99.53
12:40:53 -4.42 50.47 99.53
12:40:54 -4.11 50.47 99.53
12:40:55 -4.31 50.47 99.53
12:40:56 -4.24 50.47 99.53
12:40:57 -4.65 50.47 99.53
12:40:58 -4.21 50.47 99.53
12:40:59 -4.24 50.47 99.53
12:41:00 -2.87 50.47 99.53
12:41:01 4.37 50.47 99.53
12:41:02 22.45 50.47 99.53
12:41:03 55.42 50.47 99.53
12:41:04 97.86 50.47 99.53
12:41:05 135.82 50.47 99.53
12:41:06 156.46 50.47 99.53
12:41:07 158.01 50.47 99.53
12:41:08 147.26 50.47 99.53
12:41:09 123.24 50.47 99.53
12:41:10 95.00 50.47 99.53
12:41:11 66.44 50.47 99.53
12:41:12 43.06 50.47 99.53
12:41:13 26.74 50.47 99.53
12:41:14 17.05 50.47 99.53
12:41:15 9.74 50.47 99.53
12:41:16 5.92 50.47 99.53
12:41:17 3.29 50.47 99.53
12:41:18 1.48 50.47 99.53
12:41:19 0.11 50.47 99.53
12:41:20 -0.82 50.47 99.53
12:41:21 -1.50 50.47 99.53
12:41:22 -2.15 50.47 99.53
12:41:23 -2.86 50.47 99.53
12:41:24 -2.93 50.47 99.53
12:41:25 -3.29 50.47 99.53
12:41:26 -3.70 50.47 99.53
12:41:27 -3.54 50.47 99.53
12:41:28 -3.66 50.47 99.53
12:41:29 -4.27 50.47 99.53
12:41:30 -4.03 50.47 99.53
12:41:31 -4.17 50.47 99.53
12:41:32 -4.38 50.47 99.53
12:41:33 -4.23 50.47 99.53
12:41:34 -4.08 50.47 99.53
12:41:35 -4.05 50.47 99.53
12:41:36 -2.63 50.47 99.53
12:41:37 3.85 50.47 99.53
12:41:38 21.94 50.47 99.53
12:41:39 55.06 50.47 99.53
12:41:40 97.75 50.47 99.53
12:41:41 136.73 50.47 99.53
12:41:42 159.18 50.47 99.53
12:41:43 157.36 50.47 99.55
12:41:44 139.62 50.47 99.53
12:41:45 112.29 50.47 99.53
12:41:46 84.54 50.47 99.53
12:41:47 57.47 50.47 99.53
12:41:48 37.00 50.47 99.53
12:41:49 23.75 50.47 99.53
12:41:50 14.81 50.47 99.53
12:41:51 11.54 50.47 99.53
12:41:52 7.23 50.47 99.53
12:41:53 4.10 50.47 99.53
12:41:54 2.52 50.47 99.53
12:41:55 0.76 50.47 99.53
12:41:56 -0.01 50.47 99.53
12:41:57 -0.78 50.47 99.53
12:41:58 -1.56 50.47 99.53
12:41:59 -2.13 50.47 99.53
12:42:00 -2.60 50.47 99.53
12:42:01 -3.22 50.47 99.53
12:42:02 -2.91 50.47 99.53
12:42:03 -3.24 50.47 99.53
12:42:04 -3.36 50.47 99.53
12:42:05 -3.85 50.47 99.53
12:42:06 -3.69 50.47 99.53
12:42:07 -4.23 50.47 99.53
12:42:08 -3.83 50.47 99.53
12:42:09 -4.13 50.47 99.53
12:42:10 -3.67 50.47 99.53
12:42:11 -4.06 50.47 99.53
12:42:12 -3.95 50.47 99.53
12:42:13 -4.62 50.47 99.53
12:42:14 -3.25 50.47 99.53
12:42:15 -0.85 50.47 99.53
12:42:16 9.79 50.47 99.53
12:42:17 31.66 50.47 99.53
12:42:18 64.84 50.47 99.53
12:42:19 99.80 50.47 99.53
12:42:20 124.68 50.47 99.53
12:42:21 132.56 50.47 99.53
12:42:22 123.45 50.47 99.53
12:42:23 103.27 50.47 99.53
12:42:24 80.98 50.47 99.53
12:42:25 57.17 50.47 99.53
12:42:26 37.98 50.47 99.53
12:42:27 24.91 50.47 99.53
12:42:28 15.96 50.47 99.53
12:42:29 10.73 50.47 99.53
12:42:30 6.63 50.47 99.53
12:42:31 4.26 50.47 99.53
12:42:32 2.44 50.47 99.53
12:42:33 1.20 50.47 99.53
12:42:34 0.59 50.47 99.53
12:42:35 -0.16 50.47 99.53
12:42:36 -1.01 50.47 99.53
12:42:37 -0.98 50.47 99.53
12:42:38 -2.10 50.47 99.53
12:42:39 -2.76 50.47 99.53
12:42:40 -2.72 50.47 99.53
12:42:41 -3.05 50.47 99.53
12:42:42 -3.07 50.47 99.53
12:42:43 -3.49 50.47 99.53
12:42:44 -3.77 50.47 99.53
12:42:45 -3.94 50.47 99.53
12:42:46 -3.90 50.47 99.53
12:42:47 -4.41 50.47 99.53
12:42:48 -3.84 50.47 99.53
12:42:49 -4.00 50.47 99.53
12:42:50 -3.30 50.47 99.53
12:42:51 -0.78 50.47 99.53
12:42:52 9.03 50.47 99.53
12:42:53 30.74 50.47 99.53
12:42:54 63.67 50.47 99.53
12:42:55 98.33 50.47 99.53
12:42:56 113.10 50.47 99.53
12:42:57 130.01 50.47 99.53
12:42:58 129.20 50.47 99.53
12:42:59 113.17 50.47 99.53
12:43:00 91.90 50.47 99.53
12:43:01 67.71 50.47 99.53
12:43:02 45.19 50.47 99.53
12:43:03 29.54 50.47 99.53
12:43:04 19.22 50.47 99.53
12:43:05 12.46 50.47 99.53
12:43:06 7.48 50.47 99.53
12:43:07 4.85 50.47 99.53
12:43:08 2.78 50.47 99.53
12:43:09 1.14 50.47 99.53
12:43:10 0.85 50.47 99.53
12:43:11 -0.75 50.47 99.53
12:43:12 -1.32 50.47 99.53
12:43:13 -1.51 50.47 99.53
12:43:14 -2.49 50.47 99.53
12:43:15 -3.14 50.47 99.53
12:43:16 -3.20 50.47 99.53
12:43:17 -3.13 50.47 99.53
12:43:18 -3.25 50.47 99.53
12:43:19 -3.44 50.47 99.53
12:43:20 -3.32 50.47 99.53
12:43:21 -3.94 50.47 99.53
12:43:22 -4.01 50.47 99.53
12:43:23 -3.71 50.47 99.53
12:43:24 -3.36 50.47 99.53
12:43:25 0.44 50.47 99.53
12:43:26 12.02 50.47 99.53
12:43:27 39.52 50.47 99.53
12:43:28 79.99 50.47 99.53
12:43:29 125.33 50.47 99.53
12:43:30 159.27 50.47 99.53
12:43:31 170.59 50.47 99.53
12:43:32 160.97 50.47 99.53
12:43:33 135.68 50.47 99.53
12:43:34 105.49 50.47 99.53
12:43:35 76.29 50.47 99.53
12:43:36 50.42 50.47 99.53
12:43:37 32.16 50.47 99.53
12:43:38 20.39 50.47 99.53
12:43:39 16.27 50.47 99.53
12:43:40 10.56 50.47 99.53
12:43:41 6.57 50.47 99.53
12:43:42 3.88 50.47 99.53
12:43:43 2.01 50.47 99.53
12:43:44 0.33 50.47 99.53
12:43:45 -0.68 50.47 99.53
12:43:46 -0.90 50.47 99.53
12:43:47 -1.84 50.47 99.53
12:43:48 -2.49 50.47 99.53
12:43:49 -2.43 50.47 99.53
12:43:50 -3.05 50.47 99.53
12:43:51 -3.54 50.47 99.53
12:43:52 -3.84 50.47 99.53
12:43:53 -3.78 50.47 99.53
12:43:54 -3.93 50.47 99.53
12:43:55 -4.00 50.47 99.53
12:43:56 -3.65 50.47 99.53
12:43:57 -3.98 50.47 99.53
12:43:58 -4.01 50.47 99.53
12:43:59 -4.38 50.47 99.53
12:44:00 -4.42 50.47 99.53
12:44:01 -4.53 50.47 99.53
12:44:02 -4.12 50.47 99.53
12:44:03 -4.03 50.47 99.53
12:44:04 -4.51 50.47 99.53
12:44:05 -4.51 50.47 99.53
12:44:06 -4.26 50.47 99.53
12:44:07 -4.70 50.47 99.53
12:44:08 -4.88 50.47 99.53
12:44:09 -4.65 50.47 99.53
12:44:10 -4.79 50.47 99.53
12:44:11 -4.45 50.47 99.53
12:44:12 -4.74 50.47 99.53
12:44:13 -4.38 50.47 99.53
12:44:14 -4.52 50.47 99.53
12:44:15 -4.88 50.47 99.53
12:44:16 -4.73 50.47 99.53
12:44:17 -4.85 50.47 99.53
12:44:18 -4.51 50.47 99.53
12:44:19 -4.86 50.47 99.53
12:44:20 -4.48 50.47 99.53
12:44:21 -4.27 50.47 99.53
12:44:22 -4.75 50.47 99.53
12:44:23 -4.93 50.47 99.53
12:44:24 -4.52 50.47 99.53
12:44:25 -4.82 50.47 99.53
12:44:26 -4.58 50.47 99.53
12:44:27 -4.41 50.47 99.53
12:44:28 -4.77 50.47 99.53
12:44:29 -4.59 50.47 99.53
12:44:30 -4.93 50.47 99.53
12:44:31 -4.70 50.47 99.53
12:44:32 -4.62 50.47 99.53
12:44:33 -4.86 50.47 99.53
12:44:34 -4.16 50.47 99.53
12:44:35 -0.96 50.47 99.53
12:44:36 11.16 50.47 99.53
12:44:37 40.33 50.47 99.53
12:44:38 88.06 50.47 99.53
12:44:39 144.05 50.47 99.53
12:44:40 188.92 50.47 99.53
12:44:41 208.37 50.47 99.53
12:44:42 200.10 50.47 99.53
12:44:43 171.62 50.47 99.53
12:44:44 154.20 50.47 99.53
12:44:45 118.31 50.47 99.53
12:44:46 81.54 50.47 99.53
12:44:47 53.52 50.47 99.53
12:44:48 34.85 50.47 99.53
12:44:49 21.94 50.47 99.53
12:44:50 14.43 50.47 99.53
12:44:51 9.17 50.47 99.53
12:44:52 6.03 50.47 99.53
12:44:53 3.26 50.47 99.53
12:44:54 1.85 50.47 99.53
12:44:55 0.46 50.47 99.53
12:44:56 -0.16 50.47 99.53
12:44:57 -1.80 50.47 99.53
12:44:58 -1.51 50.47 99.53
12:44:59 -2.47 50.47 99.53
12:45:00 -2.42 50.47 99.53
12:45:01 -3.09 50.47 99.53
12:45:02 -3.75 50.47 99.53
12:45:03 -3.52 50.47 99.53
12:45:04 -3.59 50.47 99.53
12:45:05 -4.05 50.47 99.53
12:45:06 -4.19 50.47 99.53
12:45:07 -4.21 50.47 99.53
12:45:08 -4.23 50.47 99.53
12:45:09 -4.18 50.47 99.53
12:45:10 -4.27 50.47 99.53
12:45:11 -4.04 50.47 99.53
12:45:12 -3.53 50.47 99.53
12:45:13 -0.26 50.47 99.53
12:45:14 11.82 50.47 99.53
12:45:15 37.86 50.47 99.52
12:45:16 78.10 50.47 99.52
12:45:17 122.18 50.47 99.53
12:45:18 154.14 50.47 99.53
12:45:19 164.22 50.47 99.53
12:45:20 153.38 50.47 99.53
12:45:21 128.38 50.47 99.53
12:45:22 100.60 50.47 99.53
12:45:23 71.46 50.47 99.53
12:45:24 46.83 50.47 99.53
12:45:25 30.75 50.47 99.53
12:45:26 19.58 50.47 99.53
12:45:27 12.65 50.47 99.53
12:45:28 10.40 50.47 99.53
12:45:29 6.03 50.47 99.53
12:45:30 4.14 50.47 99.53
12:45:31 2.17 50.47 99.53
12:45:32 0.81 50.47 99.53
12:45:33 -0.28 50.47 99.53
12:45:34 -0.94 50.47 99.53
12:45:35 -1.61 50.47 99.53
12:45:36 -2.28 50.47 99.53
12:45:37 -2.62 50.47 99.53
12:45:38 -3.08 50.47 99.53
12:45:39 -3.06 50.47 99.53
12:45:40 -3.53 50.47 99.53
12:45:41 -3.28 50.47 99.53
12:45:42 -3.55 50.47 99.53
12:45:43 -3.75 50.47 99.55
12:45:44 -3.77 50.47 99.53
12:45:45 -3.84 50.47 99.53
12:45:46 -4.21 50.47 99.53
12:45:47 -4.15 50.47 99.53
12:45:48 -3.94 50.47 99.53
12:45:49 -3.10 50.47 99.53
12:45:50 -0.79 50.47 99.53
12:45:51 10.82 50.47 99.53
12:45:52 36.30 50.47 99.53
12:45:53 76.70 50.47 99.53
12:45:54 121.64 50.47 99.53
12:45:55 156.59 50.47 99.53
12:45:56 168.74 50.47 99.53
12:45:57 159.36 50.47 99.53
12:45:58 134.66 50.47 99.53
12:45:59 105.30 50.47 99.53
12:46:00 75.65 50.47 99.53
12:46:01 49.43 50.47 99.53
12:46:02 31.21 50.47 99.53
12:46:03 19.87 50.47 99.53
12:46:04 12.17 50.47 99.53
12:46:05 7.14 50.47 99.53
12:46:06 4.42 50.47 99.53
12:46:07 1.99 50.47 99.53
12:46:08 0.30 50.47 99.53
12:46:09 -0.24 50.47 99.53
12:46:10 -1.05 50.47 99.53
12:46:11 -1.53 50.47 99.53
12:46:12 -1.91 50.47 99.53
12:46:13 -2.40 50.47 99.53
12:46:14 -2.79 50.47 99.53
12:46:15 -3.14 50.47 99.53
12:46:16 -3.78 50.47 99.53
12:46:17 -3.63 50.47 99.53
12:46:18 -3.37 50.47 99.53
12:46:19 -4.32 50.47 99.53
12:46:20 -3.88 50.47 99.53
12:46:21 -3.98 50.47 99.53
12:46:22 -4.02 50.47 99.53
12:46:23 -4.39 50.47 99.53
12:46:24 -4.26 50.47 99.53
12:46:25 -3.57 50.47 99.53
12:46:26 -1.63 50.47 99.53
12:46:27 7.56 50.47 99.53
12:46:28 31.22 50.47 99.53
12:46:29 70.97 50.47 99.53
12:46:30 119.91 50.47 99.53
12:46:31 161.36 50.47 99.53
12:46:32 179.94 50.47 99.53
12:46:33 180.37 50.47 99.53
12:46:34 164.96 50.47 99.53
12:46:35 136.80 50.47 99.53
12:46:36 104.97 50.47 99.53
12:46:37 74.51 50.47 99.53
12:46:38 48.54 50.47 99.53
12:46:39 31.37 50.47 99.53
12:46:40 20.42 50.47 99.53
12:46:41 13.59 50.47 99.53
12:46:42 8.68 50.47 99.53
12:46:43 5.70 50.47 99.53
12:46:44 3.23 50.47 99.53
12:46:45 1.73 50.47 99.53
12:46:46 0.57 50.47 99.53
12:46:47 -0.22 50.47 99.53
12:46:48 -0.83 50.47 99.53
12:46:49 -1.74 50.47 99.53
12:46:50 -2.53 50.47 99.53
12:46:51 -2.69 50.47 99.53
12:46:52 -3.02 50.47 99.53
12:46:53 -3.08 50.47 99.53
12:46:54 -3.34 50.47 99.53
12:46:55 -3.53 50.47 99.53
12:46:56 -3.64 50.47 99.53
12:46:57 -3.60 50.47 99.53
12:46:58 -3.65 50.47 99.53
12:46:59 -3.98 50.47 99.53
12:47:00 -3.62 50.47 99.53
12:47:01 -1.41 50.47 99.53
12:47:02 8.05 50.47 99.53
12:47:03 32.09 50.47 99.53
12:47:04 74.97 50.47 99.53
12:47:05 128.04 50.47 99.53
12:47:06 174.68 50.47 99.53
12:47:07 197.40 50.47 99.53
12:47:08 194.08 50.47 99.53
12:47:09 169.62 50.47 99.53
12:47:10 136.54 50.47 99.53
12:47:11 101.89 50.47 99.53
12:47:12 68.93 50.47 99.53
12:47:13 45.62 50.47 99.53
12:47:14 30.45 50.47 99.53
12:47:15 20.41 50.47 99.53
12:47:16 17.04 50.47 99.53
12:47:17 11.23 50.47 99.53
12:47:18 7.86 50.47 99.53
12:47:19 4.98 50.47 99.53
12:47:20 3.03 50.47 99.53
12:47:21 1.80 50.47 99.53
12:47:22 0.70 50.47 99.53
12:47:23 -0.17 50.47 99.53
12:47:24 -0.81 50.47 99.53
12:47:25 -1.40 50.47 99.53
12:47:26 -1.50 50.47 99.53
12:47:27 -2.27 50.47 99.53
12:47:28 -3.19 50.47 99.53
12:47:29 -2.62 50.47 99.53
12:47:30 -3.26 50.47 99.53
12:47:31 -3.20 50.47 99.53
12:47:32 -3.35 50.47 99.53
12:47:33 -3.45 50.47 99.53
12:47:34 -4.14 50.47 99.53
12:47:35 -3.79 50.47 99.53
12:47:36 -3.84 50.47 99.53
12:47:37 -3.06 50.47 99.53
12:47:38 -1.64 50.47 99.53
12:47:39 6.00 50.47 99.53
12:47:40 25.05 50.47 99.53
12:47:41 56.77 50.47 99.53
12:47:42 93.73 50.47 99.53
12:47:43 124.12 50.47 99.53
12:47:44 137.78 50.47 99.53
12:47:45 131.54 50.47 99.53
12:47:46 113.11 50.47 99.53
12:47:47 88.46 50.47 99.53
12:47:48 61.69 50.47 99.53
12:47:49 39.78 50.47 99.53
12:47:50 24.99 50.47 99.53
12:47:51 15.03 50.47 99.53
12:47:52 8.54 50.47 99.53
12:47:53 5.19 50.47 99.53
12:47:54 2.60 50.47 99.55
12:47:55 1.04 50.47 99.53
12:47:56 -0.64 50.47 99.53
12:47:57 -1.23 50.47 99.53
12:47:58 -2.18 50.47 99.55
12:47:59 -2.09 50.47 99.53
12:48:00 -2.33 50.47 99.53
12:48:01 -3.31 50.47 99.53
12:48:02 -2.95 50.47 99.53
12:48:03 -3.62 50.47 99.53
12:48:04 -3.65 50.47 99.53
12:48:05 -3.79 50.47 99.53
12:48:06 -3.83 50.47 99.53
12:48:07 -4.40 50.47 99.53
12:48:08 -4.03 50.47 99.53
12:48:09 -3.90 50.47 99.53
12:48:10 -4.16 50.47 99.53
12:48:11 -4.01 50.47 99.53
12:48:12 -4.01 50.47 99.53
12:48:13 -1.81 50.47 99.53
12:48:14 7.50 50.47 99.53
12:48:15 29.97 50.47 99.53
12:48:16 69.10 50.47 99.53
12:48:17 116.84 50.47 99.53
12:48:18 156.82 50.47 99.53
12:48:19 176.19 50.47 99.53
12:48:20 171.44 50.47 99.53
12:48:21 161.38 50.47 99.53
12:48:22 133.51 50.47 99.53
12:48:23 102.92 50.47 99.53
12:48:24 71.99 50.47 99.53
12:48:25 47.16 50.47 99.53
12:48:26 29.70 50.47 99.53
12:48:27 19.20 50.47 99.53
12:48:28 12.04 50.47 99.53
12:48:29 7.19 50.47 99.53
12:48:30 3.95 50.47 99.53
12:48:31 2.53 50.47 99.53
12:48:32 0.74 50.47 99.53
12:48:33 -0.02 50.47 99.53
12:48:34 -0.78 50.47 99.53
12:48:35 -1.82 50.47 99.53
12:48:36 -2.23 50.47 99.53
12:48:37 -2.31 50.47 99.53
12:48:38 -2.52 50.47 99.53
12:48:39 -3.39 50.47 99.53
12:48:40 -3.34 50.47 99.53
12:48:41 -3.83 50.47 99.53
12:48:42 -3.40 50.47 99.53
12:48:43 -3.70 50.47 99.53
12:48:44 -3.76 50.47 99.53
12:48:45 -4.33 50.47 99.53
12:48:46 -3.99 50.47 99.53
12:48:47 -3.87 50.47 99.53
12:48:48 -4.14 50.47 99.53
12:48:49 -3.92 50.47 99.53
12:48:50 -0.05 50.47 99.53
12:48:51 14.05 50.47 99.53
12:48:52 51.67 50.47 99.53
12:48:53 116.24 50.47 99.53
12:48:54 196.58 50.47 99.53
12:48:55 265.06 50.47 99.53
12:48:56 298.38 50.47 99.53
12:48:57 292.25 50.47 99.53
12:48:58 255.06 50.47 99.53
12:48:59 203.63 50.47 99.53
12:49:00 154.77 50.47 99.53
12:49:01 105.33 50.47 99.53
12:49:02 70.35 50.47 99.53
12:49:03 46.49 50.47 99.53
12:49:04 31.16 50.47 99.53
12:49:05 25.89 50.47 99.53
12:49:06 17.43 50.47 99.53
12:49:07 12.05 50.47 99.53
12:49:08 8.62 50.47 99.53
12:49:09 6.44 50.47 99.53
12:49:10 3.93 50.47 99.53
12:49:11 2.66 50.47 99.53
12:49:12 0.97 50.47 99.53
12:49:13 0.52 50.47 99.53
12:49:14 -0.03 50.47 99.53
12:49:15 -1.17 50.47 99.53
12:49:16 -1.51 50.47 99.53
12:49:17 -2.08 50.47 99.53
12:49:18 -2.47 50.47 99.53
12:49:19 -2.36 50.47 99.53
12:49:20 -3.32 50.47 99.54
12:49:21 -2.96 50.47 99.53
12:49:22 -3.10 50.47 99.53
12:49:23 -3.44 50.47 99.53
12:49:24 -3.66 50.47 99.53
12:49:25 -3.68 50.47 99.53
12:49:26 -3.49 50.47 99.53
12:49:27 -3.72 50.47 99.53
12:49:28 -3.93 50.47 99.53
12:49:29 -3.93 50.47 99.53
12:49:30 -4.21 50.47 99.53
12:49:31 -3.81 50.47 99.53
12:49:32 -4.34 50.47 99.53
12:49:33 -4.36 50.47 99.54
12:49:34 -4.29 50.47 99.53
12:49:35 -4.05 50.47 99.53
12:49:36 -4.43 50.47 99.53
12:49:37 -4.58 50.47 99.53
12:49:38 -4.48 50.47 99.53
12:49:39 -4.21 50.47 99.53
12:49:40 -4.63 50.47 99.53
12:49:41 -4.32 50.47 99.53
12:49:42 -4.44 50.47 99.53
12:49:43 -4.59 50.47 99.53
12:49:44 -4.36 50.47 99.53
12:49:45 -4.44 50.47 99.53
12:49:46 -4.44 50.47 99.53
12:49:47 -4.43 50.47 99.53
12:49:48 -4.80 50.47 99.53
12:49:49 -4.72 50.47 99.53
12:49:50 -4.53 50.47 99.53
12:49:51 -4.56 50.47 99.53
12:49:52 -4.66 50.47 99.53
12:49:53 -3.25 50.47 99.53
12:49:54 1.19 50.47 99.53
12:49:55 13.20 50.47 99.53
12:49:56 34.44 50.47 99.53
12:49:57 62.26 50.47 99.53
12:49:58 86.37 50.47 99.53
12:49:59 99.99 50.47 99.53
12:50:00 98.69 50.47 99.53
12:50:01 86.58 50.47 99.53
12:50:02 69.26 50.47 99.53
12:50:03 50.55 50.47 99.54
12:50:04 32.81 50.47 99.54
12:50:05 20.41 50.47 99.54
12:50:06 12.46 50.47 99.53
12:50:07 7.02 50.47 99.53
12:50:08 3.57 50.47 99.53
12:50:09 1.64 50.47 99.53
12:50:10 0.92 50.47 99.53
12:50:11 -0.44 50.47 99.53
12:50:12 -1.49 50.47 99.53
12:50:13 -2.13 50.47 99.53
12:50:14 -2.45 50.47 99.53
12:50:15 -2.90 50.47 99.53
12:50:16 -3.20 50.47 99.53
12:50:17 -3.20 50.47 99.54
12:50:18 -3.84 50.47 99.54
12:50:19 -4.14 50.47 99.54
12:50:20 -4.10 50.47 99.53
12:50:21 -4.03 50.47 99.53
12:50:22 -4.07 50.47 99.53
12:50:23 -4.32 50.47 99.53
12:50:24 -4.17 50.47 99.53
12:50:25 -4.25 50.47 99.53
12:50:26 -4.05 50.47 99.53
12:50:27 -4.28 50.47 99.53
12:50:28 -3.47 50.47 99.53
12:50:29 0.10 50.47 99.53
12:50:30 8.32 50.47 99.53
12:50:31 24.28 50.47 99.53
12:50:32 33.75 50.47 99.53
12:50:33 52.82 50.47 99.53
12:50:34 66.21 50.47 99.53
12:50:35 69.25 50.47 99.53
12:50:36 63.67 50.47 99.53
12:50:37 52.62 50.47 99.53
12:50:38 39.49 50.47 99.53
12:50:39 27.82 50.47 99.53
12:50:40 17.37 50.47 99.53
12:50:41 10.10 50.47 99.53
12:50:42 4.92 50.47 99.53
12:50:43 2.48 50.47 99.53
12:50:44 0.55 50.47 99.53
12:50:45 -0.60 50.47 99.53
12:50:46 -1.56 50.47 99.53
12:50:47 -2.48 50.47 99.54
12:50:48 -2.74 50.47 99.54
12:50:49 -2.70 50.47 99.54
12:50:50 -3.66 50.47 99.54
12:50:51 -3.53 50.47 99.53
12:50:52 -3.59 50.47 99.53
12:50:53 -3.98 50.47 99.53
12:50:54 -4.22 50.47 99.53
12:50:55 -3.89 50.47 99.53
12:50:56 -3.76 50.47 99.53
12:50:57 -4.53 50.47 99.53
12:50:58 -4.32 50.47 99.53
12:50:59 -4.33 50.47 99.53
12:51:00 -4.52 50.47 99.53
12:51:01 -4.37 50.47 99.53
12:51:02 -4.63 50.47 99.53
12:51:03 -3.69 50.47 99.53
12:51:04 -1.47 50.47 99.53
12:51:05 7.13 50.47 99.53
12:51:06 25.61 50.47 99.53
12:51:07 55.40 50.47 99.53
12:51:08 87.99 50.47 99.53
12:51:09 112.65 50.47 99.53
12:51:10 121.56 50.47 99.53
12:51:11 114.10 50.47 99.53
12:51:12 96.07 50.47 99.53
12:51:13 74.37 50.47 99.53
12:51:14 51.51 50.47 99.53
12:51:15 41.04 50.47 99.53
12:51:16 25.46 50.47 99.53
12:51:17 14.91 50.47 99.53
12:51:18 8.06 50.47 99.53
12:51:19 4.05 50.47 99.53
12:51:20 1.29 50.47 99.53
12:51:21 -0.27 50.47 99.54
12:51:22 -1.71 50.47 99.54
12:51:23 -2.58 50.47 99.53
12:51:24 -3.22 50.47 99.53
12:51:25 -3.28 50.47 99.53
12:51:26 -3.63 50.47 99.53
12:51:27 -3.76 50.47 99.53
12:51:28 -4.08 50.47 99.54
12:51:29 -4.26 50.47 99.57
12:51:30 -4.11 50.47 99.53
12:51:31 -4.86 50.47 99.53
12:51:32 -4.55 50.47 99.53
12:51:33 -4.31 50.47 99.53
12:51:34 -4.89 50.47 99.53
12:51:35 -4.64 50.47 99.53
12:51:36 -4.45 50.47 99.53
12:51:37 -4.54 50.47 99.53
12:51:38 -3.51 50.47 99.53
12:51:39 0.70 50.47 99.53
12:51:40 13.53 50.47 99.53
12:51:41 37.67 50.47 99.53
12:51:42 70.89 50.47 99.53
12:51:43 102.90 50.47 99.53
12:51:44 122.05 50.47 99.53
12:51:45 123.03 50.47 99.53
12:51:46 110.24 50.47 99.53
12:51:47 89.23 50.47 99.53
12:51:48 66.66 50.47 99.53
12:51:49 44.45 50.47 99.53
12:51:50 27.63 50.47 99.53
12:51:51 16.75 50.47 99.53
12:51:52 9.54 50.47 99.53
12:51:53 5.54 50.47 99.53
12:51:54 2.44 50.47 99.53
12:51:55 0.55 50.47 99.53
12:51:56 -0.41 50.47 99.53
12:51:57 -1.29 50.47 99.53
12:51:58 -1.86 50.47 99.53
12:51:59 -2.27 50.47 99.53
12:52:00 -2.86 50.47 99.53
12:52:01 -3.24 50.47 99.53
12:52:02 -3.27 50.47 99.53
12:52:03 -3.33 50.47 99.53
12:52:04 -3.65 50.47 99.53
12:52:05 -4.11 50.47 99.54
12:52:06 -4.28 50.47 99.53
12:52:07 -4.39 50.47 99.53
12:52:08 -4.06 50.47 99.53
12:52:09 -3.98 50.47 99.53
12:52:10 -4.40 50.47 99.53
12:52:11 -4.49 50.47 99.53
12:52:12 -4.24 50.47 99.53
12:52:13 -4.28 50.47 99.53
12:52:14 -4.18 50.47 99.53
12:52:15 -1.49 50.47 99.53
12:52:16 7.09 50.47 99.53
12:52:17 27.22 50.47 99.53
12:52:18 59.74 50.47 99.53
12:52:19 97.73 50.47 99.53
12:52:20 114.22 50.47 99.53
12:52:21 135.07 50.47 99.53
12:52:22 136.80 50.47 99.53
12:52:23 122.71 50.47 99.53
12:52:24 99.44 50.47 99.53
12:52:25 75.38 50.47 99.53
12:52:26 50.23 50.47 99.53
12:52:27 31.93 50.47 99.53
12:52:28 19.78 50.47 99.53
12:52:29 12.11 50.47 99.53
12:52:30 6.83 50.47 99.53
12:52:31 3.87 50.47 99.53
12:52:32 2.02 50.47 99.53
12:52:33 0.04 50.47 99.53
12:52:34 -0.91 50.47 99.53
12:52:35 -1.24 50.47 99.53
12:52:36 -2.06 50.47 99.53
12:52:37 -3.03 50.47 99.53
12:52:38 -3.03 50.47 99.53
12:52:39 -3.23 50.47 99.53
12:52:40 -3.58 50.47 99.53
12:52:41 -3.42 50.47 99.53
12:52:42 -3.90 50.47 99.53
12:52:43 -3.86 50.47 99.53
12:52:44 -4.21 50.47 99.53
12:52:45 -3.87 50.47 99.54
12:52:46 -4.29 50.47 99.53
12:52:47 -4.29 50.47 99.53
12:52:48 -3.97 50.47 99.53
12:52:49 -4.22 50.47 99.53
12:52:50 -4.54 50.47 99.53
12:52:51 -4.76 50.47 99.53
12:52:52 -4.52 50.47 99.53
12:52:53 -4.95 50.47 99.53
12:52:54 -4.45 50.47 99.53
12:52:55 -4.11 50.47 99.53
12:52:56 -4.54 50.47 99.53
12:52:57 -4.44 50.47 99.53
12:52:58 -4.48 50.47 99.53
12:52:59 -4.65 50.47 99.53
12:53:00 -4.75 50.47 99.54
12:53:01 -4.26 50.47 99.53
12:53:02 -4.48 50.47 99.53
12:53:03 -4.55 50.47 99.53
12:53:04 -4.74 50.47 99.53
12:53:05 -4.53 50.47 99.53
12:53:06 -4.86 50.47 99.54
12:53:07 -4.88 50.47 99.54
12:53:08 -4.66 50.47 99.54
12:53:09 -4.65 50.47 99.54
12:53:10 -4.54 50.47 99.53
12:53:11 -4.84 50.47 99.53
12:53:12 -4.65 50.47 99.53
12:53:13 -4.73 50.47 99.53
12:53:14 -4.53 50.47 99.53
12:53:15 -4.58 50.47 99.53
12:53:16 -3.22 50.47 99.53
12:53:17 2.15 50.47 99.53
12:53:18 14.80 50.47 99.53
12:53:19 36.41 50.47 99.53
12:53:20 61.79 50.47 99.53
12:53:21 83.63 50.47 99.53
12:53:22 92.97 50.47 99.53
12:53:23 89.85 50.47 99.53
12:53:24 77.25 50.47 99.53
12:53:25 69.68 50.47 99.53
12:53:26 51.65 50.47 99.53
12:53:27 34.87 50.47 99.53
12:53:28 21.73 50.47 99.53
12:53:29 12.99 50.47 99.53
12:53:30 7.58 50.47 99.55
12:53:31 4.22 50.47 99.53
12:53:32 1.57 50.47 99.53
12:53:33 0.53 50.47 99.53
12:53:34 -0.76 50.47 99.53
12:53:35 -1.46 50.47 99.53
12:53:36 -2.21 50.47 99.54
12:53:37 -2.70 50.47 99.53
12:53:38 -2.98 50.47 99.53
12:53:39 -3.18 50.47 99.53
12:53:40 -3.36 50.47 99.53
12:53:41 -3.81 50.47 99.53
12:53:42 -3.71 50.47 99.53
12:53:43 -3.61 50.47 99.53
12:53:44 -4.48 50.47 99.54
12:53:45 -4.36 50.47 99.54
12:53:46 -4.36 50.47 99.53
12:53:47 -4.24 50.47 99.53
12:53:48 -4.20 50.47 99.53
12:53:49 -4.23 50.47 99.53
12:53:50 -3.80 50.47 99.53
12:53:51 -4.61 50.47 99.53
12:53:52 -4.27 50.47 99.53
12:53:53 -4.53 50.47 99.53
12:53:54 -4.61 50.47 99.53
12:53:55 -4.03 50.47 99.53
12:53:56 -3.53 50.47 99.55
12:53:57 -0.64 50.47 99.53
12:53:58 3.46 50.47 99.53
12:53:59 8.96 50.47 99.53
12:54:00 13.77 50.47 99.53
12:54:01 15.69 50.47 99.53
12:54:02 15.11 50.47 99.53
12:54:03 12.42 50.47 99.53
12:54:04 9.23 50.47 99.53
12:54:05 5.89 50.47 99.53
12:54:06 2.26 50.47 99.53
12:54:07 -0.05 50.47 99.53
12:54:08 -1.88 50.47 99.53
12:54:09 -2.09 50.47 99.53
12:54:10 -2.70 50.47 99.53
12:54:11 -3.24 50.47 99.53
12:54:12 -3.58 50.47 99.53
12:54:13 -3.83 50.47 99.53
12:54:14 -3.84 50.47 99.53
12:54:15 -4.02 50.47 99.53
12:54:16 -4.43 50.47 99.53
12:54:17 -4.57 50.47 99.53
12:54:18 -4.08 50.47 99.53
12:54:19 -4.90 50.47 99.53
12:54:20 -4.75 50.47 99.53
12:54:21 -4.60 50.47 99.53
12:54:22 -4.34 50.47 99.53
12:54:23 -4.69 50.47 99.53
12:54:24 -4.49 50.47 99.53
12:54:25 -4.45 50.47 99.53
12:54:26 -4.46 50.47 99.53
12:54:27 -4.75 50.47 99.53
12:54:28 -3.99 50.47 99.53
12:54:29 -1.91 50.47 99.53
12:54:30 6.99 50.47 99.53
12:54:31 16.79 50.47 99.53
12:54:32 49.06 50.47 99.53
12:54:33 95.27 50.47 99.53
12:54:34 141.63 50.47 99.53
12:54:35 173.01 50.47 99.53
12:54:36 179.04 50.47 99.53
12:54:37 163.63 50.47 99.53
12:54:38 134.74 50.47 99.53
12:54:39 102.90 50.47 99.53
12:54:41 74.05 50.47 99.53
12:54:42 51.44 50.47 99.53
12:54:43 34.07 50.47 99.53
12:54:44 23.18 50.47 99.53
12:54:45 14.11 50.47 99.53
12:54:46 8.17 50.47 99.53
12:54:47 4.55 50.47 99.53
12:54:48 2.13 50.47 99.53
12:54:49 0.62 50.47 99.53
12:54:50 -0.68 50.47 99.53
12:54:51 -1.86 50.47 99.53
12:54:52 -1.99 50.47 99.53
12:54:53 -2.70 50.47 99.53
12:54:54 -3.12 50.47 99.53
12:54:55 -3.10 50.47 99.53
12:54:56 -3.75 50.47 99.53
12:54:57 -4.14 50.47 99.55
12:54:58 -4.06 50.47 99.53
12:54:59 -4.06 50.47 99.53
12:55:00 -3.97 50.47 99.53
12:55:01 -4.48 50.47 99.53
12:55:02 -4.03 50.47 99.53
12:55:03 -4.29 50.47 99.53
12:55:04 -4.37 50.47 99.53
12:55:05 -4.43 50.47 99.53
12:55:06 -4.27 50.47 99.53
12:55:07 -4.61 50.47 99.53
12:55:08 -4.82 50.47 99.53
12:55:09 -4.28 50.47 99.54
12:55:10 -5.17 50.47 99.53
12:55:11 -4.55 50.47 99.53
12:55:12 -4.41 50.47 99.53
12:55:13 -4.51 50.47 99.53
12:55:14 -4.95 50.47 99.53
12:55:15 -4.39 50.47 99.53
12:55:16 -4.76 50.47 99.53
12:55:17 -4.78 50.47 99.53
12:55:18 -4.45 50.47 99.53
12:55:19 -4.68 50.47 99.53
12:55:20 -3.98 50.47 99.53
12:55:21 -3.19 50.47 99.53
12:55:22 0.64 50.47 99.53
12:55:23 5.95 50.47 99.53
12:55:24 14.98 50.47 99.53
12:55:25 22.21 50.47 99.53
12:55:26 25.80 50.47 99.53
12:55:27 26.41 50.47 99.53
12:55:28 22.16 50.47 99.53
12:55:29 17.31 50.47 99.53
12:55:30 11.10 50.47 99.53
12:55:31 6.11 50.47 99.53
12:55:32 2.44 50.47 99.53
12:55:33 0.01 50.47 99.53
12:55:34 -2.32 50.47 99.53
12:55:35 -2.08 50.47 99.53
12:55:36 -3.03 50.47 99.53
12:55:37 -3.64 50.47 99.53
12:55:38 -4.31 50.47 99.53
12:55:39 -3.85 50.47 99.53
12:55:40 -4.33 50.47 99.53
12:55:41 -4.45 50.47 99.53
12:55:42 -4.41 50.47 99.53
12:55:43 -4.65 50.47 99.53
12:55:44 -4.64 50.47 99.53
12:55:45 -4.41 50.47 99.53
12:55:46 -4.82 50.47 99.55
12:55:47 -4.80 50.47 99.53
12:55:48 -4.66 50.47 99.53
12:55:49 -4.57 50.47 99.53
12:55:50 -4.57 50.47 99.53
12:55:51 -4.84 50.47 99.53
12:55:52 -4.87 50.47 99.53
12:55:53 -3.73 50.47 99.53
12:55:54 0.43 50.47 99.53
12:55:55 12.61 50.47 99.53
12:55:56 36.06 50.47 99.53
12:55:57 67.29 50.47 99.53
12:55:58 96.65 50.47 99.53
12:55:59 114.14 50.47 99.53
12:56:00 115.55 50.47 99.53
12:56:01 103.33 50.47 99.53
12:56:02 83.85 50.47 99.53
12:56:03 63.59 50.47 99.53
12:56:04 44.95 50.47 99.53
12:56:05 35.90 50.47 99.53
12:56:06 22.92 50.47 99.53
12:56:07 14.12 50.47 99.53
12:56:08 9.28 50.47 99.53
12:56:09 5.48 50.47 99.53
12:56:10 2.89 50.47 99.53
12:56:11 1.10 50.47 99.53
12:56:12 0.29 50.47 99.53
12:56:13 -0.83 50.47 99.53
12:56:14 -1.55 50.47 99.53
12:56:15 -1.96 50.47 99.53
12:56:16 -2.44 50.47 99.53
12:56:17 -2.56 50.47 99.53
12:56:18 -3.02 50.47 99.53
12:56:19 -3.42 50.47 99.53
12:56:20 -3.29 50.47 99.53
12:56:21 -3.44 50.47 99.53
12:56:22 -3.92 50.47 99.53
12:56:23 -4.07 50.47 99.53
12:56:24 -3.92 50.47 99.53
12:56:25 -3.84 50.47 99.53
12:56:26 -4.10 50.47 99.53
12:56:27 -4.36 50.47 99.53
12:56:28 -4.09 50.47 99.53
12:56:29 -4.37 50.47 99.53
12:56:30 -4.50 50.47 99.53
12:56:31 -4.53 50.47 99.53
12:56:32 -4.54 50.47 99.53
12:56:33 -4.30 50.47 99.53
12:56:34 -4.41 50.47 99.53
12:56:35 -4.59 50.47 99.53
12:56:36 -4.53 50.47 99.53
12:56:37 -4.96 50.47 99.53
12:56:38 -4.64 50.47 99.53
12:56:39 -4.43 50.47 99.53
12:56:40 -4.72 50.47 99.53
12:56:41 -4.63 50.47 99.53
12:56:42 -4.45 50.47 99.53
12:56:43 -4.99 50.47 99.53
12:56:44 -4.77 50.47 99.53
12:56:45 -4.63 50.47 99.53
12:56:46 -4.76 50.47 99.53
12:56:47 -4.45 50.47 99.53
12:56:48 -4.17 50.47 99.53
12:56:49 -4.80 50.47 99.53
12:56:50 -4.29 50.47 99.53
12:56:51 -5.15 50.47 99.53
12:56:52 -4.53 50.47 99.53
12:56:53 -4.97 50.47 99.53
12:56:54 -4.53 50.47 99.53
12:56:55 -4.57 50.47 99.53
12:56:56 -4.79 50.47 99.53
12:56:57 -4.75 50.47 99.53
12:56:58 -4.67 50.47 99.53
12:56:59 -4.73 50.47 99.53
12:57:00 -4.75 50.47 99.53
12:57:01 -4.03 50.47 99.53
12:57:02 -1.49 50.47 99.53
12:57:03 7.15 50.47 99.53
12:57:04 24.43 50.47 99.53
12:57:05 49.38 50.47 99.53
12:57:06 75.53 50.47 99.53
12:57:07 92.26 50.47 99.55
12:57:08 96.36 50.47 99.53
12:57:09 87.53 50.47 99.53
12:57:10 80.22 50.47 99.53
12:57:11 63.53 50.47 99.53
12:57:12 44.50 50.47 99.53
12:57:13 28.80 50.47 99.53
12:57:14 17.41 50.47 99.53
12:57:15 10.12 50.47 99.53
12:57:16 5.49 50.47 99.53
12:57:17 2.50 50.47 99.53
12:57:18 1.05 50.47 99.53
12:57:19 -0.45 50.47 99.53
12:57:20 -1.52 50.47 99.53
12:57:21 -2.02 50.47 99.53
12:57:22 -2.75 50.47 99.53
12:57:23 -2.99 50.47 99.53
12:57:24 -2.98 50.47 99.53
12:57:25 -3.35 50.47 99.53
12:57:26 -3.97 50.47 99.54
12:57:27 -4.22 50.47 99.54
12:57:28 -4.03 50.47 99.53
12:57:29 -4.12 50.47 99.53
12:57:30 -4.29 50.47 99.53
12:57:31 -4.26 50.47 99.53
12:57:32 -4.33 50.47 99.53
12:57:33 -4.27 50.47 99.53
12:57:34 -4.34 50.47 99.53
12:57:35 -4.63 50.47 99.53
12:57:36 -4.57 50.47 99.53
12:57:37 -3.44 50.47 99.53
12:57:38 0.74 50.47 99.53
12:57:39 12.10 50.47 99.53
12:57:40 32.45 50.47 99.53
12:57:41 59.70 50.47 99.53
12:57:42 83.75 50.47 99.55
12:57:43 97.44 50.47 99.53
12:57:44 97.64 50.47 99.53
12:57:45 86.29 50.47 99.53
12:57:46 69.10 50.47 99.53
12:57:47 51.02 50.47 99.53
12:57:48 33.76 50.47 99.53
12:57:49 20.56 50.47 99.53
12:57:50 12.10 50.47 99.53
12:57:51 5.88 50.47 99.53
12:57:52 2.94 50.47 99.53
12:57:53 1.84 50.47 99.53
12:57:54 -0.16 50.47 99.53
12:57:55 -1.09 50.47 99.53
12:57:56 -1.94 50.47 99.53
12:57:57 -2.52 50.47 99.53
12:57:58 -3.15 50.47 99.53
12:57:59 -3.49 50.47 99.53
12:58:00 -3.85 50.47 99.53
12:58:01 -3.95 50.47 99.53
12:58:02 -4.32 50.47 99.53
12:58:03 -4.09 50.47 99.53
12:58:04 -4.32 50.47 99.53
12:58:05 -4.19 50.47 99.53
12:58:06 -4.37 50.47 99.53
12:58:07 -4.53 50.47 99.53
12:58:08 -4.55 50.47 99.53
12:58:09 -4.72 50.47 99.53
12:58:10 -4.06 50.47 99.53
12:58:11 -0.89 50.47 99.53
12:58:12 9.02 50.47 99.53
12:58:13 33.54 50.47 99.53
12:58:14 71.92 50.47 99.53
12:58:15 94.42 50.47 99.53
12:58:16 135.03 50.47 99.53
12:58:17 159.52 50.47 99.53
12:58:18 161.11 50.47 99.53
12:58:19 143.98 50.47 99.53
12:58:20 116.56 50.47 99.53
12:58:21 88.31 50.47 99.53
12:58:22 59.73 50.47 99.53
12:58:23 38.65 50.47 99.53
12:58:24 24.21 50.47 99.53
12:58:25 15.47 50.47 99.53
12:58:26 9.72 50.47 99.53
12:58:27 6.16 50.47 99.53
12:58:28 3.51 50.47 99.53
12:58:29 1.64 50.47 99.53
12:58:30 0.49 50.47 99.53
12:58:31 -0.20 50.47 99.53
12:58:32 -1.05 50.47 99.53
12:58:33 -1.89 50.47 99.53
12:58:34 -2.19 50.47 99.53
12:58:35 -2.22 50.47 99.53
12:58:36 -3.20 50.47 99.53
12:58:37 -3.59 50.47 99.53
12:58:38 -3.49 50.47 99.53
12:58:39 -3.52 50.47 99.53
12:58:40 -3.59 50.47 99.53
12:58:41 -3.83 50.47 99.53
12:58:42 -3.82 50.47 99.53
12:58:43 -3.88 50.47 99.53
12:58:44 -4.28 50.47 99.53
12:58:45 -4.23 50.47 99.53
12:58:46 -2.83 50.47 99.53
12:58:47 0.90 50.47 99.55
12:58:48 13.08 50.47 99.53
12:58:49 37.11 50.47 99.53
12:58:50 69.94 50.47 99.53
12:58:51 100.79 50.47 99.53
12:58:52 119.55 50.47 99.53
12:58:53 121.63 50.47 99.55
12:58:54 108.72 50.47 99.53
12:58:55 87.81 50.47 99.55
12:58:56 66.46 50.47 99.53
12:58:57 44.30 50.47 99.53
12:58:58 35.16 50.47 99.53
12:58:59 21.38 50.47 99.53
12:59:00 13.12 50.47 99.53
12:59:01 7.48 50.47 99.53
12:59:02 3.96 50.47 99.53
12:59:03 1.87 50.47 99.53
12:59:04 -0.01 50.47 99.53
12:59:05 -1.01 50.47 99.57
12:59:06 -1.38 50.47 99.53
12:59:07 -2.04 50.47 99.53
12:59:08 -2.58 50.47 99.53
12:59:09 -3.19 50.47 99.53
12:59:10 -3.70 50.47 99.53
12:59:11 -4.01 50.47 99.53
12:59:12 -3.59 50.47 99.53
12:59:13 -3.90 50.47 99.53
12:59:14 -3.92 50.47 99.53
12:59:15 -4.20 50.47 99.53
12:59:16 -4.15 50.47 99.53
12:59:17 -4.44 50.47 99.53
12:59:18 -4.50 50.47 99.54
12:59:19 -3.56 50.47 99.53
12:59:20 -2.88 50.47 99.53
12:59:21 1.60 50.47 99.53
12:59:22 15.74 50.47 99.53
12:59:23 40.00 50.47 99.53
12:59:24 72.15 50.47 99.53
12:59:25 101.06 50.47 99.53
12:59:26 116.17 50.47 99.53
12:59:27 115.18 50.47 99.53
12:59:28 100.74 50.47 99.53
12:59:29 80.13 50.47 99.53
12:59:30 58.54 50.47 99.53
12:59:31 38.26 50.47 99.53
12:59:32 24.03 50.47 99.53
12:59:33 14.55 50.47 99.53
12:59:34 8.77 50.47 99.53
12:59:35 4.60 50.47 99.53
12:59:36 2.36 50.47 99.53
12:59:37 0.88 50.47 99.53
12:59:38 -0.34 50.47 99.53
12:59:39 -1.30 50.47 99.53
12:59:40 -1.59 50.47 99.53
12:59:41 -2.28 50.47 99.53
12:59:42 -2.64 50.47 99.53
12:59:43 -2.91 50.47 99.53
12:59:44 -3.22 50.47 99.53
12:59:45 -3.21 50.47 99.53
12:59:46 -3.84 50.47 99.54
12:59:47 -3.49 50.47 99.53
12:59:48 -3.76 50.47 99.53
12:59:49 -3.71 50.47 99.53
12:59:50 -4.04 50.47 99.53
12:59:51 -4.02 50.47 99.53
12:59:52 -4.51 50.47 99.53
12:59:53 -4.14 50.47 99.53
12:59:54 -4.14 50.47 99.53
12:59:55 -4.50 50.47 99.53
12:59:56 -4.35 50.47 99.53
12:59:57 -4.73 50.47 99.53
12:59:58 -4.49 50.47 99.53
12:59:59 -4.87 50.47 99.53
13:00:00 -4.58 50.47 99.53
13:00:01 -4.44 50.47 99.53
13:00:02 -4.80 50.47 99.53
13:00:03 -4.30 50.47 99.53
13:00:04 -4.53 50.47 99.53
13:00:05 -4.34 50.47 99.53
13:00:06 -4.77 50.47 99.53
13:00:07 -4.58 50.47 99.53
13:00:08 -4.71 50.47 99.53
13:00:09 -4.51 50.47 99.53
13:00:10 -4.41 50.47 99.53
13:00:11 -4.47 50.47 99.53
13:00:12 -4.79 50.47 99.53
13:00:13 -4.58 50.47 99.53
13:00:14 -4.52 50.47 99.53
13:00:15 -4.68 50.47 99.53
13:00:16 -4.74 50.47 99.53
13:00:17 -4.54 50.47 99.53
13:00:18 -4.67 50.47 99.53
13:00:19 -4.66 50.47 99.53
13:00:20 -4.85 50.47 99.53
13:00:21 -4.70 50.47 99.53
13:00:22 -3.24 50.47 99.53
13:00:23 2.05 50.47 99.53
13:00:24 13.18 50.47 99.53
13:00:25 22.08 50.47 99.53
13:00:26 42.00 50.47 99.53
13:00:27 60.70 50.47 99.53
13:00:28 70.92 50.47 99.53
13:00:29 71.38 50.47 99.53
13:00:30 62.52 50.47 99.53
13:00:31 49.65 50.47 99.53
13:00:32 35.66 50.47 99.53
13:00:33 22.49 50.47 99.53
13:00:34 13.52 50.47 99.53
13:00:35 6.85 50.47 99.53
13:00:36 3.30 50.47 99.53
13:00:37 0.82 50.47 99.53
13:00:38 -0.47 50.47 99.53
13:00:39 -1.57 50.47 99.53
13:00:40 -2.54 50.47 99.53
13:00:41 -2.61 50.47 99.53
13:00:42 -3.35 50.47 99.53
13:00:43 -3.32 50.47 99.53
13:00:44 -3.65 50.47 99.53
13:00:45 -3.83 50.47 99.53
13:00:46 -3.65 50.47 99.53
13:00:47 -3.60 50.47 99.53
13:00:48 -4.34 50.47 99.53
13:00:49 -4.17 50.47 99.53
13:00:50 -4.43 50.47 99.53
13:00:51 -4.41 50.47 99.53
13:00:52 -4.34 50.47 99.53
13:00:53 -4.65 50.47 99.53
13:00:54 -4.72 50.47 99.53
13:00:55 -4.59 50.47 99.53
13:00:56 -4.76 50.47 99.53
13:00:57 -4.60 50.47 99.53
13:00:58 -4.75 50.47 99.53
13:00:59 -4.54 50.47 99.53
13:01:00 -4.82 50.47 99.53
13:01:01 -4.72 50.47 99.53
13:01:02 -4.44 50.47 99.53
13:01:03 -1.84 50.47 99.53
13:01:04 6.81 50.47 99.55
13:01:05 25.83 50.47 99.53
13:01:06 57.05 50.47 99.53
13:01:07 91.56 50.47 99.53
13:01:08 117.77 50.47 99.53
13:01:09 124.97 50.47 99.53
13:01:10 125.85 50.47 99.53
13:01:11 111.81 50.47 99.53
13:01:12 90.40 50.47 99.53
13:01:13 67.94 50.47 99.53
13:01:14 45.90 50.47 99.53
13:01:15 28.80 50.47 99.53
13:01:16 18.46 50.47 99.53
13:01:17 10.96 50.47 99.53
13:01:18 6.82 50.47 99.53
13:01:19 3.68 50.47 99.55
13:01:20 1.90 50.47 99.53
13:01:21 0.68 50.47 99.53
13:01:22 -0.72 50.47 99.53
13:01:23 -1.05 50.47 99.53
13:01:24 -2.05 50.47 99.53
13:01:25 -2.42 50.47 99.53
13:01:26 -2.65 50.47 99.54
13:01:27 -3.03 50.47 99.54
13:01:28 -3.58 50.47 99.54
13:01:29 -3.73 50.47 99.53
13:01:30 -3.60 50.47 99.53
13:01:31 -3.72 50.47 99.53
13:01:32 -3.85 50.47 99.53
13:01:33 -3.96 50.47 99.53
13:01:34 -4.14 50.47 99.53
13:01:35 -3.72 50.47 99.53
13:01:36 -4.66 50.47 99.54
13:01:37 -3.92 50.47 99.54
13:01:38 -3.44 50.47 99.54
13:01:39 0.86 50.47 99.53
13:01:40 13.26 50.47 99.53
13:01:41 37.40 50.47 99.53
13:01:42 71.08 50.47 99.55
13:01:43 103.98 50.47 99.53
13:01:44 123.91 50.47 99.53
13:01:45 127.41 50.47 99.53
13:01:46 114.88 50.47 99.53
13:01:47 94.22 50.47 99.53
13:01:48 71.68 50.47 99.53
13:01:49 48.74 50.47 99.53
13:01:50 31.91 50.47 99.53
13:01:51 20.58 50.47 99.54
13:01:52 16.34 50.47 99.53
13:01:53 10.73 50.47 99.53
13:01:54 6.47 50.47 99.53
13:01:55 4.23 50.47 99.53
13:01:56 2.06 50.47 99.53
13:01:57 1.07 50.47 99.53
13:01:58 -0.49 50.47 99.53
13:01:59 -1.11 50.47 99.53
13:02:00 -1.28 50.47 99.53
13:02:01 -1.88 50.47 99.53
13:02:02 -2.31 50.47 99.53
13:02:03 -2.76 50.47 99.53
13:02:04 -3.15 50.47 99.53
13:02:05 -3.24 50.47 99.53
13:02:06 -3.19 50.47 99.53
13:02:07 -4.15 50.47 99.53
13:02:08 -3.68 50.47 99.53
13:02:09 -3.75 50.47 99.53
13:02:10 -4.07 50.47 99.53
13:02:11 -4.40 50.47 99.53
13:02:12 -4.28 50.47 99.54
13:02:13 -4.25 50.47 99.53
13:02:14 -4.21 50.47 99.53
13:02:15 -4.43 50.47 99.54
13:02:16 -4.22 50.47 99.53
13:02:17 -3.91 50.47 99.53
13:02:18 -4.18 50.47 99.53
13:02:19 -4.97 50.47 99.53
13:02:20 -4.84 50.47 99.54
13:02:21 -4.14 50.47 99.53
13:02:22 -4.68 50.47 99.53
13:02:23 -4.47 50.47 99.53
13:02:24 -4.26 50.47 99.53
13:02:25 -4.67 50.47 99.53
13:02:26 -4.50 50.47 99.53
13:02:27 -4.51 50.47 99.53
13:02:28 -3.88 50.47 99.53
13:02:29 0.53 50.47 99.53
13:02:30 12.14 50.47 99.53
13:02:31 34.80 50.47 99.53
13:02:32 66.12 50.47 99.53
13:02:33 96.36 50.47 99.53
13:02:34 114.88 50.47 99.53
13:02:35 116.91 50.47 99.53
13:02:36 112.39 50.47 99.53
13:02:37 96.95 50.47 99.53
13:02:38 75.81 50.47 99.53
13:02:39 56.16 50.47 99.53
13:02:40 37.70 50.47 99.53
13:02:41 24.09 50.47 99.53
13:02:42 15.38 50.47 99.53
13:02:43 10.16 50.47 99.53
13:02:44 6.34 50.47 99.53
13:02:45 3.87 50.47 99.53
13:02:46 2.65 50.47 99.53
13:02:47 0.86 50.47 99.53
13:02:48 -0.14 50.47 99.53
13:02:49 -0.70 50.47 99.53
13:02:50 -1.44 50.47 99.53
13:02:51 -1.99 50.47 99.53
13:02:52 -2.82 50.47 99.53
13:02:53 -2.37 50.47 99.53
13:02:54 -3.06 50.47 99.54
13:02:55 -3.53 50.47 99.54
13:02:56 -3.49 50.47 99.54
13:02:57 -3.22 50.47 99.53
13:02:58 -3.81 50.47 99.53
13:02:59 -4.07 50.47 99.53
13:03:00 -4.24 50.47 99.53
13:03:01 -3.84 50.47 99.53
13:03:02 -4.10 50.47 99.53
13:03:03 -4.00 50.47 99.53
13:03:04 -4.06 50.47 99.53
13:03:05 -2.64 50.47 99.53
13:03:06 0.77 50.47 99.53
13:03:07 13.02 50.47 99.53
13:03:08 36.67 50.47 99.53
13:03:09 67.40 50.47 99.53
13:03:10 97.01 50.47 99.53
13:03:11 114.56 50.47 99.55
13:03:12 115.30 50.47 99.53
13:03:13 103.67 50.47 99.53
13:03:14 84.00 50.47 99.53
13:03:15 63.97 50.47 99.53
13:03:16 45.92 50.47 99.53
13:03:17 29.63 50.47 99.53
13:03:18 18.78 50.47 99.53
13:03:19 14.94 50.47 99.54
13:03:20 10.04 50.47 99.53
13:03:21 5.91 50.47 99.53
13:03:22 3.39 50.47 99.53
13:03:23 2.02 50.47 99.53
13:03:24 0.66 50.47 99.53
13:03:25 -0.13 50.47 99.54
13:03:26 -1.19 50.47 99.53
13:03:27 -1.50 50.47 99.53
13:03:28 -2.16 50.47 99.53
13:03:29 -2.48 50.47 99.53
13:03:30 -2.86 50.47 99.53
13:03:31 -3.08 50.47 99.53
13:03:32 -3.19 50.47 99.53
13:03:33 -3.51 50.47 99.53
13:03:34 -3.60 50.47 99.53
13:03:35 -3.83 50.47 99.53
13:03:36 -3.90 50.47 99.53
13:03:37 -4.01 50.47 99.53
13:03:38 -3.96 50.47 99.53
13:03:39 -4.28 50.47 99.53
13:03:40 -4.02 50.47 99.53
13:03:41 -4.08 50.47 99.53
13:03:42 -4.77 50.47 99.53
13:03:43 -4.51 50.47 99.53
13:03:44 -4.60 50.47 99.53
13:03:45 -4.19 50.47 99.53
13:03:46 -4.48 50.47 99.53
13:03:47 -4.36 50.47 99.53
13:03:48 -4.81 50.47 99.53
13:03:49 -4.71 50.47 99.53
13:03:50 -4.64 50.47 99.53
