"2016-05-03 at 12:10"
Time(H:M:S) CO2(ppm) CellTemp(c) CellPres(kPa)
12:10:27 -4.31 50.47 98.70
12:10:28 -4.36 50.47 98.70
12:10:29 -4.42 50.47 98.70
12:10:30 -4.82 50.47 98.70
12:10:31 -4.32 50.47 98.70
12:10:32 -4.80 50.47 98.70
12:10:33 -4.64 50.47 98.70
12:10:34 -4.34 50.47 98.70
12:10:35 -4.56 50.47 98.70
12:10:36 -4.34 50.47 98.70
12:10:37 -4.30 50.47 98.70
12:10:38 -4.84 50.47 98.70
12:10:39 -4.10 50.47 98.70
12:10:40 -4.84 50.47 98.70
12:10:41 -4.31 50.47 98.70
12:10:42 -4.12 50.47 98.70
12:10:43 -4.08 50.47 98.70
12:10:44 -4.49 50.47 98.70
12:10:45 -4.67 50.47 98.70
12:10:46 -4.70 50.47 98.70
12:10:47 -4.50 50.47 98.70
12:10:48 -4.38 50.47 98.70
12:10:49 -4.69 50.47 98.70
12:10:50 -4.53 50.47 98.70
12:10:51 -4.35 50.47 98.70
12:10:52 -4.46 50.47 98.70
12:10:53 -4.69 50.47 98.70
12:10:54 -4.53 50.47 98.70
12:10:55 -4.56 50.47 98.70
12:10:56 -4.37 50.47 98.70
12:10:57 -4.35 50.47 98.70
12:10:58 -4.57 50.47 98.70
12:10:59 -4.18 50.47 98.70
12:11:00 -4.68 50.47 98.70
12:11:01 -4.49 50.47 98.70
12:11:02 -4.36 50.47 98.70
12:11:03 -4.29 50.47 98.70
12:11:04 -2.32 50.47 98.70
12:11:05 6.08 50.47 98.70
12:11:06 28.52 50.47 98.68
12:11:07 73.39 50.47 98.68
12:11:08 130.22 50.47 98.70
12:11:09 183.12 50.47 98.70
12:11:10 210.95 50.47 98.70
12:11:11 207.48 50.47 98.68
12:11:12 181.18 50.47 98.68
12:11:13 143.70 50.47 98.70
12:11:14 107.04 50.47 98.68
12:11:15 74.95 50.47 98.68
12:11:16 62.24 50.47 98.68
12:11:17 42.14 50.47 98.68
12:11:18 27.94 50.47 98.68
12:11:19 18.88 50.47 98.68
12:11:20 12.39 50.47 98.70
12:11:21 8.02 50.47 98.70
12:11:22 5.43 50.47 98.70
12:11:23 3.03 50.47 98.70
12:11:24 1.41 50.47 98.70
12:11:25 0.16 50.47 98.70
12:11:26 -0.49 50.47 98.70
12:11:27 -1.02 50.47 98.70
12:11:28 -2.00 50.47 98.70
12:11:29 -2.02 50.47 98.70
12:11:30 -2.95 50.47 98.70
12:11:31 -2.81 50.47 98.70
12:11:32 -3.16 50.47 98.70
12:11:33 -3.22 50.47 98.70
12:11:34 -3.69 50.47 98.70
12:11:35 -3.41 50.47 98.70
12:11:36 -3.14 50.47 98.70
12:11:37 -3.88 50.47 98.70
12:11:38 -3.86 50.47 98.70
12:11:39 -4.36 50.47 98.70
12:11:40 -3.95 50.47 98.70
12:11:41 -3.89 50.47 98.70
12:11:42 -4.26 50.47 98.70
12:11:43 -4.07 50.47 98.68
12:11:44 -4.02 50.47 98.68
12:11:45 -4.58 50.47 98.70
12:11:46 -3.94 50.47 98.70
12:11:47 -2.68 50.47 98.70
12:11:48 3.72 50.47 98.70
12:11:49 19.60 50.47 98.70
12:11:50 46.85 50.47 98.70
12:11:51 79.09 50.47 98.70
12:11:52 106.01 50.47 98.70
12:11:53 118.63 50.47 98.70
12:11:54 112.08 50.47 98.70
12:11:55 90.52 50.47 98.70
12:11:56 65.50 50.47 98.70
12:11:57 44.91 50.47 98.70
12:11:58 29.12 50.47 98.70
12:11:59 23.38 50.47 98.70
12:12:00 14.83 50.47 98.70
12:12:01 9.27 50.47 98.70
12:12:02 5.63 50.47 98.70
12:12:03 3.47 50.47 98.70
12:12:04 1.95 50.47 98.70
12:12:05 0.66 50.47 98.70
12:12:06 0.14 50.47 98.70
12:12:07 -1.06 50.47 98.70
12:12:08 -1.45 50.47 98.70
12:12:09 -2.14 50.47 98.70
12:12:10 -2.25 50.47 98.70
12:12:11 -2.28 50.47 98.70
12:12:12 -3.21 50.47 98.70
12:12:13 -3.06 50.47 98.70
12:12:14 -3.54 50.47 98.70
12:12:15 -3.78 50.47 98.70
12:12:16 -3.45 50.47 98.70
12:12:17 -3.67 50.47 98.70
12:12:18 -3.89 50.47 98.70
12:12:19 -3.69 50.47 98.70
12:12:20 -3.73 50.47 98.70
12:12:21 -3.89 50.47 98.70
12:12:22 -4.15 50.47 98.70
12:12:23 -3.81 50.47 98.70
12:12:24 -3.75 50.47 98.70
12:12:25 -1.23 50.47 98.70
12:12:26 5.49 50.47 98.70
12:12:27 19.94 50.47 98.70
12:12:28 40.60 50.47 98.70
12:12:29 61.51 50.47 98.70
12:12:30 76.07 50.47 98.70
12:12:31 75.54 50.47 98.70
12:12:32 62.97 50.47 98.70
12:12:33 47.14 50.47 98.70
12:12:34 32.03 50.47 98.70
12:12:35 20.26 50.47 98.70
12:12:36 12.39 50.47 98.70
12:12:37 7.19 50.47 98.70
12:12:38 3.35 50.47 98.70
12:12:39 2.21 50.47 98.70
12:12:40 0.65 50.47 98.70
12:12:41 -0.40 50.47 98.70
12:12:42 -0.94 50.47 98.70
12:12:43 -1.72 50.47 98.70
12:12:44 -1.84 50.47 98.70
12:12:45 -2.63 50.47 98.70
12:12:46 -2.56 50.47 98.70
12:12:47 -3.21 50.47 98.70
12:12:48 -3.24 50.47 98.70
12:12:49 -3.39 50.47 98.70
12:12:50 -3.29 50.47 98.70
12:12:51 -3.93 50.47 98.70
12:12:52 -3.58 50.47 98.70
12:12:53 -3.96 50.47 98.70
12:12:54 -3.98 50.47 98.70
12:12:55 -3.80 50.47 98.70
12:12:56 -3.99 50.47 98.70
12:12:57 -3.22 50.47 98.70
12:12:58 -0.37 50.47 98.70
12:12:59 6.40 50.47 98.70
12:13:00 16.86 50.47 98.70
12:13:01 29.35 50.47 98.70
12:13:02 37.97 50.47 98.70
12:13:03 38.76 50.47 98.70
12:13:04 36.43 50.47 98.70
12:13:05 29.04 50.47 98.70
12:13:06 20.49 50.47 98.70
12:13:07 13.22 50.47 98.70
12:13:08 7.33 50.47 98.70
12:13:09 3.58 50.47 98.70
12:13:10 1.68 50.47 98.70
12:13:11 -0.05 50.47 98.70
12:13:12 -0.71 50.47 98.70
12:13:13 -2.00 50.47 98.70
12:13:14 -2.19 50.47 98.70
12:13:15 -2.85 50.47 98.70
12:13:16 -3.24 50.47 98.70
12:13:17 -2.96 50.47 98.70
12:13:18 -3.31 50.47 98.70
12:13:19 -3.32 50.47 98.70
12:13:20 -4.03 50.47 98.70
12:13:21 -4.10 50.47 98.70
12:13:22 -3.85 50.47 98.70
12:13:23 -3.88 50.47 98.68
12:13:24 -3.83 50.47 98.68
12:13:25 -3.83 50.47 98.68
12:13:26 -3.98 50.47 98.68
12:13:27 -4.26 50.47 98.68
12:13:28 -3.98 50.47 98.68
12:13:29 -4.30 50.47 98.68
12:13:30 -3.82 50.47 98.68
12:13:31 -3.53 50.47 98.68
12:13:32 -0.95 50.47 98.68
12:13:33 3.62 50.47 98.68
12:13:34 10.06 50.47 98.68
12:13:35 15.47 50.47 98.68
12:13:36 20.23 50.47 98.68
12:13:37 20.13 50.47 98.68
12:13:38 16.80 50.47 98.68
12:13:39 11.59 50.47 98.68
12:13:40 6.84 50.47 98.70
12:13:41 3.46 50.47 98.70
12:13:42 0.68 50.47 98.70
12:13:43 -0.91 50.47 98.70
12:13:44 -2.15 50.47 98.70
12:13:45 -2.68 50.47 98.68
12:13:46 -2.95 50.47 98.68
12:13:47 -3.58 50.47 98.68
12:13:48 -3.74 50.47 98.70
12:13:49 -3.74 50.47 98.70
12:13:50 -3.68 50.47 98.70
12:13:51 -3.67 50.47 98.70
12:13:52 -4.10 50.47 98.70
12:13:53 -4.32 50.47 98.68
12:13:54 -4.27 50.47 98.68
12:13:55 -4.20 50.47 98.70
12:13:56 -4.13 50.47 98.70
12:13:57 -4.28 50.47 98.68
12:13:58 -3.77 50.47 98.68
12:13:59 -3.08 50.47 98.68
12:14:00 -1.68 50.47 98.68
12:14:01 0.99 50.47 98.68
12:14:02 3.00 50.47 98.68
12:14:03 5.12 50.47 98.68
12:14:04 5.28 50.47 98.68
12:14:05 3.38 50.47 98.68
12:14:06 1.71 50.47 98.68
12:14:07 0.12 50.47 98.68
12:14:08 -1.83 50.47 98.70
12:14:09 -2.08 50.47 98.68
12:14:10 -2.68 50.47 98.68
12:14:11 -3.40 50.47 98.68
12:14:12 -3.63 50.47 98.68
12:14:13 -3.72 50.47 98.68
12:14:14 -4.25 50.47 98.68
12:14:15 -3.91 50.47 98.68
12:14:16 -3.98 50.47 98.68
12:14:17 -4.68 50.47 98.68
12:14:18 -4.03 50.47 98.68
12:14:19 -4.25 50.47 98.68
12:14:20 -4.00 50.47 98.68
12:14:21 -4.23 50.47 98.68
12:14:22 -4.56 50.47 98.68
12:14:23 -4.10 50.47 98.68
12:14:24 -4.12 50.47 98.68
12:14:25 -4.60 50.47 98.68
12:14:26 -2.95 50.47 98.68
12:14:27 5.17 50.47 98.68
12:14:28 30.79 50.47 98.68
12:14:29 85.99 50.47 98.68
12:14:30 167.17 50.47 98.68
12:14:31 211.43 50.47 98.68
12:14:32 285.18 50.47 98.68
12:14:33 318.49 50.47 98.68
12:14:34 307.42 50.47 98.68
12:14:35 264.32 50.47 98.68
12:14:36 208.01 50.47 98.68
12:14:37 154.24 50.47 98.68
12:14:38 102.54 50.47 98.68
12:14:39 66.05 50.47 98.68
12:14:40 42.06 50.47 98.68
12:14:41 26.57 50.47 98.68
12:14:42 17.71 50.47 98.68
12:14:43 11.26 50.47 98.68
12:14:44 7.26 50.47 98.68
12:14:45 4.69 50.47 98.68
12:14:46 2.73 50.47 98.68
12:14:47 1.18 50.47 98.68
12:14:48 -0.02 50.47 98.68
12:14:49 -0.37 50.47 98.68
12:14:50 -1.21 50.47 98.68
12:14:51 -1.62 50.47 98.68
12:14:52 -2.13 50.47 98.68
12:14:53 -2.29 50.47 98.68
12:14:54 -2.74 50.47 98.68
12:14:55 -3.08 50.47 98.68
12:14:56 -3.20 50.47 98.68
12:14:57 -3.20 50.47 98.68
12:14:58 -3.43 50.47 98.68
12:14:59 -3.69 50.47 98.68
12:15:00 -3.59 50.47 98.67
12:15:01 -3.76 50.47 98.67
12:15:02 -3.87 50.47 98.68
12:15:03 -3.07 50.47 98.68
12:15:04 0.37 50.47 98.68
12:15:05 16.29 50.47 98.68
12:15:06 56.41 50.47 98.68
12:15:07 125.79 50.47 98.68
12:15:08 210.39 50.47 98.68
12:15:09 280.96 50.47 98.68
12:15:10 311.21 50.47 98.68
12:15:11 298.18 50.47 98.68
12:15:12 255.62 50.47 98.68
12:15:13 201.00 50.47 98.68
12:15:14 174.31 50.47 98.68
12:15:15 120.93 50.47 98.68
12:15:16 79.05 50.47 98.68
12:15:17 50.53 50.47 98.68
12:15:18 32.67 50.47 98.68
12:15:19 21.80 50.47 98.68
12:15:20 14.17 50.47 98.68
12:15:21 9.43 50.47 98.68
12:15:22 6.28 50.47 98.68
12:15:23 3.89 50.47 98.68
12:15:24 2.27 50.47 98.68
12:15:25 1.21 50.47 98.68
12:15:26 0.38 50.47 98.68
12:15:27 -0.69 50.47 98.68
12:15:28 -1.51 50.47 98.68
12:15:29 -1.70 50.47 98.68
12:15:30 -2.12 50.47 98.68
12:15:31 -2.39 50.47 98.68
12:15:32 -2.85 50.47 98.68
12:15:33 -2.86 50.47 98.68
12:15:34 -3.19 50.47 98.68
12:15:35 -3.24 50.47 98.68
12:15:36 -3.06 50.47 98.68
12:15:37 -3.39 50.47 98.68
12:15:38 -3.84 50.47 98.68
12:15:39 -3.47 50.47 98.68
12:15:40 -3.46 50.47 98.68
12:15:41 -3.37 50.47 98.68
12:15:42 -1.25 50.47 98.67
12:15:43 7.45 50.47 98.67
12:15:44 32.93 50.47 98.67
12:15:45 77.26 50.47 98.67
12:15:46 135.78 50.47 98.67
12:15:47 187.83 50.47 98.67
12:15:48 214.62 50.47 98.67
12:15:49 210.84 50.47 98.67
12:15:50 184.09 50.47 98.67
12:15:51 146.71 50.47 98.67
12:15:52 107.57 50.47 98.67
12:15:53 71.13 50.47 98.67
12:15:54 46.11 50.47 98.67
12:15:55 29.45 50.47 98.67
12:15:56 18.48 50.47 98.67
12:15:57 12.25 50.47 98.67
12:15:58 9.83 50.47 98.67
12:15:59 6.51 50.47 98.67
12:16:00 3.78 50.47 98.67
12:16:01 2.05 50.47 98.67
12:16:02 1.26 50.47 98.67
12:16:03 0.04 50.47 98.67
12:16:04 -0.52 50.47 98.67
12:16:05 -1.05 50.47 98.67
12:16:06 -2.18 50.47 98.67
12:16:07 -2.16 50.47 98.67
12:16:08 -2.28 50.47 98.67
12:16:09 -3.07 50.47 98.67
12:16:10 -3.41 50.47 98.67
12:16:11 -3.16 50.47 98.67
12:16:12 -3.24 50.47 98.67
12:16:13 -3.25 50.47 98.67
12:16:14 -3.49 50.47 98.67
12:16:15 -3.25 50.47 98.67
12:16:16 -3.88 50.47 98.67
12:16:17 -3.71 50.47 98.67
12:16:18 -2.67 50.47 98.67
12:16:19 1.80 50.47 98.67
12:16:20 8.03 50.47 98.67
12:16:21 35.81 50.47 98.67
12:16:22 87.42 50.47 98.67
12:16:23 155.34 50.47 98.67
12:16:24 218.69 50.47 98.67
12:16:25 254.06 50.47 98.67
12:16:26 252.70 50.47 98.67
12:16:27 223.41 50.47 98.67
12:16:28 179.57 50.47 98.67
12:16:29 134.84 50.47 98.67
12:16:30 90.22 50.47 98.67
12:16:31 59.49 50.47 98.67
12:16:32 38.56 50.47 98.67
12:16:33 25.85 50.47 98.67
12:16:34 17.15 50.47 98.67
12:16:35 11.58 50.47 98.67
12:16:36 7.62 50.47 98.67
12:16:37 5.33 50.47 98.67
12:16:38 3.54 50.47 98.67
12:16:39 2.00 50.47 98.67
12:16:40 1.07 50.47 98.67
12:16:41 0.43 50.47 98.67
12:16:42 -0.67 50.47 98.67
12:16:43 -1.15 50.47 98.67
12:16:44 -1.39 50.47 98.67
12:16:45 -1.68 50.47 98.67
12:16:46 -2.49 50.47 98.67
12:16:47 -2.75 50.47 98.67
12:16:48 -2.97 50.47 98.67
12:16:49 -2.95 50.47 98.67
12:16:50 -3.00 50.47 98.66
12:16:51 -3.28 50.47 98.66
12:16:52 -3.28 50.47 98.67
12:16:53 -3.37 50.47 98.67
12:16:54 -3.37 50.47 98.67
12:16:55 -1.03 50.47 98.66
12:16:56 11.66 50.47 98.66
12:16:57 50.82 50.47 98.67
12:16:58 131.43 50.47 98.67
12:16:59 247.36 50.47 98.67
12:17:00 361.40 50.47 98.67
12:17:01 432.42 50.47 98.67
12:17:02 441.72 50.47 98.66
12:17:03 425.27 50.47 98.66
12:17:04 363.55 50.47 98.66
12:17:05 287.11 50.47 98.66
12:17:06 214.93 50.47 98.66
12:17:07 148.99 50.47 98.66
12:17:08 97.26 50.47 98.66
12:17:09 64.41 50.47 98.66
12:17:10 43.78 50.47 98.66
12:17:11 30.40 50.47 98.66
12:17:12 21.19 50.47 98.66
12:17:13 15.64 50.47 98.66
12:17:14 11.10 50.47 98.66
12:17:15 8.31 50.47 98.66
12:17:16 6.22 50.47 98.66
12:17:17 3.95 50.47 98.67
12:17:18 2.46 50.47 98.66
12:17:19 2.16 50.47 98.66
12:17:20 0.72 50.47 98.66
12:17:21 0.02 50.47 98.66
12:17:22 -0.55 50.47 98.66
12:17:23 -1.02 50.47 98.66
12:17:24 -1.61 50.47 98.66
12:17:25 -1.74 50.47 98.66
12:17:26 -2.13 50.47 98.66
12:17:27 -2.40 50.47 98.66
12:17:28 -2.69 50.47 98.66
12:17:29 -3.00 50.47 98.66
12:17:30 -3.13 50.47 98.66
12:17:31 -3.00 50.47 98.66
12:17:32 -2.88 50.47 98.66
12:17:33 -3.14 50.47 98.66
12:17:34 -3.70 50.47 98.66
12:17:35 -3.60 50.47 98.66
12:17:36 -3.53 50.47 98.66
12:17:37 -2.83 50.47 98.66
12:17:38 3.24 50.47 98.66
12:17:39 29.53 50.47 98.66
12:17:40 101.57 50.47 98.66
12:17:41 235.29 50.47 98.66
12:17:42 405.35 50.47 98.66
12:17:43 556.40 50.47 98.66
12:17:44 630.12 50.47 98.66
12:17:45 618.16 50.47 98.66
12:17:46 585.27 50.47 98.66
12:17:47 487.83 50.47 98.66
12:17:48 377.87 50.47 98.66
12:17:49 265.28 50.47 98.66
12:17:50 176.49 50.47 98.66
12:17:51 115.88 50.47 98.66
12:17:52 76.09 50.47 98.66
12:17:53 50.64 50.47 98.66
12:17:54 34.88 50.47 98.66
12:17:55 24.26 50.47 98.66
12:17:56 17.31 50.47 98.66
12:17:57 12.84 50.47 98.66
12:17:58 9.36 50.47 98.66
12:17:59 6.51 50.47 98.66
12:18:00 4.44 50.47 98.66
12:18:01 3.04 50.47 98.66
12:18:02 1.73 50.47 98.66
12:18:03 1.08 50.47 98.66
12:18:04 -0.24 50.47 98.66
12:18:05 -0.40 50.47 98.66
12:18:06 -0.89 50.47 98.66
12:18:07 -1.37 50.47 98.66
12:18:08 -1.54 50.47 98.66
12:18:09 -1.81 50.47 98.66
12:18:10 -2.86 50.47 98.66
12:18:11 -3.00 50.47 98.66
12:18:12 -2.65 50.47 98.66
12:18:13 -2.69 50.47 98.66
12:18:14 -2.79 50.47 98.66
12:18:15 -3.45 50.47 98.66
12:18:16 -3.30 50.47 98.66
12:18:17 -3.38 50.47 98.66
12:18:18 -3.52 50.47 98.66
12:18:19 -2.87 50.47 98.66
12:18:20 0.10 50.47 98.66
12:18:21 14.99 50.47 98.66
12:18:22 61.49 50.47 98.66
12:18:23 151.41 50.47 98.66
12:18:24 278.96 50.47 98.66
12:18:25 400.48 50.47 98.66
12:18:26 474.07 50.47 98.66
12:18:27 479.69 50.47 98.66
12:18:28 431.00 50.47 98.66
12:18:29 354.33 50.47 98.66
12:18:30 312.47 50.47 98.66
12:18:31 235.02 50.47 98.66
12:18:32 162.70 50.47 98.66
12:18:33 109.17 50.47 98.66
12:18:34 74.78 50.47 98.66
12:18:35 52.50 50.47 98.66
12:18:36 38.07 50.47 98.66
12:18:37 27.96 50.47 98.66
12:18:38 21.50 50.47 98.66
12:18:39 16.20 50.47 98.66
12:18:40 12.71 50.47 98.66
12:18:41 9.87 50.47 98.66
12:18:42 7.53 50.47 98.66
12:18:43 6.08 50.47 98.66
12:18:44 4.33 50.47 98.66
12:18:45 3.29 50.47 98.66
12:18:46 2.01 50.47 98.66
12:18:47 0.71 50.47 98.66
12:18:48 0.21 50.47 98.66
12:18:49 -0.58 50.47 98.66
12:18:50 -0.67 50.47 98.66
12:18:51 -0.76 50.47 98.66
12:18:52 -1.04 50.47 98.66
12:18:53 -2.35 50.47 98.66
12:18:54 -2.07 50.47 98.66
12:18:55 -2.26 50.47 98.66
12:18:56 -2.44 50.47 98.66
12:18:57 -2.86 50.47 98.66
12:18:58 -2.62 50.47 98.66
12:18:59 -2.73 50.47 98.66
12:19:00 -2.96 50.47 98.66
12:19:01 -3.04 50.47 98.66
12:19:02 -0.25 50.47 98.66
12:19:03 21.81 50.47 98.66
12:19:04 102.62 50.47 98.66
12:19:05 300.64 50.47 98.66
12:19:06 629.24 50.47 98.66
12:19:07 1002.99 50.47 98.66
12:19:08 1283.63 50.47 98.66
12:19:09 1385.22 50.47 98.66
12:19:10 1309.38 50.47 98.66
12:19:11 1117.87 50.47 98.66
12:19:12 888.23 50.47 98.66
12:19:13 772.40 50.47 98.66
12:19:14 539.53 50.47 98.66
12:19:15 367.16 50.47 98.66
12:19:16 248.66 50.47 98.66
12:19:17 170.66 50.47 98.66
12:19:18 120.10 50.47 98.66
12:19:19 87.76 50.47 98.66
12:19:20 66.40 50.47 98.66
12:19:21 50.76 50.47 98.66
12:19:22 40.28 50.47 98.66
12:19:23 31.74 50.47 98.66
12:19:24 25.82 50.47 98.66
12:19:25 21.31 50.47 98.66
12:19:26 17.22 50.47 98.66
12:19:27 13.93 50.47 98.66
12:19:28 11.38 50.47 98.66
12:19:29 9.04 50.47 98.66
12:19:30 7.00 50.47 98.66
12:19:31 5.42 50.47 98.66
12:19:32 4.91 50.47 98.66
12:19:33 3.16 50.47 98.66
12:19:34 2.72 50.47 98.66
12:19:35 2.13 50.47 98.66
12:19:36 1.69 50.47 98.66
12:19:37 0.69 50.47 98.66
12:19:38 0.40 50.47 98.66
12:19:39 -0.17 50.47 98.66
12:19:40 -0.60 50.47 98.66
12:19:41 -0.78 50.47 98.66
12:19:42 -1.39 50.47 98.66
12:19:43 -1.39 50.47 98.66
12:19:44 -1.77 50.47 98.67
12:19:45 -1.81 50.47 98.66
12:19:46 -2.40 50.47 98.66
12:19:47 -2.45 50.47 98.67
12:19:48 -2.63 50.47 98.66
12:19:49 -2.63 50.47 98.66
12:19:50 -2.86 50.47 98.67
12:19:51 -3.09 50.47 98.67
12:19:52 -3.33 50.47 98.66
12:19:53 -3.16 50.47 98.66
12:19:54 -3.19 50.47 98.66
12:19:55 -3.35 50.47 98.67
12:19:56 -3.01 50.47 98.67
12:19:57 -3.23 50.47 98.67
12:19:58 -3.10 50.47 98.66
12:19:59 -3.25 50.47 98.66
12:20:00 -3.31 50.47 98.66
12:20:01 -3.69 50.47 98.66
12:20:02 -3.96 50.47 98.67
12:20:03 -3.79 50.47 98.66
12:20:04 -3.57 50.47 98.66
12:20:05 -3.83 50.47 98.67
12:20:06 -3.31 50.47 98.67
12:20:07 -3.74 50.47 98.67
12:20:08 -4.01 50.47 98.67
12:20:09 -3.78 50.47 98.67
12:20:10 -3.92 50.47 98.67
12:20:11 -4.20 50.47 98.67
12:20:12 -4.05 50.47 98.67
12:20:13 -3.88 50.47 98.67
12:20:14 -3.98 50.47 98.67
12:20:15 -3.98 50.47 98.67
12:20:16 -4.04 50.47 98.67
12:20:17 -4.00 50.47 98.67
12:20:18 -4.42 50.47 98.67
12:20:19 -3.95 50.47 98.67
12:20:20 -4.07 50.47 98.67
12:20:21 -3.86 50.47 98.67
12:20:22 -4.30 50.47 98.67
12:20:23 -4.16 50.47 98.67
12:20:24 -4.17 50.47 98.67
12:20:25 -3.78 50.47 98.67
12:20:26 -4.26 50.47 98.67
12:20:27 -4.08 50.47 98.67
12:20:28 -3.88 50.47 98.67
12:20:29 -4.29 50.47 98.67
12:20:30 -4.18 50.47 98.67
12:20:31 -4.30 50.47 98.67
12:20:32 -4.18 50.47 98.67
12:20:33 -4.37 50.47 98.67
12:20:34 -4.19 50.47 98.67
12:20:35 -3.95 50.47 98.66
12:20:36 -3.86 50.47 98.66
12:20:37 -4.30 50.47 98.66
12:20:38 -4.16 50.47 98.67
12:20:39 -0.87 50.47 98.67
12:20:40 5.53 50.47 98.67
12:20:41 43.21 50.47 98.67
12:20:42 147.36 50.47 98.66
12:20:43 342.08 50.47 98.66
12:20:44 592.85 50.47 98.66
12:20:45 813.18 50.47 98.66
12:20:46 923.93 50.47 98.66
12:20:47 904.91 50.47 98.66
12:20:48 793.02 50.47 98.66
12:20:49 634.78 50.47 98.66
12:20:50 478.41 50.47 98.66
12:20:51 332.74 50.47 98.66
12:20:52 215.78 50.47 98.67
12:20:53 141.18 50.47 98.67
12:20:54 91.73 50.47 98.67
12:20:55 61.18 50.47 98.66
12:20:56 42.09 50.47 98.66
12:20:57 29.54 50.47 98.66
12:20:58 21.03 50.47 98.66
12:20:59 15.61 50.47 98.66
12:21:00 11.05 50.47 98.66
12:21:01 8.06 50.47 98.67
12:21:02 6.82 50.47 98.67
12:21:03 4.64 50.47 98.66
12:21:04 3.46 50.47 98.66
12:21:05 2.27 50.47 98.67
12:21:06 0.99 50.47 98.66
12:21:07 0.80 50.47 98.66
12:21:08 -0.65 50.47 98.66
12:21:09 -0.83 50.47 98.67
12:21:10 -1.66 50.47 98.66
12:21:11 -1.49 50.47 98.66
12:21:12 -2.10 50.47 98.66
12:21:13 -2.63 50.47 98.66
12:21:14 -2.37 50.47 98.66
12:21:15 -2.56 50.47 98.66
12:21:16 -2.99 50.47 98.66
12:21:17 -2.90 50.47 98.66
12:21:18 -2.92 50.47 98.66
12:21:19 -2.95 50.47 98.66
12:21:20 -3.12 50.47 98.66
12:21:21 -2.51 50.47 98.66
12:21:22 0.52 50.47 98.66
12:21:23 4.75 50.47 98.66
12:21:24 20.47 50.47 98.66
12:21:25 45.81 50.47 98.66
12:21:26 75.78 50.47 98.66
12:21:27 99.53 50.47 98.66
12:21:28 109.12 50.47 98.66
12:21:29 102.94 50.47 98.66
12:21:30 86.69 50.47 98.66
12:21:31 67.48 50.47 98.66
12:21:32 48.42 50.47 98.66
12:21:33 31.44 50.47 98.66
12:21:34 19.05 50.47 98.66
12:21:35 10.94 50.47 98.66
12:21:36 6.28 50.47 98.66
12:21:37 3.02 50.47 98.66
12:21:38 1.24 50.47 98.66
12:21:39 -0.36 50.47 98.66
12:21:40 -0.62 50.47 98.66
12:21:41 -1.86 50.47 98.66
12:21:42 -2.09 50.47 98.66
12:21:43 -2.38 50.47 98.66
12:21:44 -3.05 50.47 98.66
12:21:45 -3.14 50.47 98.66
12:21:46 -3.16 50.47 98.66
12:21:47 -3.40 50.47 98.66
12:21:48 -3.66 50.47 98.66
12:21:49 -3.55 50.47 98.66
12:21:50 -3.91 50.47 98.66
12:21:51 -3.70 50.47 98.64
12:21:52 -3.95 50.47 98.64
12:21:53 -3.83 50.47 98.64
12:21:54 -4.15 50.47 98.64
12:21:55 -3.99 50.47 98.64
12:21:56 -3.66 50.47 98.64
12:21:57 -4.01 50.47 98.64
12:21:58 -3.77 50.47 98.64
12:21:59 -2.45 50.47 98.64
12:22:00 2.90 50.47 98.64
12:22:01 16.72 50.47 98.64
12:22:02 40.94 50.47 98.64
12:22:03 72.28 50.47 98.64
12:22:04 98.34 50.47 98.64
12:22:05 111.71 50.47 98.64
12:22:06 108.63 50.47 98.64
12:22:07 102.36 50.47 98.64
12:22:08 83.35 50.47 98.64
12:22:09 63.59 50.47 98.64
12:22:10 43.33 50.47 98.64
12:22:11 26.89 50.47 98.64
12:22:12 16.35 50.47 98.64
12:22:13 9.67 50.47 98.64
12:22:14 5.23 50.47 98.64
12:22:15 2.66 50.47 98.64
12:22:16 0.85 50.47 98.64
12:22:17 -0.46 50.47 98.64
12:22:18 -1.38 50.47 98.64
12:22:19 -1.80 50.47 98.64
12:22:20 -2.38 50.47 98.64
12:22:21 -2.73 50.47 98.64
12:22:22 -2.55 50.47 98.64
12:22:23 -3.17 50.47 98.64
12:22:24 -3.69 50.47 98.64
12:22:25 -3.59 50.47 98.64
12:22:26 -3.78 50.47 98.64
12:22:27 -4.05 50.47 98.64
12:22:28 -3.93 50.47 98.64
12:22:29 -3.49 50.47 98.64
12:22:30 -3.92 50.47 98.63
12:22:31 -3.90 50.47 98.63
12:22:32 -4.15 50.47 98.64
12:22:33 -3.95 50.47 98.64
12:22:34 -1.81 50.47 98.63
12:22:35 7.98 50.47 98.63
12:22:36 38.32 50.47 98.63
12:22:37 99.48 50.47 98.63
12:22:38 184.68 50.47 98.63
12:22:39 268.79 50.47 98.63
12:22:40 320.20 50.47 98.63
12:22:41 327.16 50.47 98.63
12:22:42 294.21 50.47 98.63
12:22:43 241.52 50.47 98.63
12:22:44 183.85 50.47 98.63
12:22:45 125.88 50.47 98.63
12:22:46 84.27 50.47 98.64
12:22:47 55.22 50.47 98.63
12:22:48 36.77 50.47 98.63
12:22:49 24.66 50.47 98.63
12:22:50 20.55 50.47 98.63
12:22:51 14.50 50.47 98.63
12:22:52 9.72 50.47 98.63
12:22:53 7.22 50.47 98.63
12:22:54 5.23 50.47 98.63
12:22:55 3.26 50.47 98.63
12:22:56 1.97 50.47 98.63
12:22:57 0.51 50.47 98.63
12:22:58 0.27 50.47 98.63
12:22:59 -0.54 50.47 98.63
12:23:00 -1.07 50.47 98.63
12:23:01 -1.30 50.47 98.63
12:23:02 -1.78 50.47 98.63
12:23:03 -2.94 50.47 98.63
12:23:04 -2.55 50.47 98.63
12:23:05 -2.92 50.47 98.63
12:23:06 -2.75 50.47 98.63
12:23:07 -3.02 50.47 98.63
12:23:08 -3.24 50.47 98.63
12:23:09 -3.09 50.47 98.63
12:23:10 -3.44 50.47 98.63
12:23:11 -3.33 50.47 98.62
12:23:12 -3.05 50.47 98.62
12:23:13 -0.94 50.47 98.62
12:23:14 8.84 50.47 98.63
12:23:15 35.70 50.47 98.63
12:23:16 84.89 50.47 98.63
12:23:17 148.87 50.47 98.62
12:23:18 205.94 50.47 98.62
12:23:19 235.93 50.47 98.62
12:23:20 232.82 50.47 98.62
12:23:21 203.32 50.47 98.62
12:23:22 163.52 50.47 98.62
12:23:23 122.54 50.47 98.62
12:23:24 82.73 50.47 98.63
12:23:25 53.28 50.47 98.63
12:23:26 34.35 50.47 98.62
12:23:27 22.57 50.47 98.62
12:23:28 14.07 50.47 98.63
12:23:29 9.20 50.47 98.63
12:23:30 6.30 50.47 98.63
12:23:31 3.86 50.47 98.63
12:23:32 2.13 50.47 98.63
12:23:33 0.31 50.47 98.62
12:23:34 0.39 50.47 98.62
12:23:35 -0.41 50.47 98.63
12:23:36 -1.23 50.47 98.62
12:23:37 -1.23 50.47 98.62
12:23:38 -2.00 50.47 98.62
12:23:39 -2.52 50.47 98.62
12:23:40 -2.40 50.47 98.62
12:23:41 -3.03 50.47 98.62
12:23:42 -3.30 50.47 98.62
12:23:43 -3.35 50.47 98.62
12:23:44 -3.35 50.47 98.62
12:23:45 -3.77 50.47 98.62
12:23:46 -3.87 50.47 98.62
12:23:47 -3.36 50.47 98.62
12:23:48 -3.78 50.47 98.62
12:23:49 -3.87 50.47 98.62
12:23:50 -3.37 50.47 98.62
12:23:51 0.60 50.47 98.62
12:23:52 16.05 50.47 98.62
12:23:53 52.62 50.47 98.62
12:23:54 113.69 50.47 98.62
12:23:55 149.35 50.47 98.62
12:23:56 216.47 50.47 98.62
12:23:57 258.24 50.47 98.62
12:23:58 263.11 50.47 98.62
12:23:59 237.14 50.47 98.62
12:24:00 194.79 50.47 98.62
12:24:01 149.88 50.47 98.62
12:24:02 106.63 50.47 98.62
12:24:03 71.08 50.47 98.62
12:24:04 47.86 50.47 98.62
12:24:05 32.69 50.47 98.62
12:24:06 22.26 50.47 98.62
12:24:07 16.17 50.47 98.62
12:24:08 11.52 50.47 98.62
12:24:09 8.31 50.47 98.62
12:24:10 6.10 50.47 98.62
12:24:11 4.19 50.47 98.62
12:24:12 3.01 50.47 98.62
12:24:13 1.94 50.47 98.62
12:24:14 0.75 50.47 98.62
12:24:15 0.03 50.47 98.62
12:24:16 -0.54 50.47 98.62
12:24:17 -1.33 50.47 98.62
12:24:18 -1.41 50.47 98.62
12:24:19 -2.08 50.47 98.63
12:24:20 -2.43 50.47 98.62
12:24:21 -2.24 50.47 98.62
12:24:22 -2.64 50.47 98.62
12:24:23 -2.85 50.47 98.62
12:24:24 -2.89 50.47 98.62
12:24:25 -3.10 50.47 98.62
12:24:26 -3.10 50.47 98.62
12:24:27 -3.51 50.47 98.62
12:24:28 -3.25 50.47 98.62
12:24:29 -2.67 50.47 98.62
12:24:30 0.97 50.47 98.62
12:24:31 12.16 50.47 98.62
12:24:32 34.92 50.47 98.62
12:24:33 67.30 50.47 98.62
12:24:34 100.30 50.47 98.62
12:24:35 121.51 50.47 98.62
12:24:36 125.08 50.47 98.62
12:24:37 113.74 50.47 98.62
12:24:38 92.83 50.47 98.62
12:24:39 81.51 50.47 98.62
12:24:40 60.19 50.47 98.62
12:24:41 39.64 50.47 98.62
12:24:42 25.40 50.47 98.62
12:24:43 15.96 50.47 98.62
12:24:44 10.18 50.47 98.62
12:24:45 6.71 50.47 98.62
12:24:46 3.84 50.47 98.62
12:24:47 1.93 50.47 98.63
12:24:48 0.67 50.47 98.63
12:24:49 -0.08 50.47 98.63
12:24:50 -0.64 50.47 98.63
12:24:51 -1.59 50.47 98.62
12:24:52 -1.96 50.47 98.62
12:24:53 -2.17 50.47 98.62
12:24:54 -2.50 50.47 98.63
12:24:55 -3.05 50.47 98.63
12:24:56 -3.03 50.47 98.62
12:24:57 -3.08 50.47 98.62
12:24:58 -3.85 50.47 98.62
12:24:59 -3.53 50.47 98.62
12:25:00 -3.38 50.47 98.62
12:25:01 -3.45 50.47 98.62
12:25:02 -4.05 50.47 98.62
12:25:03 -3.73 50.47 98.63
12:25:04 -3.72 50.47 98.63
12:25:05 -2.04 50.47 98.63
12:25:06 5.76 50.47 98.63
12:25:07 27.38 50.47 98.63
12:25:08 68.28 50.47 98.63
12:25:09 122.97 50.47 98.63
12:25:10 172.94 50.47 98.63
12:25:11 200.19 50.47 98.63
12:25:12 199.85 50.47 98.63
12:25:13 177.57 50.47 98.63
12:25:14 143.32 50.47 98.63
12:25:15 108.25 50.47 98.63
12:25:16 73.98 50.47 98.63
12:25:17 48.32 50.47 98.63
12:25:18 31.57 50.47 98.63
12:25:19 20.98 50.47 98.63
12:25:20 13.75 50.47 98.63
12:25:21 9.47 50.47 98.63
12:25:22 7.85 50.47 98.63
12:25:23 5.47 50.47 98.63
12:25:24 3.44 50.47 98.63
12:25:25 1.96 50.47 98.63
12:25:26 0.52 50.47 98.63
12:25:27 -0.05 50.47 98.63
12:25:28 -0.63 50.47 98.63
12:25:29 -1.07 50.47 98.63
12:25:30 -1.61 50.47 98.64
12:25:31 -2.40 50.47 98.63
12:25:32 -2.73 50.47 98.63
12:25:33 -2.39 50.47 98.63
12:25:34 -3.02 50.47 98.63
12:25:35 -2.88 50.47 98.63
12:25:36 -3.24 50.47 98.63
12:25:37 -3.81 50.47 98.63
12:25:38 -3.36 50.47 98.63
12:25:39 -3.44 50.47 98.63
12:25:40 -3.74 50.47 98.63
12:25:41 -3.60 50.47 98.63
12:25:42 -3.81 50.47 98.64
12:25:43 -3.98 50.47 98.64
12:25:44 -3.98 50.47 98.64
12:25:45 -3.61 50.47 98.64
12:25:46 -4.17 50.47 98.64
12:25:47 -3.93 50.47 98.64
12:25:48 -3.77 50.47 98.64
12:25:49 -4.10 50.47 98.64
12:25:50 -4.47 50.47 98.64
12:25:51 -4.13 50.47 98.64
12:25:52 -3.96 50.47 98.64
12:25:53 -4.25 50.47 98.64
12:25:54 -4.24 50.47 98.64
12:25:55 -4.00 50.47 98.64
12:25:56 -3.99 50.47 98.64
12:25:57 -4.56 50.47 98.64
12:25:58 -3.83 50.47 98.64
12:25:59 -4.06 50.47 98.64
12:26:00 -4.26 50.47 98.64
12:26:01 -4.01 50.47 98.64
12:26:02 -4.65 50.47 98.64
12:26:03 -4.33 50.47 98.64
12:26:04 -4.06 50.47 98.64
12:26:05 -4.48 50.47 98.64
12:26:06 -4.46 50.47 98.64
12:26:07 -4.36 50.47 98.64
12:26:08 -4.08 50.47 98.64
12:26:09 -4.23 50.47 98.64
12:26:10 -4.38 50.47 98.64
12:26:11 -4.42 50.47 98.64
12:26:12 -4.46 50.47 98.64
12:26:13 -4.27 50.47 98.64
12:26:14 -4.56 50.47 98.64
12:26:15 -4.70 50.47 98.64
12:26:16 -4.00 50.47 98.64
12:26:17 -4.50 50.47 98.64
12:26:18 -4.50 50.47 98.64
12:26:19 -4.61 50.47 98.64
12:26:20 -4.02 50.47 98.64
12:26:21 -4.47 50.47 98.64
12:26:22 -4.15 50.47 98.64
12:26:23 -2.42 50.47 98.64
12:26:24 8.88 50.47 98.64
12:26:25 54.08 50.47 98.66
12:26:26 160.86 50.47 98.64
12:26:27 241.60 50.47 98.64
12:26:28 444.88 50.47 98.64
12:26:29 639.70 50.47 98.66
12:26:30 756.28 50.47 98.64
12:26:31 768.69 50.47 98.64
12:26:32 692.05 50.47 98.64
12:26:33 570.53 50.47 98.64
12:26:34 439.82 50.47 98.64
12:26:35 320.82 50.47 98.64
12:26:36 215.48 50.47 98.64
12:26:37 146.35 50.47 98.64
12:26:38 101.48 50.47 98.64
12:26:39 71.39 50.47 98.64
12:26:40 51.94 50.47 98.64
12:26:41 39.31 50.47 98.66
12:26:42 30.42 50.47 98.66
12:26:43 23.33 50.47 98.66
12:26:44 18.71 50.47 98.66
12:26:45 14.74 50.47 98.64
12:26:46 11.81 50.47 98.64
12:26:47 9.20 50.47 98.64
12:26:48 7.08 50.47 98.64
12:26:49 6.32 50.47 98.64
12:26:50 4.79 50.47 98.66
12:26:51 3.86 50.47 98.66
12:26:52 2.19 50.47 98.66
12:26:53 1.67 50.47 98.66
12:26:54 0.35 50.47 98.64
12:26:55 0.04 50.47 98.64
12:26:56 -0.40 50.47 98.66
12:26:57 -0.70 50.47 98.64
12:26:58 -1.04 50.47 98.64
12:26:59 -1.47 50.47 98.66
12:27:00 -2.00 50.47 98.66
12:27:01 -2.27 50.47 98.66
12:27:02 -2.45 50.47 98.66
12:27:03 -2.48 50.47 98.66
12:27:04 -3.05 50.47 98.66
12:27:05 -2.71 50.47 98.66
12:27:06 -2.84 50.47 98.64
12:27:07 -3.09 50.47 98.64
12:27:08 -2.99 50.47 98.64
12:27:09 -3.31 50.47 98.64
12:27:10 -0.89 50.47 98.64
12:27:11 3.79 50.47 98.64
12:27:12 31.31 50.47 98.64
12:27:13 103.17 50.47 98.64
12:27:14 237.06 50.47 98.64
12:27:15 406.16 50.47 98.66
12:27:16 554.30 50.47 98.66
12:27:17 629.01 50.47 98.66
12:27:18 616.55 50.47 98.66
12:27:19 540.58 50.47 98.66
12:27:20 435.94 50.47 98.66
12:27:21 329.21 50.47 98.66
12:27:22 240.36 50.47 98.66
12:27:23 160.58 50.47 98.66
12:27:24 106.05 50.47 98.66
12:27:25 72.80 50.47 98.66
12:27:26 50.80 50.47 98.66
12:27:27 35.82 50.47 98.66
12:27:28 26.65 50.47 98.66
12:27:29 20.61 50.47 98.66
12:27:30 15.43 50.47 98.66
12:27:31 11.40 50.47 98.66
12:27:32 10.27 50.47 98.66
12:27:33 8.14 50.47 98.66
12:27:34 5.85 50.47 98.66
12:27:35 4.65 50.47 98.66
12:27:36 2.92 50.47 98.66
12:27:37 2.02 50.47 98.66
12:27:38 0.96 50.47 98.66
12:27:39 -0.01 50.47 98.66
12:27:40 -0.00 50.47 98.66
12:27:41 -0.99 50.47 98.66
12:27:42 -1.03 50.47 98.66
12:27:43 -1.70 50.47 98.66
12:27:44 -2.08 50.47 98.66
12:27:45 -2.03 50.47 98.66
12:27:46 -2.29 50.47 98.66
12:27:47 -2.86 50.47 98.66
12:27:48 -2.44 50.47 98.66
12:27:49 -2.59 50.47 98.66
12:27:50 -3.08 50.47 98.66
12:27:51 -2.80 50.47 98.66
12:27:52 -3.35 50.47 98.66
12:27:53 -0.37 50.47 98.66
12:27:54 3.90 50.47 98.66
12:27:55 30.61 50.47 98.66
12:27:56 100.03 50.47 98.66
12:27:57 223.86 50.47 98.66
12:27:58 381.69 50.47 98.66
12:27:59 516.32 50.47 98.66
12:28:00 582.31 50.47 98.66
12:28:01 567.13 50.47 98.66
12:28:02 492.95 50.47 98.66
12:28:03 393.77 50.47 98.66
12:28:04 295.57 50.47 98.66
12:28:05 205.53 50.47 98.66
12:28:06 133.44 50.47 98.66
12:28:07 86.08 50.47 98.66
12:28:08 56.42 50.47 98.66
12:28:09 37.67 50.47 98.66
12:28:10 25.68 50.47 98.66
12:28:11 17.61 50.47 98.66
12:28:12 12.68 50.47 98.66
12:28:13 8.81 50.47 98.66
12:28:14 5.98 50.47 98.66
12:28:15 4.27 50.47 98.66
12:28:16 3.75 50.47 98.66
12:28:17 1.98 50.47 98.66
12:28:18 1.11 50.47 98.66
12:28:19 0.32 50.47 98.66
12:28:20 -0.41 50.47 98.66
12:28:21 -0.65 50.47 98.66
12:28:22 -1.71 50.47 98.66
12:28:23 -2.21 50.47 98.67
12:28:24 -2.27 50.47 98.67
12:28:25 -2.65 50.47 98.67
12:28:26 -2.20 50.47 98.67
12:28:27 -2.98 50.47 98.67
12:28:28 -2.86 50.47 98.66
12:28:29 -2.75 50.47 98.66
12:28:30 -3.27 50.47 98.66
12:28:31 -3.40 50.47 98.66
12:28:32 -3.51 50.47 98.66
12:28:33 -2.78 50.47 98.66
12:28:34 -0.86 50.47 98.66
12:28:35 6.67 50.47 98.66
12:28:36 23.79 50.47 98.66
12:28:37 35.56 50.47 98.66
12:28:38 63.67 50.47 98.66
12:28:39 89.21 50.47 98.66
12:28:40 103.40 50.47 98.66
12:28:41 102.67 50.47 98.66
12:28:42 89.26 50.47 98.66
12:28:43 71.23 50.47 98.66
12:28:44 52.29 50.47 98.67
12:28:45 33.91 50.47 98.66
12:28:46 20.48 50.47 98.66
12:28:47 11.93 50.47 98.67
12:28:48 6.97 50.47 98.66
12:28:49 3.72 50.47 98.66
12:28:50 1.42 50.47 98.66
12:28:51 -0.13 50.47 98.66
12:28:52 -1.06 50.47 98.67
12:28:53 -1.97 50.47 98.67
12:28:54 -1.91 50.47 98.67
12:28:55 -2.80 50.47 98.67
12:28:56 -3.17 50.47 98.67
12:28:57 -2.76 50.47 98.67
12:28:58 -3.52 50.47 98.67
12:28:59 -3.42 50.47 98.67
12:29:00 -3.21 50.47 98.67
12:29:01 -3.48 50.47 98.67
12:29:02 -4.15 50.47 98.67
12:29:03 -3.85 50.47 98.67
12:29:04 -3.79 50.47 98.67
12:29:05 -3.97 50.47 98.66
12:29:06 -3.51 50.47 98.66
12:29:07 -4.09 50.47 98.66
12:29:08 -4.29 50.47 98.66
12:29:09 -4.08 50.47 98.66
12:29:10 -3.86 50.47 98.67
12:29:11 0.93 50.47 98.67
12:29:12 25.34 50.47 98.67
12:29:13 100.60 50.47 98.66
12:29:14 255.93 50.47 98.66
12:29:15 482.69 50.47 98.67
12:29:16 706.33 50.47 98.67
12:29:17 847.70 50.47 98.67
12:29:18 870.66 50.47 98.67
12:29:19 789.90 50.47 98.66
12:29:20 655.09 50.47 98.66
12:29:21 579.65 50.47 98.66
12:29:22 438.91 50.47 98.66
12:29:23 306.83 50.47 98.66
12:29:24 204.94 50.47 98.67
12:29:25 139.06 50.47 98.67
12:29:26 96.77 50.47 98.67
12:29:27 68.84 50.47 98.67
12:29:28 50.09 50.47 98.67
12:29:29 37.69 50.47 98.67
12:29:30 29.11 50.47 98.67
12:29:31 22.81 50.47 98.67
12:29:32 18.06 50.47 98.67
12:29:33 14.22 50.47 98.67
12:29:34 11.27 50.47 98.67
12:29:35 9.15 50.47 98.67
12:29:36 7.04 50.47 98.67
12:29:37 5.40 50.47 98.67
12:29:38 3.45 50.47 98.67
12:29:39 2.70 50.47 98.67
12:29:40 1.95 50.47 98.67
12:29:41 1.14 50.47 98.67
12:29:42 0.14 50.47 98.67
12:29:43 0.54 50.47 98.67
12:29:44 -0.48 50.47 98.67
12:29:45 -0.81 50.47 98.67
12:29:46 -1.27 50.47 98.67
12:29:47 -1.42 50.47 98.67
12:29:48 -1.65 50.47 98.67
12:29:49 -2.24 50.47 98.67
12:29:50 -2.17 50.47 98.67
12:29:51 -2.45 50.47 98.67
12:29:52 -2.41 50.47 98.67
12:29:53 -2.76 50.47 98.67
12:29:54 -2.74 50.47 98.67
12:29:55 -2.82 50.47 98.67
12:29:56 -2.99 50.47 98.67
12:29:57 -1.32 50.47 98.67
12:29:58 11.82 50.47 98.67
12:29:59 60.97 50.47 98.67
12:30:00 178.21 50.47 98.67
12:30:01 376.79 50.47 98.67
12:30:02 608.56 50.47 98.67
12:30:03 788.73 50.47 98.67
12:30:04 839.48 50.47 98.67
12:30:05 851.50 50.47 98.67
12:30:06 766.57 50.47 98.67
12:30:07 632.11 50.47 98.67
12:30:08 486.41 50.47 98.67
12:30:09 353.60 50.47 98.67
12:30:10 236.51 50.47 98.67
12:30:11 159.92 50.47 98.67
12:30:12 110.09 50.47 98.67
12:30:13 77.03 50.47 98.67
12:30:14 55.48 50.47 98.67
12:30:15 41.78 50.47 98.67
12:30:16 31.72 50.47 98.67
12:30:17 24.49 50.47 98.67
12:30:18 19.42 50.47 98.67
12:30:19 15.36 50.47 98.67
12:30:20 12.17 50.47 98.67
12:30:21 9.88 50.47 98.67
12:30:22 7.58 50.47 98.67
12:30:23 5.68 50.47 98.67
12:30:24 4.36 50.47 98.67
12:30:25 3.07 50.47 98.67
12:30:26 2.88 50.47 98.67
12:30:27 1.61 50.47 98.67
12:30:28 1.41 50.47 98.67
12:30:29 0.34 50.47 98.67
12:30:30 -0.20 50.47 98.67
12:30:31 -0.57 50.47 98.67
12:30:32 -1.11 50.47 98.67
12:30:33 -0.95 50.47 98.67
12:30:34 -1.82 50.47 98.67
12:30:35 -2.22 50.47 98.67
12:30:36 -2.10 50.47 98.67
12:30:37 -2.36 50.47 98.67
12:30:38 -2.77 50.47 98.67
12:30:39 -2.79 50.47 98.67
12:30:40 -2.91 50.47 98.67
12:30:41 -2.74 50.47 98.67
12:30:42 -3.15 50.47 98.67
12:30:43 -2.76 50.47 98.67
12:30:44 2.68 50.47 98.67
12:30:45 25.27 50.47 98.67
12:30:46 88.60 50.47 98.67
12:30:47 211.57 50.47 98.67
12:30:48 292.63 50.47 98.67
12:30:49 459.15 50.47 98.67
12:30:50 584.74 50.47 98.67
12:30:51 626.18 50.47 98.67
12:30:52 588.34 50.47 98.67
12:30:53 498.62 50.47 98.67
12:30:54 394.70 50.47 98.67
12:30:55 286.68 50.47 98.67
12:30:56 193.96 50.47 98.67
12:30:57 132.19 50.47 98.67
12:30:58 91.34 50.47 98.67
12:30:59 64.00 50.47 98.67
12:31:00 46.18 50.47 98.67
12:31:01 34.29 50.47 98.67
12:31:02 26.80 50.47 98.67
12:31:03 20.78 50.47 98.67
12:31:04 16.16 50.47 98.67
12:31:05 13.10 50.47 98.67
12:31:06 10.27 50.47 98.67
12:31:07 7.73 50.47 98.67
12:31:08 6.03 50.47 98.67
12:31:09 4.67 50.47 98.67
12:31:10 4.15 50.47 98.67
12:31:11 2.82 50.47 98.67
12:31:12 1.71 50.47 98.67
12:31:13 0.98 50.47 98.67
12:31:14 0.55 50.47 98.68
12:31:15 -0.19 50.47 98.67
12:31:16 -0.48 50.47 98.67
12:31:17 -1.24 50.47 98.67
12:31:18 -1.36 50.47 98.68
12:31:19 -1.69 50.47 98.68
12:31:20 -2.12 50.47 98.67
12:31:21 -2.19 50.47 98.67
12:31:22 -2.34 50.47 98.67
12:31:23 -2.44 50.47 98.67
12:31:24 -2.86 50.47 98.67
12:31:25 -2.54 50.47 98.67
12:31:26 -3.01 50.47 98.67
12:31:27 -2.84 50.47 98.68
12:31:28 -2.63 50.47 98.68
12:31:29 1.81 50.47 98.68
12:31:30 25.96 50.47 98.68
12:31:31 53.58 50.47 98.68
12:31:32 157.24 50.47 98.68
12:31:33 334.93 50.47 98.68
12:31:34 541.21 50.47 98.68
12:31:35 705.92 50.47 98.68
12:31:36 770.69 50.47 98.68
12:31:37 738.00 50.47 98.68
12:31:38 635.18 50.47 98.68
12:31:39 506.06 50.47 98.68
12:31:40 384.26 50.47 98.68
12:31:41 270.11 50.47 98.68
12:31:42 182.12 50.47 98.68
12:31:43 125.24 50.47 98.68
12:31:44 88.20 50.47 98.68
12:31:45 62.83 50.47 98.68
12:31:46 47.01 50.47 98.68
12:31:47 35.65 50.47 98.68
12:31:48 28.20 50.47 98.68
12:31:49 22.09 50.47 98.68
12:31:50 17.43 50.47 98.68
12:31:51 13.99 50.47 98.68
12:31:52 11.13 50.47 98.68
12:31:53 10.04 50.47 98.68
12:31:54 7.81 50.47 98.68
12:31:55 6.24 50.47 98.68
12:31:56 4.63 50.47 98.68
12:31:57 3.45 50.47 98.68
12:31:58 2.40 50.47 98.68
12:31:59 1.39 50.47 98.68
12:32:00 0.69 50.47 98.68
12:32:01 0.53 50.47 98.68
12:32:02 -0.17 50.47 98.68
12:32:03 -0.49 50.47 98.68
12:32:04 -0.80 50.47 98.68
12:32:05 -1.28 50.47 98.68
12:32:06 -1.74 50.47 98.68
12:32:07 -1.98 50.47 98.68
12:32:08 -2.25 50.47 98.68
12:32:09 -2.15 50.47 98.68
12:32:10 -2.60 50.47 98.68
12:32:11 -3.01 50.47 98.68
12:32:12 -2.74 50.47 98.68
12:32:13 -2.63 50.47 98.68
12:32:14 -3.25 50.47 98.68
12:32:15 -3.15 50.47 98.68
12:32:16 -3.25 50.47 98.68
12:32:17 -3.22 50.47 98.68
12:32:18 -3.35 50.47 98.68
12:32:19 -3.55 50.47 98.68
12:32:20 -3.38 50.47 98.68
12:32:21 -3.77 50.47 98.70
12:32:22 -3.85 50.47 98.70
12:32:23 -3.63 50.47 98.68
12:32:24 -3.52 50.47 98.68
12:32:25 -3.70 50.47 98.68
12:32:26 -3.92 50.47 98.68
12:32:27 -3.66 50.47 98.68
12:32:28 -3.78 50.47 98.70
12:32:29 -3.80 50.47 98.68
12:32:30 -3.54 50.47 98.68
12:32:31 -3.48 50.47 98.68
12:32:32 -4.15 50.47 98.68
12:32:33 -3.87 50.47 98.70
12:32:34 -3.89 50.47 98.70
12:32:35 -3.92 50.47 98.68
12:32:36 -4.05 50.47 98.68
12:32:37 -4.15 50.47 98.68
12:32:38 -4.46 50.47 98.70
12:32:39 -3.98 50.47 98.68
12:32:40 -3.99 50.47 98.68
12:32:41 -4.05 50.47 98.70
12:32:42 -4.29 50.47 98.68
12:32:43 -4.05 50.47 98.68
12:32:44 -4.18 50.47 98.70
12:32:45 -4.47 50.47 98.70
12:32:46 -4.20 50.47 98.68
12:32:47 -3.92 50.47 98.68
12:32:48 -4.15 50.47 98.68
12:32:49 -4.37 50.47 98.68
12:32:50 -4.07 50.47 98.70
12:32:51 -4.10 50.47 98.70
12:32:52 -4.18 50.47 98.70
12:32:53 -4.07 50.47 98.70
12:32:54 -4.38 50.47 98.68
12:32:55 -3.87 50.47 98.68
12:32:56 -4.42 50.47 98.70
12:32:57 -3.97 50.47 98.70
12:32:58 -3.98 50.47 98.70
12:32:59 -4.00 50.47 98.70
12:33:00 -4.65 50.47 98.70
12:33:01 -4.58 50.47 98.70
12:33:02 -4.30 50.47 98.70
12:33:03 -4.12 50.47 98.70
12:33:04 -4.34 50.47 98.70
12:33:05 -4.23 50.47 98.70
12:33:06 -4.28 50.47 98.70
12:33:07 -4.18 50.47 98.70
12:33:08 -4.41 50.47 98.70
12:33:09 -4.05 50.47 98.70
12:33:10 -1.44 50.47 98.70
12:33:11 7.38 50.47 98.70
12:33:12 28.78 50.47 98.70
12:33:13 62.25 50.47 98.70
12:33:14 101.29 50.47 98.70
12:33:15 131.41 50.47 98.70
12:33:16 143.21 50.47 98.70
12:33:17 135.36 50.47 98.70
12:33:18 114.95 50.47 98.70
12:33:19 89.55 50.47 98.70
12:33:20 76.88 50.47 98.70
12:33:21 53.94 50.47 98.70
12:33:22 34.37 50.47 98.70
12:33:23 21.35 50.47 98.70
12:33:24 12.58 50.47 98.70
12:33:25 7.52 50.47 98.70
12:33:26 4.09 50.47 98.70
12:33:27 2.06 50.47 98.70
12:33:28 0.57 50.47 98.70
12:33:29 -0.33 50.47 98.70
12:33:30 -1.36 50.47 98.70
12:33:31 -1.94 50.47 98.70
12:33:32 -2.21 50.47 98.70
12:33:33 -2.63 50.47 98.70
12:33:34 -2.89 50.47 98.70
12:33:35 -2.81 50.47 98.70
12:33:36 -3.46 50.47 98.70
12:33:37 -2.84 50.47 98.70
12:33:38 -4.16 50.47 98.70
12:33:39 -3.77 50.47 98.70
12:33:40 -3.41 50.47 98.70
12:33:41 -3.76 50.47 98.70
12:33:42 -3.74 50.47 98.68
12:33:43 -3.88 50.47 98.68
12:33:44 -3.86 50.47 98.70
12:33:45 -4.27 50.47 98.70
12:33:46 -4.13 50.47 98.70
12:33:47 -3.68 50.47 98.70
12:33:48 -1.25 50.47 98.70
12:33:49 12.28 50.47 98.70
12:33:50 51.81 50.47 98.70
12:33:51 130.81 50.47 98.70
12:33:52 242.84 50.47 98.70
12:33:53 352.62 50.47 98.70
12:33:54 421.42 50.47 98.70
12:33:55 431.03 50.47 98.70
12:33:56 390.27 50.47 98.70
12:33:57 322.56 50.47 98.70
12:33:58 249.33 50.47 98.70
12:33:59 183.28 50.47 98.70
12:34:00 122.99 50.47 98.70
12:34:01 83.22 50.47 98.70
12:34:02 57.66 50.47 98.70
12:34:03 47.83 50.47 98.70
12:34:04 33.42 50.47 98.70
12:34:05 24.70 50.47 98.70
12:34:06 18.50 50.47 98.70
12:34:07 13.55 50.47 98.70
12:34:08 10.47 50.47 98.70
12:34:09 8.14 50.47 98.70
12:34:10 5.89 50.47 98.70
12:34:11 4.10 50.47 98.70
12:34:12 3.37 50.47 98.70
12:34:13 2.05 50.47 98.70
12:34:14 1.00 50.47 98.70
12:34:15 0.58 50.47 98.70
12:34:16 -0.46 50.47 98.70
12:34:17 -0.79 50.47 98.70
12:34:18 -1.03 50.47 98.70
12:34:19 -1.56 50.47 98.70
12:34:20 -1.85 50.47 98.70
12:34:21 -2.77 50.47 98.70
12:34:22 -2.36 50.47 98.70
12:34:23 -2.61 50.47 98.70
12:34:24 -2.67 50.47 98.70
12:34:25 -2.98 50.47 98.70
12:34:26 -2.95 50.47 98.70
12:34:27 -3.38 50.47 98.70
12:34:28 -2.94 50.47 98.70
12:34:29 -3.20 50.47 98.70
12:34:30 -3.82 50.47 98.70
12:34:31 -3.43 50.47 98.70
12:34:32 -0.65 50.47 98.70
12:34:33 7.18 50.47 98.70
12:34:34 24.96 50.47 98.70
12:34:35 52.80 50.47 98.70
12:34:36 82.87 50.47 98.70
12:34:37 104.55 50.47 98.70
12:34:38 110.79 50.47 98.70
12:34:39 103.48 50.47 98.70
12:34:40 85.51 50.47 98.70
12:34:41 65.77 50.47 98.70
12:34:42 46.95 50.47 98.70
12:34:43 29.42 50.47 98.70
12:34:44 18.41 50.47 98.70
12:34:45 10.97 50.47 98.70
12:34:46 6.42 50.47 98.70
12:34:47 4.99 50.47 98.70
12:34:48 2.49 50.47 98.70
12:34:49 0.84 50.47 98.70
12:34:50 -0.18 50.47 98.70
12:34:51 -1.01 50.47 98.70
12:34:52 -1.93 50.47 98.70
12:34:53 -2.10 50.47 98.70
12:34:54 -2.65 50.47 98.70
12:34:55 -2.76 50.47 98.70
12:34:56 -2.99 50.47 98.70
12:34:57 -3.04 50.47 98.70
12:34:58 -3.53 50.47 98.71
12:34:59 -3.58 50.47 98.71
12:35:00 -3.58 50.47 98.70
12:35:01 -3.89 50.47 98.70
12:35:02 -3.55 50.47 98.70
12:35:03 -3.73 50.47 98.70
12:35:04 -3.91 50.47 98.70
12:35:05 -3.76 50.47 98.70
12:35:06 -4.20 50.47 98.70
12:35:07 -3.96 50.47 98.70
12:35:08 -3.75 50.47 98.70
12:35:09 -3.83 50.47 98.70
12:35:10 -1.08 50.47 98.70
12:35:11 8.20 50.47 98.70
12:35:12 32.37 50.47 98.70
12:35:13 73.52 50.47 98.70
12:35:14 123.39 50.47 98.70
12:35:15 165.69 50.47 98.70
12:35:16 184.69 50.47 98.70
12:35:17 179.77 50.47 98.70
12:35:18 155.11 50.47 98.70
12:35:19 124.20 50.47 98.70
12:35:20 92.31 50.47 98.70
12:35:21 61.17 50.47 98.70
12:35:22 40.89 50.47 98.71
12:35:23 26.73 50.47 98.71
12:35:24 17.72 50.47 98.71
12:35:25 11.69 50.47 98.71
12:35:26 8.19 50.47 98.71
12:35:27 4.90 50.47 98.71
12:35:28 3.34 50.47 98.71
12:35:29 2.41 50.47 98.71
12:35:30 1.34 50.47 98.71
12:35:31 0.29 50.47 98.71
12:35:32 -0.22 50.47 98.71
12:35:33 -0.53 50.47 98.71
12:35:34 -1.78 50.47 98.71
12:35:35 -1.85 50.47 98.71
12:35:36 -2.45 50.47 98.71
12:35:37 -2.60 50.47 98.71
12:35:38 -3.04 50.47 98.71
12:35:39 -3.16 50.47 98.71
12:35:40 -3.11 50.47 98.71
12:35:41 -3.55 50.47 98.71
12:35:42 -2.95 50.47 98.71
12:35:43 -3.50 50.47 98.71
12:35:44 -3.53 50.47 98.71
12:35:45 -3.49 50.47 98.71
12:35:46 -3.30 50.47 98.71
12:35:47 -1.98 50.47 98.71
12:35:48 5.10 50.47 98.71
12:35:49 22.31 50.47 98.71
12:35:50 53.64 50.47 98.71
12:35:51 92.49 50.47 98.71
12:35:52 111.17 50.47 98.71
12:35:53 137.86 50.47 98.71
12:35:54 144.12 50.47 98.71
12:35:55 132.76 50.47 98.71
12:35:56 110.65 50.47 98.71
12:35:57 84.48 50.47 98.71
12:35:58 61.40 50.47 98.71
12:35:59 42.35 50.47 98.71
12:36:00 28.81 50.47 98.71
12:36:01 17.70 50.47 98.71
12:36:02 10.90 50.47 98.71
12:36:03 6.94 50.47 98.71
12:36:04 3.87 50.47 98.71
12:36:05 1.91 50.47 98.71
12:36:06 0.64 50.47 98.71
12:36:07 0.03 50.47 98.71
12:36:08 -1.01 50.47 98.71
12:36:09 -1.42 50.47 98.71
12:36:10 -2.21 50.47 98.71
12:36:11 -2.08 50.47 98.71
12:36:12 -2.83 50.47 98.71
12:36:13 -2.86 50.47 98.71
12:36:14 -2.94 50.47 98.71
12:36:15 -3.34 50.47 98.71
12:36:16 -3.36 50.47 98.71
12:36:17 -3.57 50.47 98.71
12:36:18 -3.71 50.47 98.71
12:36:19 -3.94 50.47 98.71
12:36:20 -4.00 50.47 98.71
12:36:21 -3.76 50.47 98.71
12:36:22 -3.98 50.47 98.71
12:36:23 -3.81 50.47 98.71
12:36:24 -4.03 50.47 98.71
12:36:25 -3.41 50.47 98.71
12:36:26 -3.09 50.47 98.71
12:36:27 3.46 50.47 98.71
12:36:28 22.78 50.47 98.71
12:36:29 65.17 50.47 98.71
12:36:30 129.74 50.47 98.71
12:36:31 196.64 50.47 98.71
12:36:32 244.26 50.47 98.71
12:36:33 256.04 50.47 98.71
12:36:34 235.99 50.47 98.71
12:36:35 217.62 50.47 98.71
12:36:36 174.56 50.47 98.71
12:36:37 127.97 50.47 98.71
12:36:38 85.74 50.47 98.71
12:36:39 56.55 50.47 98.71
12:36:40 36.61 50.47 98.71
12:36:41 23.62 50.47 98.71
12:36:42 15.64 50.47 98.71
12:36:43 10.62 50.47 98.71
12:36:44 7.10 50.47 98.71
12:36:45 4.39 50.47 98.71
12:36:46 2.86 50.47 98.71
12:36:47 1.58 50.47 98.71
12:36:48 0.64 50.47 98.71
12:36:49 -0.23 50.47 98.71
12:36:50 -0.71 50.47 98.71
12:36:51 -1.49 50.47 98.71
12:36:52 -1.96 50.47 98.71
12:36:53 -2.43 50.47 98.71
12:36:54 -2.73 50.47 98.71
12:36:55 -3.03 50.47 98.71
12:36:56 -2.71 50.47 98.71
12:36:57 -3.34 50.47 98.71
12:36:58 -3.17 50.47 98.71
12:36:59 -3.62 50.47 98.71
12:37:00 -3.36 50.47 98.71
12:37:01 -3.63 50.47 98.71
12:37:02 -3.61 50.47 98.71
12:37:03 -3.60 50.47 98.71
12:37:04 -2.96 50.47 98.71
12:37:05 -1.02 50.47 98.71
12:37:06 3.95 50.47 98.71
12:37:07 10.74 50.47 98.71
12:37:08 18.19 50.47 98.71
12:37:09 23.69 50.47 98.71
12:37:10 24.87 50.47 98.71
12:37:11 22.41 50.47 98.71
12:37:12 17.90 50.47 98.71
12:37:13 12.64 50.47 98.71
12:37:14 7.85 50.47 98.71
12:37:15 3.44 50.47 98.71
12:37:16 0.90 50.47 98.71
12:37:17 -0.77 50.47 98.71
12:37:18 -1.31 50.47 98.71
12:37:19 -2.21 50.47 98.71
12:37:20 -2.61 50.47 98.71
12:37:21 -3.26 50.47 98.71
12:37:22 -3.38 50.47 98.71
12:37:23 -3.57 50.47 98.71
12:37:24 -3.80 50.47 98.71
12:37:25 -4.09 50.47 98.71
12:37:26 -3.58 50.47 98.71
12:37:27 -4.20 50.47 98.71
12:37:28 -3.95 50.47 98.71
12:37:29 -4.35 50.47 98.71
12:37:30 -4.27 50.47 98.70
12:37:31 -3.82 50.47 98.70
12:37:32 -4.26 50.47 98.70
12:37:33 -4.31 50.47 98.70
12:37:34 -4.13 50.47 98.70
12:37:35 -4.30 50.47 98.70
12:37:36 -4.48 50.47 98.70
12:37:37 -3.23 50.47 98.70
12:37:38 -1.52 50.47 98.70
12:37:39 4.06 50.47 98.70
12:37:40 7.87 50.47 98.70
12:37:41 16.79 50.47 98.71
12:37:42 24.59 50.47 98.70
12:37:43 29.71 50.47 98.70
12:37:44 29.58 50.47 98.70
12:37:45 25.77 50.47 98.70
12:37:46 19.86 50.47 98.70
12:37:47 14.56 50.47 98.70
12:37:48 8.70 50.47 98.70
12:37:49 3.88 50.47 98.70
12:37:50 1.23 50.47 98.70
12:37:51 -0.15 50.47 98.70
12:37:52 -1.68 50.47 98.70
12:37:53 -2.08 50.47 98.70
12:37:54 -2.86 50.47 98.70
12:37:55 -2.58 50.47 98.70
12:37:56 -3.18 50.47 98.70
12:37:57 -3.78 50.47 98.70
12:37:58 -3.58 50.47 98.70
12:37:59 -4.09 50.47 98.70
12:38:00 -4.00 50.47 98.70
12:38:01 -3.79 50.47 98.70
12:38:02 -3.98 50.47 98.70
12:38:03 -3.94 50.47 98.70
12:38:04 -4.45 50.47 98.70
12:38:05 -4.17 50.47 98.70
12:38:06 -4.14 50.47 98.70
12:38:07 -4.14 50.47 98.70
12:38:08 -4.44 50.47 98.70
12:38:09 -4.34 50.47 98.70
12:38:10 -4.06 50.47 98.70
12:38:11 -4.45 50.47 98.70
12:38:12 -4.78 50.47 98.70
12:38:13 -4.41 50.47 98.70
12:38:14 -4.18 50.47 98.70
12:38:15 -4.27 50.47 98.70
12:38:16 -4.24 50.47 98.70
12:38:17 -4.33 50.47 98.70
12:38:18 -4.24 50.47 98.70
12:38:19 -4.30 50.47 98.70
12:38:20 -4.48 50.47 98.70
12:38:21 -4.39 50.47 98.70
12:38:22 -4.48 50.47 98.70
12:38:23 -4.55 50.47 98.70
12:38:24 -4.49 50.47 98.70
12:38:25 -4.49 50.47 98.70
12:38:26 -4.06 50.47 98.70
12:38:27 -4.32 50.47 98.70
12:38:28 -4.35 50.47 98.70
12:38:29 -4.38 50.47 98.70
12:38:30 -4.28 50.47 98.70
12:38:31 -4.54 50.47 98.70
12:38:32 -4.20 50.47 98.70
12:38:33 -4.58 50.47 98.70
12:38:34 -4.27 50.47 98.70
12:38:35 -4.72 50.47 98.70
12:38:36 -4.53 50.47 98.70
12:38:37 -4.40 50.47 98.70
12:38:38 -4.36 50.47 98.70
12:38:39 -4.13 50.47 98.70
12:38:40 -3.85 50.47 98.70
12:38:41 -4.59 50.47 98.70
12:38:42 -4.56 50.47 98.70
12:38:43 -4.66 50.47 98.70
12:38:44 -4.29 50.47 98.70
12:38:45 -4.27 50.47 98.70
12:38:46 -4.31 50.47 98.70
12:38:47 -4.63 50.47 98.70
12:38:48 -4.30 50.47 98.70
12:38:49 -4.27 50.47 98.70
12:38:50 -4.67 50.47 98.70
12:38:51 -1.81 50.47 98.70
12:38:52 15.56 50.47 98.70
12:38:53 83.19 50.47 98.70
12:38:54 247.09 50.47 98.70
12:38:55 529.29 50.47 98.70
12:38:56 860.46 50.47 98.70
12:38:57 1120.40 50.47 98.70
12:38:58 1229.00 50.47 98.70
12:38:59 1180.55 50.47 98.70
12:39:00 1022.88 50.47 98.70
12:39:01 819.57 50.47 98.70
12:39:02 623.18 50.47 98.70
12:39:03 431.66 50.47 98.70
12:39:04 295.27 50.47 98.70
12:39:05 204.50 50.47 98.70
12:39:06 143.15 50.47 98.70
12:39:07 121.24 50.47 98.70
12:39:08 89.01 50.47 98.70
12:39:09 68.31 50.47 98.70
12:39:10 52.59 50.47 98.70
12:39:11 41.36 50.47 98.70
12:39:12 33.61 50.47 98.70
12:39:13 27.28 50.47 98.70
12:39:14 22.04 50.47 98.70
12:39:15 18.70 50.47 98.70
12:39:16 15.25 50.47 98.70
12:39:17 12.00 50.47 98.70
12:39:18 10.16 50.47 98.70
12:39:19 7.96 50.47 98.70
12:39:20 6.10 50.47 98.70
12:39:21 5.08 50.47 98.70
12:39:22 3.79 50.47 98.70
12:39:23 2.89 50.47 98.70
12:39:24 2.26 50.47 98.70
12:39:25 1.14 50.47 98.70
12:39:26 0.61 50.47 98.70
12:39:27 0.02 50.47 98.70
12:39:28 -0.07 50.47 98.70
12:39:29 -0.53 50.47 98.70
12:39:30 -0.51 50.47 98.70
12:39:31 -1.34 50.47 98.70
12:39:32 -1.45 50.47 98.70
12:39:33 -1.66 50.47 98.70
12:39:34 -2.33 50.47 98.70
12:39:35 -2.06 50.47 98.70
12:39:36 -2.11 50.47 98.70
12:39:37 -2.44 50.47 98.70
12:39:38 -2.96 50.47 98.70
12:39:39 -3.03 50.47 98.70
12:39:40 -2.74 50.47 98.70
12:39:41 -1.62 50.47 98.70
12:39:42 7.79 50.47 98.70
12:39:43 44.86 50.47 98.68
12:39:44 135.19 50.47 98.68
12:39:45 290.66 50.47 98.68
12:39:46 476.29 50.47 98.68
12:39:47 625.72 50.47 98.68
12:39:48 689.34 50.47 98.68
12:39:49 663.48 50.47 98.68
12:39:50 625.06 50.47 98.70
12:39:51 519.13 50.47 98.68
12:39:52 405.52 50.47 98.68
12:39:53 291.93 50.47 98.70
12:39:54 200.55 50.47 98.70
12:39:55 140.09 50.47 98.70
12:39:56 98.13 50.47 98.70
12:39:57 71.21 50.47 98.68
12:39:58 53.40 50.47 98.68
12:39:59 40.67 50.47 98.70
12:40:00 32.07 50.47 98.70
12:40:01 25.57 50.47 98.70
12:40:02 20.57 50.47 98.70
12:40:03 16.71 50.47 98.70
12:40:04 13.26 50.47 98.70
12:40:05 10.56 50.47 98.70
12:40:06 8.54 50.47 98.70
12:40:07 6.92 50.47 98.70
12:40:08 5.68 50.47 98.70
12:40:09 4.30 50.47 98.70
12:40:10 2.89 50.47 98.68
12:40:11 2.11 50.47 98.68
12:40:12 1.35 50.47 98.70
12:40:13 0.91 50.47 98.70
12:40:14 0.57 50.47 98.70
12:40:15 -0.08 50.47 98.70
12:40:16 -0.53 50.47 98.70
12:40:17 -0.94 50.47 98.70
12:40:18 -1.14 50.47 98.70
12:40:19 -2.05 50.47 98.70
12:40:20 -2.08 50.47 98.70
12:40:21 -2.15 50.47 98.70
12:40:22 -2.14 50.47 98.70
12:40:23 -2.62 50.47 98.70
12:40:24 -2.64 50.47 98.70
12:40:25 -2.64 50.47 98.68
12:40:26 -3.02 50.47 98.68
12:40:27 -2.74 50.47 98.68
12:40:28 -2.11 50.47 98.68
12:40:29 2.97 50.47 98.68
12:40:30 21.58 50.47 98.68
12:40:31 64.78 50.47 98.68
12:40:32 135.23 50.47 98.68
12:40:33 214.49 50.47 98.68
12:40:34 249.17 50.47 98.68
12:40:35 291.60 50.47 98.68
12:40:36 292.27 50.47 98.70
12:40:37 260.97 50.47 98.70
12:40:38 210.60 50.47 98.70
12:40:39 158.97 50.47 98.70
12:40:40 107.89 50.47 98.70
12:40:41 69.75 50.47 98.70
12:40:42 45.93 50.47 98.70
12:40:43 30.04 50.47 98.70
12:40:44 20.05 50.47 98.68
12:40:45 13.80 50.47 98.68
12:40:46 9.34 50.47 98.70
12:40:47 6.50 50.47 98.70
12:40:48 4.14 50.47 98.70
12:40:49 3.13 50.47 98.70
12:40:50 1.45 50.47 98.70
12:40:51 0.27 50.47 98.70
12:40:52 -0.30 50.47 98.70
12:40:53 -0.82 50.47 98.70
12:40:54 -1.14 50.47 98.68
12:40:55 -1.58 50.47 98.68
12:40:56 -1.96 50.47 98.68
12:40:57 -2.63 50.47 98.68
12:40:58 -2.35 50.47 98.70
12:40:59 -3.01 50.47 98.68
12:41:00 -2.68 50.47 98.68
12:41:01 -3.42 50.47 98.70
12:41:02 -3.12 50.47 98.68
12:41:03 -3.32 50.47 98.68
12:41:04 -3.00 50.47 98.68
12:41:05 -3.79 50.47 98.68
12:41:06 -3.85 50.47 98.68
12:41:07 -3.41 50.47 98.68
12:41:08 -2.12 50.47 98.68
12:41:09 9.95 50.47 98.68
12:41:10 54.83 50.47 98.68
12:41:11 161.07 50.47 98.68
12:41:12 340.52 50.47 98.68
12:41:13 549.50 50.47 98.68
12:41:14 714.33 50.47 98.68
12:41:15 779.52 50.47 98.68
12:41:16 743.16 50.47 98.68
12:41:17 696.96 50.47 98.68
12:41:18 573.13 50.47 98.68
12:41:19 442.26 50.47 98.68
12:41:20 321.89 50.47 98.68
12:41:21 214.52 50.47 98.70
12:41:22 144.00 50.47 98.70
12:41:23 97.52 50.47 98.68
12:41:24 67.48 50.47 98.68
12:41:25 47.96 50.47 98.68
12:41:26 35.09 50.47 98.70
12:41:27 26.09 50.47 98.70
12:41:28 20.11 50.47 98.70
12:41:29 15.65 50.47 98.70
12:41:30 12.04 50.47 98.70
12:41:31 9.28 50.47 98.70
12:41:32 7.35 50.47 98.70
12:41:33 5.39 50.47 98.70
12:41:34 3.62 50.47 98.70
12:41:35 2.69 50.47 98.68
12:41:36 1.79 50.47 98.68
12:41:37 0.85 50.47 98.68
12:41:38 0.47 50.47 98.70
12:41:39 0.11 50.47 98.68
12:41:40 -0.47 50.47 98.68
12:41:41 -0.94 50.47 98.68
12:41:42 -1.94 50.47 98.68
12:41:43 -1.32 50.47 98.70
12:41:44 -2.06 50.47 98.70
12:41:45 -2.29 50.47 98.68
12:41:46 -2.51 50.47 98.68
12:41:47 -2.56 50.47 98.70
12:41:48 -2.83 50.47 98.68
12:41:49 -3.00 50.47 98.68
12:41:50 -3.06 50.47 98.68
12:41:51 -2.66 50.47 98.68
12:41:52 -3.37 50.47 98.68
12:41:53 -2.52 50.47 98.68
12:41:54 2.50 50.47 98.68
12:41:55 20.48 50.47 98.68
12:41:56 63.88 50.47 98.68
12:41:57 135.17 50.47 98.68
12:41:58 217.99 50.47 98.68
12:41:59 283.75 50.47 98.68
12:42:00 309.75 50.47 98.68
12:42:01 305.80 50.47 98.68
12:42:02 274.14 50.47 98.68
12:42:03 225.01 50.47 98.68
12:42:04 172.25 50.47 98.68
12:42:05 123.82 50.47 98.70
12:42:06 83.91 50.47 98.70
12:42:07 56.71 50.47 98.70
12:42:08 39.58 50.47 98.70
12:42:09 28.06 50.47 98.70
12:42:10 20.46 50.47 98.68
12:42:11 15.28 50.47 98.68
12:42:12 11.45 50.47 98.70
12:42:13 8.60 50.47 98.70
12:42:14 6.58 50.47 98.68
12:42:15 4.71 50.47 98.68
12:42:16 3.26 50.47 98.70
12:42:17 2.12 50.47 98.70
12:42:18 1.23 50.47 98.70
12:42:19 0.60 50.47 98.70
12:42:20 -0.21 50.47 98.70
12:42:21 -0.56 50.47 98.70
12:42:22 -0.83 50.47 98.68
12:42:23 -1.09 50.47 98.68
12:42:24 -1.81 50.47 98.68
12:42:25 -1.95 50.47 98.70
12:42:26 -2.79 50.47 98.70
12:42:27 -2.89 50.47 98.68
12:42:28 -2.68 50.47 98.68
12:42:29 -2.81 50.47 98.70
12:42:30 -3.17 50.47 98.70
12:42:31 -2.99 50.47 98.70
12:42:32 -3.08 50.47 98.70
12:42:33 -3.43 50.47 98.70
12:42:34 -3.78 50.47 98.70
12:42:35 -3.75 50.47 98.70
12:42:36 -3.57 50.47 98.70
12:42:37 -3.38 50.47 98.70
12:42:38 -3.54 50.47 98.70
12:42:39 -3.54 50.47 98.70
12:42:40 -3.79 50.47 98.70
12:42:41 -3.91 50.47 98.70
12:42:42 -4.03 50.47 98.70
12:42:43 -4.26 50.47 98.70
12:42:44 -4.00 50.47 98.70
12:42:45 -3.62 50.47 98.70
12:42:46 -3.90 50.47 98.70
12:42:47 -4.19 50.47 98.70
12:42:48 -4.21 50.47 98.70
12:42:49 -4.29 50.47 98.70
12:42:50 -4.18 50.47 98.70
12:42:51 -4.14 50.47 98.70
12:42:52 -4.04 50.47 98.70
12:42:53 -4.10 50.47 98.70
12:42:54 -4.25 50.47 98.70
12:42:55 -4.03 50.47 98.70
12:42:56 -4.50 50.47 98.70
12:42:57 -4.52 50.47 98.70
12:42:58 -3.71 50.47 98.70
12:42:59 -4.08 50.47 98.70
12:43:00 -4.22 50.47 98.70
12:43:01 -4.12 50.47 98.70
12:43:02 -4.45 50.47 98.70
12:43:03 -4.15 50.47 98.70
12:43:04 -4.27 50.47 98.70
12:43:05 -4.18 50.47 98.70
12:43:06 -4.19 50.47 98.70
12:43:07 -3.99 50.47 98.70
12:43:08 -4.62 50.47 98.70
12:43:09 -4.01 50.47 98.70
12:43:10 -2.22 50.47 98.70
12:43:11 4.86 50.47 98.68
12:43:12 23.36 50.47 98.68
12:43:13 56.34 50.47 98.70
12:43:14 97.49 50.47 98.70
12:43:15 133.66 50.47 98.70
12:43:16 152.02 50.47 98.70
12:43:17 149.55 50.47 98.70
12:43:18 130.25 50.47 98.70
12:43:19 104.12 50.47 98.70
12:43:20 77.52 50.47 98.70
12:43:21 52.39 50.47 98.70
12:43:22 33.64 50.47 98.70
12:43:23 21.09 50.47 98.70
12:43:24 13.28 50.47 98.70
12:43:25 8.05 50.47 98.70
12:43:26 5.29 50.47 98.70
12:43:27 3.66 50.47 98.70
12:43:28 2.18 50.47 98.70
12:43:29 0.70 50.47 98.70
12:43:30 -0.36 50.47 98.70
12:43:31 -0.96 50.47 98.70
12:43:32 -1.74 50.47 98.70
12:43:33 -1.69 50.47 98.70
12:43:34 -2.48 50.47 98.70
12:43:35 -2.81 50.47 98.70
12:43:36 -2.94 50.47 98.70
12:43:37 -3.19 50.47 98.70
12:43:38 -3.41 50.47 98.70
12:43:39 -3.65 50.47 98.70
12:43:40 -3.56 50.47 98.70
12:43:41 -3.69 50.47 98.70
12:43:42 -3.74 50.47 98.70
12:43:43 -3.83 50.47 98.70
12:43:44 -3.86 50.47 98.70
12:43:45 -3.47 50.47 98.70
12:43:46 -4.24 50.47 98.70
12:43:47 -3.96 50.47 98.70
12:43:48 -3.87 50.47 98.70
12:43:49 -3.79 50.47 98.70
12:43:50 -0.61 50.47 98.70
12:43:51 6.36 50.47 98.70
12:43:52 22.34 50.47 98.70
12:43:53 46.51 50.47 98.70
12:43:54 70.78 50.47 98.70
12:43:55 88.34 50.47 98.70
12:43:56 92.19 50.47 98.70
12:43:57 84.01 50.47 98.70
12:43:58 69.37 50.47 98.70
12:43:59 51.95 50.47 98.70
12:44:00 37.23 50.47 98.70
12:44:01 22.66 50.47 98.70
12:44:02 13.21 50.47 98.70
12:44:03 7.37 50.47 98.70
12:44:04 4.25 50.47 98.70
12:44:05 1.72 50.47 98.70
12:44:06 0.04 50.47 98.70
12:44:07 -1.19 50.47 98.70
12:44:08 -1.78 50.47 98.70
12:44:09 -2.21 50.47 98.70
12:44:10 -2.58 50.47 98.70
12:44:11 -2.57 50.47 98.70
12:44:12 -3.09 50.47 98.70
12:44:13 -3.35 50.47 98.70
12:44:14 -3.40 50.47 98.70
12:44:15 -3.47 50.47 98.70
12:44:16 -3.90 50.47 98.71
12:44:17 -4.13 50.47 98.70
12:44:18 -3.97 50.47 98.70
12:44:19 -3.66 50.47 98.70
12:44:20 -4.08 50.47 98.70
12:44:21 -4.14 50.47 98.70
12:44:22 -4.06 50.47 98.70
12:44:23 -4.60 50.47 98.70
12:44:24 -4.51 50.47 98.70
12:44:25 -3.88 50.47 98.70
12:44:26 -4.38 50.47 98.70
12:44:27 -4.32 50.47 98.70
12:44:28 -3.97 50.47 98.70
12:44:29 -4.39 50.47 98.70
12:44:30 -3.92 50.47 98.70
12:44:31 -4.18 50.47 98.70
12:44:32 -4.63 50.47 98.70
12:44:33 -4.69 50.47 98.70
12:44:34 -4.39 50.47 98.70
12:44:35 -4.19 50.47 98.70
12:44:36 -4.33 50.47 98.70
12:44:37 -4.65 50.47 98.70
12:44:38 -4.38 50.47 98.70
12:44:39 -4.50 50.47 98.70
12:44:40 -3.91 50.47 98.70
12:44:41 -4.52 50.47 98.70
12:44:42 -4.11 50.47 98.71
12:44:43 -4.37 50.47 98.70
12:44:44 -4.22 50.47 98.70
12:44:45 -4.14 50.47 98.70
12:44:46 -4.52 50.47 98.71
12:44:47 -4.59 50.47 98.71
12:44:48 -4.32 50.47 98.70
12:44:49 -4.32 50.47 98.70
12:44:50 -4.26 50.47 98.71
12:44:51 -4.15 50.47 98.70
12:44:52 -4.20 50.47 98.70
12:44:53 -4.38 50.47 98.71
12:44:54 -4.11 50.47 98.71
12:44:55 -4.58 50.47 98.71
12:44:56 -4.37 50.47 98.70
12:44:57 -4.73 50.47 98.70
12:44:58 -4.40 50.47 98.70
12:44:59 -4.32 50.47 98.71
12:45:00 -4.51 50.47 98.71
12:45:01 -4.22 50.47 98.71
12:45:02 -4.64 50.47 98.71
12:45:03 -4.33 50.47 98.71
12:45:04 -4.59 50.47 98.71
12:45:05 -4.24 50.47 98.71
12:45:06 -4.09 50.47 98.71
12:45:07 -4.55 50.47 98.71
12:45:08 -4.46 50.47 98.71
12:45:09 -4.46 50.47 98.71
12:45:10 -4.79 50.47 98.71
12:45:11 -4.21 50.47 98.71
12:45:12 -4.50 50.47 98.71
12:45:13 -4.45 50.47 98.71
12:45:14 -4.50 50.47 98.71
12:45:15 -4.45 50.47 98.71
12:45:16 -4.48 50.47 98.71
12:45:17 -4.66 50.47 98.71
12:45:18 -4.25 50.47 98.71
12:45:19 -4.37 50.47 98.71
12:45:20 -4.52 50.47 98.71
12:45:21 -4.21 50.47 98.71
12:45:22 -4.74 50.47 98.71
12:45:23 -4.29 50.47 98.71
12:45:24 -4.31 50.47 98.71
12:45:25 -4.30 50.47 98.71
12:45:26 -4.34 50.47 98.71
12:45:27 -4.58 50.47 98.71
12:45:28 -4.55 50.47 98.71
12:45:29 -4.41 50.47 98.71
12:45:30 -4.46 50.47 98.71
12:45:31 -4.26 50.47 98.71
12:45:32 -4.22 50.47 98.70
12:45:33 -4.51 50.47 98.70
12:45:34 -4.27 50.47 98.71
12:45:35 -4.48 50.47 98.71
12:45:36 -4.55 50.47 98.71
12:45:37 -2.15 50.47 98.71
12:45:38 1.45 50.47 98.71
12:45:39 22.98 50.47 98.71
12:45:40 76.35 50.47 98.71
12:45:41 168.97 50.47 98.71
12:45:42 282.38 50.47 98.71
12:45:43 375.92 50.47 98.71
12:45:44 418.74 50.47 98.71
12:45:45 405.49 50.47 98.71
12:45:46 351.50 50.47 98.71
12:45:47 280.33 50.47 98.71
12:45:48 211.24 50.47 98.71
12:45:49 148.49 50.47 98.71
12:45:50 97.03 50.47 98.71
12:45:51 63.96 50.47 98.71
12:45:52 42.89 50.47 98.71
12:45:53 28.90 50.47 98.71
12:45:54 20.13 50.47 98.71
12:45:55 14.89 50.47 98.71
12:45:56 10.23 50.47 98.71
12:45:57 7.37 50.47 98.71
12:45:58 5.35 50.47 98.71
12:45:59 4.29 50.47 98.71
12:46:00 2.66 50.47 98.71
12:46:01 1.84 50.47 98.71
12:46:02 0.98 50.47 98.71
12:46:03 -0.20 50.47 98.71
12:46:04 -0.83 50.47 98.71
12:46:05 -1.27 50.47 98.71
12:46:06 -1.76 50.47 98.71
12:46:07 -2.06 50.47 98.71
12:46:08 -2.42 50.47 98.71
12:46:09 -2.39 50.47 98.71
12:46:10 -2.48 50.47 98.71
12:46:11 -3.29 50.47 98.71
12:46:12 -3.12 50.47 98.71
12:46:13 -3.35 50.47 98.71
12:46:14 -3.19 50.47 98.71
12:46:15 -3.76 50.47 98.71
12:46:16 -3.32 50.47 98.71
12:46:17 -4.00 50.47 98.71
12:46:18 -3.37 50.47 98.71
12:46:19 -4.04 50.47 98.71
12:46:20 -3.85 50.47 98.71
12:46:21 -3.92 50.47 98.71
12:46:22 -4.34 50.47 98.71
12:46:23 -4.09 50.47 98.71
12:46:24 -3.76 50.47 98.71
12:46:25 -3.90 50.47 98.71
12:46:26 -3.76 50.47 98.71
12:46:27 -4.49 50.47 98.71
12:46:28 -4.05 50.47 98.71
12:46:29 -4.03 50.47 98.71
12:46:30 -4.39 50.47 98.71
12:46:31 -3.95 50.47 98.71
12:46:32 -4.17 50.47 98.71
12:46:33 -4.32 50.47 98.71
12:46:34 -4.40 50.47 98.71
12:46:35 -4.47 50.47 98.71
12:46:36 -4.45 50.47 98.71
12:46:37 -4.47 50.47 98.71
12:46:38 -4.65 50.47 98.71
12:46:39 -4.44 50.47 98.71
12:46:40 -4.62 50.47 98.71
12:46:41 -4.54 50.47 98.71
12:46:42 -4.14 50.47 98.71
12:46:43 -4.17 50.47 98.71
12:46:44 -4.46 50.47 98.71
12:46:45 -4.20 50.47 98.71
12:46:46 -4.49 50.47 98.71
12:46:47 -4.13 50.47 98.71
12:46:48 -4.56 50.47 98.71
12:46:49 -4.16 50.47 98.71
12:46:50 -4.46 50.47 98.71
12:46:51 -4.33 50.47 98.71
12:46:52 -4.72 50.47 98.71
12:46:53 -4.69 50.47 98.72
12:46:54 -4.05 50.47 98.71
12:46:55 -4.64 50.47 98.71
12:46:56 -4.10 50.47 98.71
12:46:57 -4.54 50.47 98.71
12:46:58 -4.46 50.47 98.71
12:46:59 -4.75 50.47 98.71
12:47:00 -4.37 50.47 98.71
12:47:01 -4.36 50.47 98.71
12:47:02 -3.62 50.47 98.71
12:47:03 0.03 50.47 98.71
12:47:04 4.49 50.47 98.71
12:47:05 22.25 50.47 98.71
12:47:06 52.23 50.47 98.71
12:47:07 88.46 50.47 98.71
12:47:08 118.05 50.47 98.71
12:47:09 131.98 50.47 98.71
12:47:10 128.00 50.47 98.71
12:47:11 110.36 50.47 98.71
12:47:12 86.98 50.47 98.71
12:47:13 64.57 50.47 98.71
12:47:14 45.68 50.47 98.71
12:47:15 29.41 50.47 98.71
12:47:16 18.45 50.47 98.71
12:47:17 11.48 50.47 98.71
12:47:18 6.98 50.47 98.71
12:47:19 4.11 50.47 98.71
12:47:20 2.47 50.47 98.71
12:47:21 0.68 50.47 98.71
12:47:22 -0.59 50.47 98.71
12:47:23 -0.77 50.47 98.71
12:47:24 -1.31 50.47 98.71
12:47:25 -2.04 50.47 98.71
12:47:26 -2.64 50.47 98.71
12:47:27 -2.22 50.47 98.71
12:47:28 -3.16 50.47 98.72
12:47:29 -3.44 50.47 98.71
12:47:30 -3.30 50.47 98.71
12:47:31 -3.31 50.47 98.71
12:47:32 -3.26 50.47 98.71
12:47:33 -3.74 50.47 98.71
12:47:34 -3.81 50.47 98.71
12:47:35 -3.96 50.47 98.71
12:47:36 -3.93 50.47 98.71
12:47:37 -3.83 50.47 98.71
12:47:38 -1.89 50.47 98.71
12:47:39 8.70 50.47 98.71
12:47:40 40.30 50.47 98.71
12:47:41 103.70 50.47 98.71
12:47:42 195.23 50.47 98.71
12:47:43 285.45 50.47 98.71
12:47:44 343.19 50.47 98.71
12:47:45 352.98 50.47 98.71
12:47:46 319.42 50.47 98.71
12:47:47 263.53 50.47 98.71
12:47:48 232.42 50.47 98.71
12:47:49 174.47 50.47 98.71
12:47:50 118.69 50.47 98.71
12:47:51 77.90 50.47 98.71
12:47:52 51.61 50.47 98.71
12:47:53 34.63 50.47 98.71
12:47:54 23.39 50.47 98.71
12:47:55 16.31 50.47 98.72
12:47:56 11.59 50.47 98.72
12:47:57 8.00 50.47 98.72
12:47:58 5.50 50.47 98.71
12:47:59 3.59 50.47 98.71
12:48:00 2.39 50.47 98.72
12:48:01 1.00 50.47 98.72
12:48:02 0.59 50.47 98.71
12:48:03 -0.35 50.47 98.71
12:48:04 -1.05 50.47 98.72
12:48:05 -1.68 50.47 98.71
12:48:06 -2.27 50.47 98.71
12:48:07 -1.93 50.47 98.71
12:48:08 -2.63 50.47 98.71
12:48:09 -2.72 50.47 98.71
12:48:10 -2.94 50.47 98.71
12:48:11 -3.11 50.47 98.71
12:48:12 -3.40 50.47 98.71
12:48:13 -3.14 50.47 98.71
12:48:14 -3.46 50.47 98.71
12:48:15 -3.56 50.47 98.71
12:48:16 -3.62 50.47 98.71
12:48:17 -3.69 50.47 98.71
12:48:18 -3.98 50.47 98.71
12:48:19 -3.66 50.47 98.71
12:48:20 -3.77 50.47 98.72
12:48:21 -4.33 50.47 98.72
12:48:22 -3.72 50.47 98.72
12:48:23 -4.11 50.47 98.71
12:48:24 -3.62 50.47 98.71
12:48:25 -4.01 50.47 98.71
12:48:26 -4.14 50.47 98.72
12:48:27 -4.24 50.47 98.72
12:48:28 -3.98 50.47 98.72
12:48:29 -4.62 50.47 98.72
12:48:30 -4.46 50.47 98.72
12:48:31 -4.45 50.47 98.72
12:48:32 -3.93 50.47 98.72
12:48:33 -4.40 50.47 98.72
12:48:34 -3.98 50.47 98.72
12:48:35 -4.52 50.47 98.71
12:48:36 -4.31 50.47 98.71
12:48:37 -4.29 50.47 98.71
12:48:38 -4.37 50.47 98.71
12:48:39 -4.35 50.47 98.71
12:48:40 -3.22 50.47 98.71
12:48:41 4.92 50.47 98.71
12:48:42 38.46 50.47 98.71
12:48:43 122.50 50.47 98.71
12:48:44 271.90 50.47 98.72
12:48:45 454.17 50.47 98.71
12:48:46 607.94 50.47 98.71
12:48:47 678.71 50.47 98.72
12:48:48 678.25 50.47 98.72
12:48:49 570.72 50.47 98.71
12:48:50 455.67 50.47 98.71
12:48:51 343.72 50.47 98.71
12:48:52 293.23 50.47 98.71
12:48:53 209.54 50.47 98.71
12:48:54 147.23 50.47 98.71
12:48:55 104.10 50.47 98.72
12:48:56 73.55 50.47 98.72
12:48:57 53.32 50.47 98.72
12:48:58 39.33 50.47 98.72
12:48:59 29.25 50.47 98.72
12:49:00 22.34 50.47 98.72
12:49:01 17.14 50.47 98.72
12:49:02 12.92 50.47 98.72
12:49:03 9.41 50.47 98.72
12:49:04 6.86 50.47 98.72
12:49:05 5.00 50.47 98.72
12:49:06 3.98 50.47 98.72
12:49:07 2.34 50.47 98.72
12:49:08 2.05 50.47 98.72
12:49:09 0.44 50.47 98.72
12:49:10 0.36 50.47 98.72
12:49:11 -0.82 50.47 98.72
12:49:12 -0.73 50.47 98.72
12:49:13 -1.37 50.47 98.72
12:49:14 -1.91 50.47 98.72
12:49:15 -1.58 50.47 98.72
12:49:16 -2.13 50.47 98.72
12:49:17 -2.70 50.47 98.72
12:49:18 -2.60 50.47 98.72
12:49:19 -2.67 50.47 98.72
12:49:20 -3.18 50.47 98.72
12:49:21 -3.30 50.47 98.72
12:49:22 -3.35 50.47 98.72
12:49:23 -3.11 50.47 98.72
12:49:24 -3.92 50.47 98.72
12:49:25 -3.62 50.47 98.72
12:49:26 -3.75 50.47 98.72
12:49:27 -3.57 50.47 98.72
12:49:28 -3.93 50.47 98.72
12:49:29 -4.04 50.47 98.72
12:49:30 -3.70 50.47 98.72
12:49:31 -3.82 50.47 98.72
12:49:32 -4.08 50.47 98.72
12:49:33 -3.96 50.47 98.71
12:49:34 -3.39 50.47 98.71
12:49:35 -1.48 50.47 98.72
12:49:36 5.91 50.47 98.72
12:49:37 23.87 50.47 98.72
12:49:38 53.86 50.47 98.72
12:49:39 89.09 50.47 98.72
12:49:40 116.72 50.47 98.71
12:49:41 128.46 50.47 98.71
12:49:42 122.23 50.47 98.72
12:49:43 104.54 50.47 98.72
12:49:44 81.69 50.47 98.72
12:49:45 58.69 50.47 98.72
12:49:46 38.01 50.47 98.72
12:49:47 24.16 50.47 98.72
12:49:48 14.49 50.47 98.72
12:49:49 8.78 50.47 98.72
12:49:50 5.23 50.47 98.72
12:49:51 2.52 50.47 98.72
12:49:52 0.91 50.47 98.72
12:49:53 0.07 50.47 98.72
12:49:54 -0.88 50.47 98.72
12:49:55 -1.83 50.47 98.72
12:49:56 -1.89 50.47 98.72
12:49:57 -2.08 50.47 98.72
12:49:58 -2.75 50.47 98.72
12:49:59 -3.11 50.47 98.72
12:50:00 -2.74 50.47 98.72
12:50:01 -3.10 50.47 98.72
12:50:02 -3.43 50.47 98.72
12:50:03 -3.29 50.47 98.72
12:50:04 -3.67 50.47 98.72
12:50:05 -4.40 50.47 98.72
12:50:06 -3.79 50.47 98.72
12:50:07 -3.81 50.47 98.72
12:50:08 -4.08 50.47 98.72
12:50:09 -4.28 50.47 98.71
12:50:10 -4.21 50.47 98.71
12:50:11 -3.84 50.47 98.72
12:50:12 -4.36 50.47 98.72
12:50:13 -3.57 50.47 98.72
12:50:14 1.04 50.47 98.72
12:50:15 22.70 50.47 98.72
12:50:16 86.63 50.47 98.72
12:50:17 210.56 50.47 98.72
12:50:18 292.95 50.47 98.72
12:50:19 468.58 50.47 98.71
12:50:20 601.37 50.47 98.71
12:50:21 650.59 50.47 98.71
12:50:22 613.05 50.47 98.71
12:50:23 520.52 50.47 98.72
12:50:24 408.72 50.47 98.72
12:50:25 303.85 50.47 98.72
12:50:26 211.15 50.47 98.72
12:50:27 136.11 50.47 98.72
12:50:28 89.34 50.47 98.72
12:50:29 59.71 50.47 98.72
12:50:30 40.11 50.47 98.72
12:50:31 27.50 50.47 98.72
12:50:32 20.35 50.47 98.72
12:50:33 14.25 50.47 98.72
12:50:34 10.45 50.47 98.72
12:50:35 7.70 50.47 98.72
12:50:36 5.14 50.47 98.72
12:50:37 3.45 50.47 98.72
12:50:38 2.69 50.47 98.72
12:50:39 1.55 50.47 98.72
12:50:40 0.94 50.47 98.72
12:50:41 0.42 50.47 98.72
12:50:42 -0.56 50.47 98.72
12:50:43 -1.27 50.47 98.72
12:50:44 -1.49 50.47 98.72
12:50:45 -1.84 50.47 98.72
12:50:46 -2.49 50.47 98.72
12:50:47 -2.82 50.47 98.72
12:50:48 -2.67 50.47 98.72
12:50:49 -2.60 50.47 98.72
12:50:50 -2.74 50.47 98.72
12:50:51 -3.12 50.47 98.72
12:50:52 -3.31 50.47 98.72
12:50:53 -3.79 50.47 98.72
12:50:54 -3.28 50.47 98.72
12:50:55 -3.07 50.47 98.72
12:50:56 1.12 50.47 98.72
12:50:57 25.91 50.47 98.72
12:50:58 109.43 50.47 98.72
12:50:59 289.34 50.47 98.72
12:51:00 567.80 50.47 98.72
12:51:01 858.00 50.47 98.72
12:51:02 972.19 50.47 98.72
12:51:03 1094.26 50.47 98.72
12:51:04 1067.03 50.47 98.72
12:51:05 930.00 50.47 98.72
12:51:06 744.66 50.47 98.71
12:51:07 559.42 50.47 98.71
12:51:08 401.63 50.47 98.72
12:51:09 264.14 50.47 98.72
12:51:10 172.11 50.47 98.72
12:51:11 113.85 50.47 98.72
12:51:12 77.42 50.47 98.72
12:51:13 54.16 50.47 98.72
12:51:14 38.41 50.47 98.72
12:51:15 28.50 50.47 98.72
12:51:16 21.27 50.47 98.72
12:51:17 16.42 50.47 98.72
12:51:18 12.28 50.47 98.72
12:51:19 9.88 50.47 98.72
12:51:20 7.14 50.47 98.72
12:51:21 5.58 50.47 98.72
12:51:22 3.70 50.47 98.72
12:51:23 2.52 50.47 98.72
12:51:24 2.05 50.47 98.72
12:51:25 1.03 50.47 98.72
12:51:26 0.70 50.47 98.72
12:51:27 0.15 50.47 98.72
12:51:28 -0.39 50.47 98.72
12:51:29 -1.22 50.47 98.72
12:51:30 -1.38 50.47 98.72
12:51:31 -2.05 50.47 98.72
12:51:32 -1.41 50.47 98.72
12:51:33 -2.73 50.47 98.72
12:51:34 -2.69 50.47 98.72
12:51:35 -2.52 50.47 98.72
12:51:36 -2.66 50.47 98.72
12:51:37 -2.82 50.47 98.72
12:51:38 -3.14 50.47 98.72
12:51:39 -3.19 50.47 98.72
12:51:40 -3.06 50.47 98.72
12:51:41 -3.51 50.47 98.72
12:51:42 -2.50 50.47 98.71
12:51:43 0.11 50.47 98.71
12:51:44 14.84 50.47 98.72
12:51:45 31.56 50.47 98.72
12:51:46 91.53 50.47 98.72
12:51:47 188.70 50.47 98.72
12:51:48 298.40 50.47 98.72
12:51:49 382.18 50.47 98.72
12:51:50 411.93 50.47 98.72
12:51:51 389.26 50.47 98.72
12:51:52 329.85 50.47 98.72
12:51:53 259.53 50.47 98.72
12:51:54 188.17 50.47 98.72
12:51:55 125.69 50.47 98.72
12:51:56 82.27 50.47 98.72
12:51:57 53.37 50.47 98.72
12:51:58 35.30 50.47 98.72
12:51:59 23.37 50.47 98.72
12:52:00 16.08 50.47 98.72
12:52:01 11.23 50.47 98.72
12:52:02 7.78 50.47 98.72
12:52:03 5.38 50.47 98.72
12:52:04 3.71 50.47 98.72
12:52:05 1.70 50.47 98.72
12:52:06 0.70 50.47 98.72
12:52:07 0.20 50.47 98.72
12:52:08 -0.28 50.47 98.72
12:52:09 -1.01 50.47 98.72
12:52:10 -1.38 50.47 98.72
12:52:11 -1.54 50.47 98.72
12:52:12 -2.31 50.47 98.72
12:52:13 -2.38 50.47 98.72
12:52:14 -2.38 50.47 98.72
12:52:15 -2.97 50.47 98.72
12:52:16 -2.99 50.47 98.72
12:52:17 -3.10 50.47 98.72
12:52:18 -3.05 50.47 98.72
12:52:19 -3.51 50.47 98.72
12:52:20 -3.61 50.47 98.72
12:52:21 -3.37 50.47 98.72
12:52:22 -3.40 50.47 98.72
12:52:23 -3.63 50.47 98.72
12:52:24 -3.49 50.47 98.72
12:52:25 -3.97 50.47 98.72
12:52:26 -3.71 50.47 98.72
12:52:27 -3.97 50.47 98.72
12:52:28 -3.81 50.47 98.72
12:52:29 -4.11 50.47 98.72
12:52:30 -3.93 50.47 98.72
12:52:31 -4.10 50.47 98.72
12:52:32 -4.10 50.47 98.72
12:52:33 -3.67 50.47 98.72
12:52:34 -3.67 50.47 98.72
12:52:35 -4.26 50.47 98.72
12:52:36 -4.06 50.47 98.72
12:52:37 -4.36 50.47 98.72
12:52:38 -4.11 50.47 98.72
12:52:39 -4.27 50.47 98.72
12:52:40 -3.79 50.47 98.72
12:52:41 -4.38 50.47 98.72
12:52:42 -4.39 50.47 98.72
12:52:43 -4.32 50.47 98.72
12:52:44 -4.16 50.47 98.72
12:52:45 -4.34 50.47 98.72
12:52:46 -4.47 50.47 98.72
12:52:47 -4.23 50.47 98.72
12:52:48 -4.29 50.47 98.72
12:52:49 -4.07 50.47 98.72
12:52:50 -4.24 50.47 98.72
12:52:51 -4.46 50.47 98.72
12:52:52 -5.05 50.47 98.72
12:52:53 -4.03 50.47 98.72
12:52:54 -4.54 50.47 98.72
12:52:55 -4.20 50.47 98.72
12:52:56 -4.39 50.47 98.72
12:52:57 -3.89 50.47 98.72
12:52:58 -4.35 50.47 98.72
12:52:59 -4.34 50.47 98.74
12:53:00 -4.32 50.47 98.72
12:53:01 -3.20 50.47 98.72
12:53:02 1.90 50.47 98.72
12:53:03 15.29 50.47 98.74
12:53:04 40.11 50.47 98.74
12:53:05 71.79 50.47 98.74
12:53:06 100.33 50.47 98.72
12:53:07 116.09 50.47 98.72
12:53:08 116.53 50.47 98.72
12:53:09 101.76 50.47 98.72
12:53:10 82.58 50.47 98.72
12:53:11 60.44 50.47 98.74
12:53:12 49.30 50.47 98.74
12:53:13 32.27 50.47 98.74
12:53:14 20.03 50.47 98.72
12:53:15 12.39 50.47 98.72
12:53:16 7.49 50.47 98.72
12:53:17 4.87 50.47 98.72
12:53:18 2.12 50.47 98.72
12:53:19 0.75 50.47 98.74
12:53:20 -0.09 50.47 98.74
12:53:21 -1.21 50.47 98.74
12:53:22 -1.91 50.47 98.74
12:53:23 -1.88 50.47 98.72
12:53:24 -2.52 50.47 98.72
12:53:25 -3.03 50.47 98.72
12:53:26 -2.67 50.47 98.74
12:53:27 -3.56 50.47 98.74
12:53:28 -3.18 50.47 98.74
12:53:29 -4.01 50.47 98.74
12:53:30 -4.00 50.47 98.72
12:53:31 -3.71 50.47 98.72
12:53:32 -3.61 50.47 98.74
12:53:33 -3.95 50.47 98.74
12:53:34 -3.58 50.47 98.72
12:53:35 -4.16 50.47 98.72
12:53:36 -3.69 50.47 98.72
12:53:37 -2.68 50.47 98.74
12:53:38 3.99 50.47 98.74
12:53:39 21.18 50.47 98.74
12:53:40 53.77 50.47 98.74
12:53:41 96.14 50.47 98.74
12:53:42 135.05 50.47 98.74
12:53:43 157.23 50.47 98.72
12:53:44 156.16 50.47 98.72
12:53:45 138.37 50.47 98.74
12:53:46 111.35 50.47 98.74
12:53:47 84.09 50.47 98.74
12:53:48 59.52 50.47 98.74
12:53:49 40.74 50.47 98.74
12:53:50 24.54 50.47 98.74
12:53:51 14.86 50.47 98.74
12:53:52 9.20 50.47 98.74
12:53:53 5.57 50.47 98.74
12:53:54 3.04 50.47 98.74
12:53:55 1.50 50.47 98.74
12:53:56 0.80 50.47 98.74
12:53:57 -0.06 50.47 98.74
12:53:58 -1.24 50.47 98.74
12:53:59 -1.80 50.47 98.74
12:54:00 -2.24 50.47 98.74
12:54:01 -2.64 50.47 98.74
12:54:02 -2.84 50.47 98.74
12:54:03 -3.09 50.47 98.74
12:54:04 -3.07 50.47 98.74
12:54:05 -3.57 50.47 98.74
12:54:06 -3.85 50.47 98.74
12:54:07 -3.72 50.47 98.74
12:54:08 -3.53 50.47 98.74
12:54:09 -3.75 50.47 98.74
12:54:10 -4.01 50.47 98.74
12:54:11 -3.92 50.47 98.74
12:54:12 -4.04 50.47 98.74
12:54:13 -4.37 50.47 98.74
12:54:14 -3.74 50.47 98.74
12:54:15 -3.66 50.47 98.74
12:54:16 -1.51 50.47 98.74
12:54:17 -0.22 50.47 98.74
12:54:18 4.73 50.47 98.74
12:54:19 11.86 50.47 98.74
12:54:20 17.75 50.47 98.74
12:54:21 21.21 50.47 98.74
12:54:22 21.82 50.47 98.74
12:54:23 18.04 50.47 98.74
12:54:24 14.19 50.47 98.74
12:54:25 9.63 50.47 98.74
12:54:26 6.09 50.47 98.74
12:54:27 2.06 50.47 98.74
12:54:28 -0.12 50.47 98.74
12:54:29 -1.68 50.47 98.74
12:54:30 -2.25 50.47 98.74
12:54:31 -2.61 50.47 98.74
12:54:32 -3.16 50.47 98.74
12:54:33 -3.11 50.47 98.74
12:54:34 -3.56 50.47 98.74
12:54:35 -3.82 50.47 98.74
12:54:36 -4.25 50.47 98.74
12:54:37 -4.01 50.47 98.74
12:54:38 -4.07 50.47 98.74
12:54:39 -3.91 50.47 98.74
12:54:40 -4.15 50.47 98.74
12:54:41 -4.23 50.47 98.74
12:54:42 -3.88 50.47 98.74
12:54:43 -4.03 50.47 98.74
12:54:44 -4.33 50.47 98.74
12:54:45 -4.62 50.47 98.74
12:54:46 -4.09 50.47 98.74
12:54:47 -4.10 50.47 98.74
12:54:48 -4.33 50.47 98.74
12:54:49 -4.06 50.47 98.74
12:54:50 -1.94 50.47 98.74
12:54:51 6.46 50.47 98.74
12:54:52 28.24 50.47 98.74
12:54:53 67.74 50.47 98.74
12:54:54 117.28 50.47 98.74
12:54:55 160.20 50.47 98.74
12:54:56 181.49 50.47 98.74
12:54:57 177.53 50.47 98.74
12:54:58 154.65 50.47 98.74
12:54:59 123.28 50.47 98.74
12:55:00 92.65 50.47 98.74
12:55:01 78.65 50.47 98.74
12:55:02 51.47 50.47 98.74
12:55:03 33.04 50.47 98.74
12:55:04 21.38 50.47 98.74
12:55:05 13.85 50.47 98.74
12:55:06 9.09 50.47 98.74
12:55:07 5.81 50.47 98.75
12:55:08 3.73 50.47 98.75
12:55:09 2.56 50.47 98.74
12:55:10 1.00 50.47 98.74
12:55:11 -0.07 50.47 98.75
12:55:12 -0.65 50.47 98.75
12:55:13 -1.33 50.47 98.75
12:55:14 -1.84 50.47 98.75
12:55:15 -2.29 50.47 98.75
12:55:16 -2.18 50.47 98.75
12:55:17 -3.10 50.47 98.75
12:55:18 -3.38 50.47 98.75
12:55:19 -3.43 50.47 98.75
12:55:20 -3.39 50.47 98.74
12:55:21 -3.72 50.47 98.74
12:55:22 -3.64 50.47 98.74
12:55:23 -3.82 50.47 98.74
12:55:24 -3.64 50.47 98.74
12:55:25 -3.54 50.47 98.74
12:55:26 -4.07 50.47 98.74
12:55:27 -2.96 50.47 98.74
12:55:28 3.32 50.47 98.75
12:55:29 24.68 50.47 98.75
12:55:30 73.19 50.47 98.74
12:55:31 148.78 50.47 98.74
12:55:32 231.97 50.47 98.75
12:55:33 294.49 50.47 98.75
12:55:34 315.74 50.47 98.75
12:55:35 296.17 50.47 98.75
12:55:36 248.97 50.47 98.75
12:55:37 194.64 50.47 98.75
12:55:38 140.25 50.47 98.75
12:55:39 91.52 50.47 98.75
12:55:40 58.30 50.47 98.75
12:55:41 37.54 50.47 98.75
12:55:42 23.58 50.47 98.75
12:55:43 15.27 50.47 98.75
12:55:44 12.22 50.47 98.75
12:55:45 7.67 50.47 98.75
12:55:46 5.01 50.47 98.75
12:55:47 2.80 50.47 98.75
12:55:48 1.60 50.47 98.75
12:55:49 -0.14 50.47 98.75
12:55:50 -0.69 50.47 98.75
12:55:51 -1.27 50.47 98.75
12:55:52 -2.33 50.47 98.75
12:55:53 -2.13 50.47 98.75
12:55:54 -2.50 50.47 98.75
12:55:55 -2.58 50.47 98.75
12:55:56 -3.03 50.47 98.75
12:55:57 -3.20 50.47 98.75
12:55:58 -3.39 50.47 98.75
12:55:59 -3.35 50.47 98.75
12:56:00 -3.63 50.47 98.75
12:56:01 -3.27 50.47 98.75
12:56:02 -3.94 50.47 98.75
12:56:03 -4.00 50.47 98.75
12:56:04 -3.99 50.47 98.75
12:56:05 -3.95 50.47 98.75
12:56:06 -4.28 50.47 98.75
12:56:07 -4.18 50.47 98.75
12:56:08 -4.13 50.47 98.75
12:56:09 -3.77 50.47 98.75
12:56:10 -4.28 50.47 98.75
12:56:11 -4.21 50.47 98.75
12:56:12 -3.90 50.47 98.75
12:56:13 -4.29 50.47 98.75
12:56:14 -4.32 50.47 98.75
12:56:15 -4.29 50.47 98.75
12:56:16 -4.12 50.47 98.75
12:56:17 -4.09 50.47 98.75
12:56:18 -4.52 50.47 98.75
12:56:19 -4.44 50.47 98.75
12:56:20 -4.33 50.47 98.75
