"2016-06-01 at 11:40"
Time(H:M:S) CO2(ppm) CellTemp(c) CellPres(kPa)
11:40:39 -4.92 50.47 99.23
11:40:40 -4.90 50.47 99.23
11:40:41 -4.80 50.47 99.23
11:40:42 -4.78 50.47 99.23
11:40:43 -4.78 50.47 99.23
11:40:44 -4.99 50.47 99.23
11:40:45 -5.01 50.47 99.23
11:40:46 -5.02 50.47 99.23
11:40:47 -4.78 50.47 99.23
11:40:48 -4.70 50.47 99.23
11:40:49 -4.70 50.47 99.23
11:40:50 -4.63 50.47 99.23
11:40:51 -5.24 50.47 99.23
11:40:52 -5.04 50.47 99.23
11:40:53 -5.03 50.47 99.23
11:40:54 -4.88 50.47 99.26
11:40:55 -5.02 50.47 99.23
11:40:56 -4.52 50.47 99.23
11:40:57 -4.65 50.47 99.23
11:40:58 -5.03 50.47 99.23
11:40:59 -4.84 50.47 99.23
11:41:00 -4.78 50.47 99.22
11:41:01 -3.99 50.47 99.22
11:41:02 5.88 50.47 99.23
11:41:03 37.37 50.47 99.23
11:41:04 106.52 50.47 99.22
11:41:05 212.34 50.47 99.22
11:41:06 324.24 50.47 99.23
11:41:07 400.09 50.47 99.23
11:41:08 414.92 50.47 99.23
11:41:09 376.96 50.47 99.23
11:41:10 345.09 50.47 99.23
11:41:11 270.08 50.47 99.23
11:41:12 199.67 50.47 99.22
11:41:13 140.27 50.47 99.22
11:41:14 90.63 50.47 99.22
11:41:15 58.38 50.47 99.22
11:41:16 38.28 50.47 99.22
11:41:17 26.04 50.47 99.23
11:41:18 17.86 50.47 99.23
11:41:19 12.72 50.47 99.23
11:41:20 8.85 50.47 99.23
11:41:21 6.26 50.47 99.23
11:41:22 4.33 50.47 99.23
11:41:23 2.57 50.47 99.23
11:41:24 2.05 50.47 99.23
11:41:25 0.72 50.47 99.23
11:41:26 -0.35 50.47 99.23
11:41:27 -0.74 50.47 99.23
11:41:28 -1.26 50.47 99.23
11:41:29 -2.21 50.47 99.23
11:41:30 -2.56 50.47 99.23
11:41:31 -2.61 50.47 99.23
11:41:32 -2.60 50.47 99.23
11:41:33 -3.16 50.47 99.23
11:41:34 -3.44 50.47 99.23
11:41:35 -3.47 50.47 99.23
11:41:36 -3.52 50.47 99.23
11:41:37 -3.83 50.47 99.26
11:41:38 -3.98 50.47 99.23
11:41:39 -3.39 50.47 99.22
11:41:40 -0.70 50.47 99.22
11:41:41 11.04 50.47 99.22
11:41:42 40.70 50.47 99.23
11:41:43 91.42 50.47 99.23
11:41:44 152.05 50.47 99.23
11:41:45 200.66 50.47 99.23
11:41:46 220.51 50.47 99.23
11:41:47 208.55 50.47 99.23
11:41:48 175.96 50.47 99.23
11:41:49 136.35 50.47 99.22
11:41:50 93.19 50.47 99.22
11:41:51 60.24 50.47 99.23
11:41:52 37.52 50.47 99.23
11:41:53 29.72 50.47 99.23
11:41:54 18.74 50.47 99.23
11:41:55 11.64 50.47 99.23
11:41:56 6.75 50.47 99.23
11:41:57 4.13 50.47 99.23
11:41:58 1.90 50.47 99.23
11:41:59 0.52 50.47 99.23
11:42:00 -0.85 50.47 99.23
11:42:01 -0.99 50.47 99.23
11:42:02 -1.82 50.47 99.23
11:42:03 -2.22 50.47 99.23
11:42:04 -2.92 50.47 99.23
11:42:05 -2.94 50.47 99.22
11:42:06 -3.65 50.47 99.22
11:42:07 -3.16 50.47 99.23
11:42:08 -3.90 50.47 99.23
11:42:09 -4.04 50.47 99.23
11:42:10 -3.94 50.47 99.23
11:42:11 -4.13 50.47 99.23
11:42:12 -4.28 50.47 99.23
11:42:13 -4.07 50.47 99.22
11:42:14 -2.15 50.47 99.22
11:42:15 0.40 50.47 99.22
11:42:16 9.89 50.47 99.22
11:42:17 30.89 50.47 99.22
11:42:18 58.66 50.47 99.23
11:42:19 86.63 50.47 99.22
11:42:20 102.22 50.47 99.22
11:42:21 103.44 50.47 99.22
11:42:22 90.94 50.47 99.23
11:42:23 72.94 50.47 99.22
11:42:24 54.19 50.47 99.22
11:42:25 38.18 50.47 99.23
11:42:26 25.91 50.47 99.23
11:42:27 17.30 50.47 99.23
11:42:28 10.16 50.47 99.23
11:42:29 5.43 50.47 99.23
11:42:30 3.31 50.47 99.23
11:42:31 1.37 50.47 99.23
11:42:32 0.32 50.47 99.23
11:42:33 -1.04 50.47 99.23
11:42:34 -0.84 50.47 99.23
11:42:35 -2.10 50.47 99.23
11:42:36 -2.14 50.47 99.23
11:42:37 -2.34 50.47 99.23
11:42:38 -3.07 50.47 99.23
11:42:39 -3.39 50.47 99.23
11:42:40 -3.22 50.47 99.23
11:42:41 -3.63 50.47 99.23
11:42:42 -3.86 50.47 99.23
11:42:43 -3.99 50.47 99.23
11:42:44 -4.20 50.47 99.23
11:42:45 -4.23 50.47 99.23
11:42:46 -4.24 50.47 99.23
11:42:47 -3.35 50.47 99.23
11:42:48 -0.57 50.47 99.23
11:42:49 6.34 50.47 99.23
11:42:50 19.29 50.47 99.23
11:42:51 35.34 50.47 99.23
11:42:52 49.59 50.47 99.23
11:42:53 56.33 50.47 99.23
11:42:54 53.87 50.47 99.23
11:42:55 45.41 50.47 99.23
11:42:56 35.39 50.47 99.23
11:42:57 24.53 50.47 99.23
11:42:58 20.07 50.47 99.23
11:42:59 11.84 50.47 99.23
11:43:00 6.04 50.47 99.23
11:43:01 3.26 50.47 99.23
11:43:02 1.03 50.47 99.26
11:43:03 -0.67 50.47 99.23
11:43:04 -1.63 50.47 99.23
11:43:05 -1.80 50.47 99.23
11:43:06 -2.76 50.47 99.23
11:43:07 -2.96 50.47 99.23
11:43:08 -3.01 50.47 99.23
11:43:09 -3.73 50.47 99.23
11:43:10 -3.75 50.47 99.23
11:43:11 -3.73 50.47 99.23
11:43:12 -4.12 50.47 99.23
11:43:13 -4.09 50.47 99.23
11:43:14 -4.45 50.47 99.23
11:43:15 -4.09 50.47 99.23
11:43:16 -4.28 50.47 99.23
11:43:17 -4.19 50.47 99.23
11:43:18 -4.05 50.47 99.23
11:43:19 -3.08 50.47 99.23
11:43:20 -1.78 50.47 99.23
11:43:21 2.29 50.47 99.23
11:43:22 8.79 50.47 99.23
11:43:23 16.20 50.47 99.23
11:43:24 20.57 50.47 99.23
11:43:25 22.42 50.47 99.23
11:43:26 20.00 50.47 99.23
11:43:27 15.61 50.47 99.23
11:43:28 11.10 50.47 99.23
11:43:29 5.52 50.47 99.23
11:43:30 2.51 50.47 99.23
11:43:31 0.37 50.47 99.23
11:43:32 -1.43 50.47 99.23
11:43:33 -2.10 50.47 99.23
11:43:34 -2.51 50.47 99.23
11:43:35 -3.14 50.47 99.23
11:43:36 -3.63 50.47 99.25
11:43:37 -3.99 50.47 99.23
11:43:38 -3.56 50.47 99.23
11:43:39 -4.20 50.47 99.23
11:43:40 -4.23 50.47 99.23
11:43:41 -4.15 50.47 99.23
11:43:42 -4.09 50.47 99.23
11:43:43 -4.00 50.47 99.23
11:43:44 -4.85 50.47 99.23
11:43:45 -4.11 50.47 99.23
11:43:46 -4.19 50.47 99.23
11:43:47 -3.46 50.47 99.23
11:43:48 -1.86 50.47 99.23
11:43:49 1.10 50.47 99.23
11:43:50 4.59 50.47 99.23
11:43:51 7.72 50.47 99.23
11:43:52 9.35 50.47 99.23
11:43:53 8.57 50.47 99.23
11:43:54 5.94 50.47 99.23
11:43:55 2.82 50.47 99.23
11:43:56 0.57 50.47 99.23
11:43:57 -1.31 50.47 99.23
11:43:58 -2.43 50.47 99.23
11:43:59 -3.00 50.47 99.23
11:44:00 -3.32 50.47 99.23
11:44:01 -3.71 50.47 99.23
11:44:02 -4.11 50.47 99.23
11:44:03 -3.86 50.47 99.23
11:44:04 -4.01 50.47 99.23
11:44:05 -4.81 50.47 99.25
11:44:06 -4.72 50.47 99.23
11:44:07 -4.40 50.47 99.23
11:44:08 -4.46 50.47 99.23
11:44:09 -4.46 50.47 99.23
11:44:10 -4.44 50.47 99.23
11:44:11 -4.61 50.47 99.23
11:44:12 -4.95 50.47 99.23
11:44:13 -4.43 50.47 99.23
11:44:14 -1.12 50.47 99.23
11:44:15 14.38 50.47 99.23
11:44:16 58.22 50.47 99.23
11:44:17 143.16 50.47 99.23
11:44:18 252.90 50.47 99.23
11:44:19 351.31 50.47 99.23
11:44:20 396.61 50.47 99.26
11:44:21 382.84 50.47 99.23
11:44:22 328.30 50.47 99.23
11:44:23 255.98 50.47 99.23
11:44:24 187.73 50.47 99.23
11:44:25 155.48 50.47 99.23
11:44:26 101.25 50.47 99.23
11:44:27 66.37 50.47 99.23
11:44:28 44.15 50.47 99.23
11:44:29 29.54 50.47 99.23
11:44:30 20.81 50.47 99.23
11:44:31 14.96 50.47 99.23
11:44:32 10.60 50.47 99.23
11:44:33 8.07 50.47 99.23
11:44:34 5.53 50.47 99.23
11:44:35 3.74 50.47 99.23
11:44:36 2.25 50.47 99.23
11:44:37 1.39 50.47 99.23
11:44:38 0.61 50.47 99.23
11:44:39 -0.82 50.47 99.23
11:44:40 -0.67 50.47 99.25
11:44:41 -1.36 50.47 99.23
11:44:42 -2.22 50.47 99.23
11:44:43 -2.38 50.47 99.23
11:44:44 -2.52 50.47 99.23
11:44:45 -2.59 50.47 99.23
11:44:46 -2.78 50.47 99.23
11:44:47 -3.06 50.47 99.23
11:44:48 -3.09 50.47 99.23
11:44:49 -3.68 50.47 99.23
11:44:50 -3.11 50.47 99.23
11:44:51 0.44 50.47 99.23
11:44:52 20.99 50.47 99.23
11:44:53 69.86 50.47 99.23
11:44:54 155.30 50.47 99.23
11:44:55 259.73 50.47 99.23
11:44:56 347.63 50.47 99.23
11:44:57 384.48 50.47 99.23
11:44:58 366.40 50.47 99.23
11:44:59 311.83 50.47 99.23
11:45:00 244.89 50.47 99.23
11:45:01 174.77 50.47 99.23
11:45:02 115.22 50.47 99.23
11:45:03 75.30 50.47 99.23
11:45:04 48.69 50.47 99.23
11:45:05 32.06 50.47 99.23
11:45:06 21.82 50.47 99.23
11:45:07 15.19 50.47 99.23
11:45:08 12.78 50.47 99.23
11:45:09 8.97 50.47 99.23
11:45:10 6.80 50.47 99.23
11:45:11 4.07 50.47 99.23
11:45:12 2.85 50.47 99.23
11:45:13 1.50 50.47 99.23
11:45:14 0.74 50.47 99.23
11:45:15 -0.53 50.47 99.23
11:45:16 -0.61 50.47 99.23
11:45:17 -1.50 50.47 99.23
11:45:18 -1.50 50.47 99.23
11:45:19 -2.63 50.47 99.25
11:45:20 -2.97 50.47 99.23
11:45:21 -2.69 50.47 99.23
11:45:22 -3.11 50.47 99.23
11:45:23 -3.05 50.47 99.23
11:45:24 -3.46 50.47 99.23
11:45:25 -3.63 50.47 99.23
11:45:26 -4.02 50.47 99.23
11:45:27 -3.37 50.47 99.23
11:45:28 -3.86 50.47 99.23
11:45:29 -0.88 50.47 99.23
11:45:30 3.14 50.47 99.23
11:45:31 25.79 50.47 99.23
11:45:32 79.74 50.47 99.23
11:45:33 167.35 50.47 99.23
11:45:34 266.40 50.47 99.23
11:45:35 341.92 50.47 99.23
11:45:36 367.54 50.47 99.23
11:45:37 344.65 50.47 99.23
11:45:38 289.89 50.47 99.23
11:45:39 226.30 50.47 99.23
11:45:40 164.02 50.47 99.23
11:45:41 108.30 50.47 99.23
11:45:42 70.83 50.47 99.23
11:45:43 46.41 50.47 99.23
11:45:44 31.20 50.47 99.23
11:45:45 21.03 50.47 99.25
11:45:46 14.61 50.47 99.25
11:45:47 10.29 50.47 99.25
11:45:48 7.34 50.47 99.25
11:45:49 4.76 50.47 99.23
11:45:50 3.15 50.47 99.23
11:45:51 1.77 50.47 99.23
11:45:52 1.49 50.47 99.23
11:45:53 0.27 50.47 99.23
11:45:54 -0.40 50.47 99.23
11:45:55 -1.43 50.47 99.23
11:45:56 -1.51 50.47 99.23
11:45:57 -1.97 50.47 99.23
11:45:58 -2.71 50.47 99.25
11:45:59 -3.17 50.47 99.23
11:46:00 -3.03 50.47 99.23
11:46:01 -3.11 50.47 99.23
11:46:02 -3.77 50.47 99.23
11:46:03 -3.34 50.47 99.23
11:46:04 -3.25 50.47 99.23
11:46:05 -3.82 50.47 99.23
11:46:06 -3.78 50.47 99.23
11:46:07 -3.82 50.47 99.23
11:46:08 -3.04 50.47 99.23
11:46:09 -0.53 50.47 99.23
11:46:10 7.09 50.47 99.23
11:46:11 20.49 50.47 99.23
11:46:12 38.32 50.47 99.23
11:46:13 53.68 50.47 99.23
11:46:14 58.67 50.47 99.23
11:46:15 61.95 50.47 99.23
11:46:16 56.79 50.47 99.23
11:46:17 46.63 50.47 99.23
11:46:18 35.52 50.47 99.23
11:46:19 24.11 50.47 99.23
11:46:20 14.46 50.47 99.23
11:46:21 8.28 50.47 99.23
11:46:22 4.40 50.47 99.23
11:46:23 1.74 50.47 99.23
11:46:24 0.06 50.47 99.23
11:46:25 -0.62 50.47 99.23
11:46:26 -1.97 50.47 99.23
11:46:27 -2.21 50.47 99.23
11:46:28 -3.03 50.47 99.23
11:46:29 -2.88 50.47 99.23
11:46:30 -3.25 50.47 99.23
11:46:31 -3.49 50.47 99.23
11:46:32 -3.65 50.47 99.23
11:46:33 -3.94 50.47 99.25
11:46:34 -4.08 50.47 99.23
11:46:35 -3.88 50.47 99.23
11:46:36 -4.29 50.47 99.23
11:46:37 -4.01 50.47 99.23
11:46:38 -4.22 50.47 99.23
11:46:39 -4.25 50.47 99.23
11:46:40 -4.36 50.47 99.23
11:46:41 -4.51 50.47 99.23
11:46:42 -4.47 50.47 99.23
11:46:43 -4.53 50.47 99.23
11:46:44 -2.46 50.47 99.23
11:46:45 2.97 50.47 99.23
11:46:46 16.51 50.47 99.23
11:46:47 35.69 50.47 99.23
11:46:48 57.17 50.47 99.23
11:46:49 72.43 50.47 99.23
11:46:50 76.98 50.47 99.23
11:46:51 70.56 50.47 99.23
11:46:52 58.18 50.47 99.23
11:46:53 44.12 50.47 99.23
11:46:54 29.45 50.47 99.23
11:46:55 17.99 50.47 99.25
11:46:56 10.46 50.47 99.25
11:46:57 7.90 50.47 99.27
11:46:58 3.54 50.47 99.25
11:46:59 1.84 50.47 99.25
11:47:00 -0.11 50.47 99.25
11:47:01 -1.00 50.47 99.25
11:47:02 -1.79 50.47 99.25
11:47:03 -2.10 50.47 99.25
11:47:04 -2.89 50.47 99.25
11:47:05 -3.47 50.47 99.25
11:47:06 -3.26 50.47 99.25
11:47:07 -3.60 50.47 99.25
11:47:08 -4.21 50.47 99.25
11:47:09 -4.40 50.47 99.23
11:47:10 -3.85 50.47 99.23
11:47:11 -4.36 50.47 99.23
11:47:12 -4.35 50.47 99.23
11:47:13 -4.25 50.47 99.23
11:47:14 -4.31 50.47 99.23
11:47:15 -4.42 50.47 99.23
11:47:16 -4.44 50.47 99.23
11:47:17 -1.95 50.47 99.23
11:47:18 9.13 50.47 99.23
11:47:19 21.97 50.47 99.23
11:47:20 72.08 50.47 99.23
11:47:21 154.35 50.47 99.23
11:47:22 252.12 50.47 99.23
11:47:23 327.28 50.47 99.26
11:47:24 356.88 50.47 99.23
11:47:25 338.32 50.47 99.23
11:47:26 287.62 50.47 99.23
11:47:27 226.73 50.47 99.23
11:47:28 163.99 50.47 99.23
11:47:29 110.05 50.47 99.23
11:47:30 74.08 50.47 99.23
11:47:31 49.48 50.47 99.23
11:47:32 33.27 50.47 99.23
11:47:33 23.40 50.47 99.23
11:47:34 16.81 50.47 99.23
11:47:35 12.14 50.47 99.23
11:47:36 8.77 50.47 99.23
11:47:37 6.45 50.47 99.23
11:47:38 4.78 50.47 99.23
11:47:39 2.66 50.47 99.23
11:47:40 2.25 50.47 99.26
11:47:41 1.62 50.47 99.23
11:47:42 0.39 50.47 99.23
11:47:43 -0.77 50.47 99.23
11:47:44 -0.60 50.47 99.23
11:47:45 -1.08 50.47 99.23
11:47:46 -2.19 50.47 99.25
11:47:47 -2.71 50.47 99.23
11:47:48 -2.80 50.47 99.23
11:47:49 -3.09 50.47 99.26
11:47:50 -2.89 50.47 99.23
11:47:51 -3.45 50.47 99.23
11:47:52 -3.14 50.47 99.23
11:47:53 -3.37 50.47 99.23
11:47:54 -3.40 50.47 99.23
11:47:55 -2.24 50.47 99.23
11:47:56 5.54 50.47 99.23
11:47:57 35.11 50.47 99.23
11:47:58 104.57 50.47 99.23
11:47:59 215.97 50.47 99.23
11:48:00 342.41 50.47 99.23
11:48:01 437.02 50.47 99.23
11:48:02 462.22 50.47 99.23
11:48:03 462.54 50.47 99.23
11:48:04 409.83 50.47 99.23
11:48:05 332.17 50.47 99.23
11:48:06 252.60 50.47 99.26
11:48:07 174.97 50.47 99.23
11:48:08 117.35 50.47 99.23
11:48:09 79.05 50.47 99.23
11:48:10 53.90 50.47 99.23
11:48:11 38.01 50.47 99.23
11:48:12 27.53 50.47 99.23
11:48:13 20.06 50.47 99.23
11:48:14 15.48 50.47 99.23
11:48:15 11.86 50.47 99.23
11:48:16 8.67 50.47 99.23
11:48:17 6.45 50.47 99.23
11:48:18 4.64 50.47 99.23
11:48:19 3.07 50.47 99.23
11:48:20 2.12 50.47 99.23
11:48:21 1.27 50.47 99.23
11:48:22 0.67 50.47 99.23
11:48:23 -0.21 50.47 99.23
11:48:24 -0.89 50.47 99.23
11:48:25 -0.99 50.47 99.23
11:48:26 -2.22 50.47 99.23
11:48:27 -1.85 50.47 99.23
11:48:28 -2.45 50.47 99.23
11:48:29 -2.60 50.47 99.23
11:48:30 -2.51 50.47 99.23
11:48:31 -2.94 50.47 99.23
11:48:32 -3.32 50.47 99.23
11:48:33 -3.21 50.47 99.23
11:48:34 -3.49 50.47 99.23
11:48:35 -3.25 50.47 99.23
11:48:36 -0.44 50.47 99.23
11:48:37 11.44 50.47 99.23
11:48:38 44.87 50.47 99.23
11:48:39 106.33 50.47 99.23
11:48:40 184.47 50.47 99.23
11:48:41 255.46 50.47 99.23
11:48:42 291.79 50.47 99.23
11:48:43 286.82 50.47 99.23
11:48:44 250.84 50.47 99.23
11:48:45 200.14 50.47 99.23
11:48:46 175.31 50.47 99.23
11:48:47 126.45 50.47 99.23
11:48:48 83.42 50.47 99.23
11:48:49 55.10 50.47 99.23
11:48:50 36.74 50.47 99.23
11:48:51 24.65 50.47 99.23
11:48:52 17.43 50.47 99.23
11:48:53 12.37 50.47 99.23
11:48:54 9.09 50.47 99.23
11:48:55 5.94 50.47 99.23
11:48:56 4.38 50.47 99.23
11:48:57 2.86 50.47 99.23
11:48:58 1.58 50.47 99.23
11:48:59 0.60 50.47 99.23
11:49:00 -0.17 50.47 99.23
11:49:01 -0.69 50.47 99.26
11:49:02 -1.52 50.47 99.23
11:49:03 -1.67 50.47 99.23
11:49:04 -2.21 50.47 99.23
11:49:05 -2.26 50.47 99.23
11:49:06 -2.71 50.47 99.23
11:49:07 -2.82 50.47 99.23
11:49:08 -2.93 50.47 99.23
11:49:09 -3.38 50.47 99.23
11:49:10 -3.54 50.47 99.23
11:49:11 -3.53 50.47 99.23
11:49:12 -3.97 50.47 99.23
11:49:13 -3.46 50.47 99.23
11:49:14 -3.70 50.47 99.23
11:49:15 -3.73 50.47 99.23
11:49:16 -4.10 50.47 99.23
11:49:17 -4.04 50.47 99.23
11:49:18 -3.80 50.47 99.23
11:49:19 -4.35 50.47 99.23
11:49:20 -4.35 50.47 99.23
11:49:21 -4.15 50.47 99.23
11:49:22 -4.31 50.47 99.23
11:49:23 -4.28 50.47 99.23
11:49:24 -4.19 50.47 99.23
11:49:25 -4.47 50.47 99.23
11:49:26 -4.69 50.47 99.23
11:49:27 -3.93 50.47 99.23
11:49:28 -4.12 50.47 99.23
11:49:29 -4.11 50.47 99.23
11:49:30 -4.48 50.47 99.23
11:49:31 -4.54 50.47 99.23
11:49:32 -4.39 50.47 99.23
11:49:33 -4.77 50.47 99.23
11:49:34 -4.55 50.47 99.23
11:49:35 -4.75 50.47 99.23
11:49:36 -4.63 50.47 99.23
11:49:37 -4.72 50.47 99.23
11:49:38 -4.48 50.47 99.23
11:49:39 -4.44 50.47 99.23
11:49:40 -4.80 50.47 99.23
11:49:41 -4.92 50.47 99.23
11:49:42 -4.10 50.47 99.23
11:49:43 -4.67 50.47 99.23
11:49:44 -4.34 50.47 99.23
11:49:45 -4.78 50.47 99.23
11:49:46 -4.67 50.47 99.23
11:49:47 -4.89 50.47 99.23
11:49:48 -4.58 50.47 99.23
11:49:49 -4.90 50.47 99.26
11:49:50 -4.70 50.47 99.23
11:49:51 -4.91 50.47 99.23
11:49:52 -4.77 50.47 99.23
11:49:53 -4.93 50.47 99.23
11:49:54 -4.71 50.47 99.23
11:49:55 -4.81 50.47 99.23
11:49:56 -5.02 50.47 99.23
11:49:57 -4.33 50.47 99.26
11:49:58 -4.68 50.47 99.23
11:49:59 -4.87 50.47 99.26
11:50:00 -4.78 50.47 99.23
11:50:01 -4.73 50.47 99.23
11:50:02 -5.03 50.47 99.23
11:50:03 -4.85 50.47 99.23
11:50:04 -4.97 50.47 99.23
11:50:05 -4.80 50.47 99.23
11:50:06 -4.26 50.47 99.23
11:50:07 -4.67 50.47 99.23
11:50:08 -4.92 50.47 99.23
11:50:09 -4.85 50.47 99.23
11:50:10 -4.77 50.47 99.26
11:50:11 -4.65 50.47 99.26
11:50:12 -4.44 50.47 99.23
11:50:13 -4.71 50.47 99.23
11:50:14 -4.92 50.47 99.23
11:50:15 -5.01 50.47 99.23
11:50:16 -4.82 50.47 99.23
11:50:17 -4.85 50.47 99.23
11:50:18 -4.98 50.47 99.23
11:50:19 -4.75 50.47 99.23
11:50:20 -4.97 50.47 99.22
11:50:21 -4.69 50.47 99.22
11:50:22 -4.99 50.47 99.23
11:50:23 -4.77 50.47 99.22
11:50:24 -4.74 50.47 99.22
11:50:25 -5.19 50.47 99.22
11:50:26 -4.55 50.47 99.22
11:50:27 -4.65 50.47 99.22
11:50:28 -4.66 50.47 99.22
11:50:29 -5.02 50.47 99.22
11:50:30 -4.78 50.47 99.23
11:50:31 -4.78 50.47 99.23
11:50:32 -4.66 50.47 99.23
11:50:33 -5.06 50.47 99.23
11:50:34 -5.36 50.47 99.23
11:50:35 -4.60 50.47 99.23
11:50:36 -4.83 50.47 99.23
11:50:37 -4.91 50.47 99.23
11:50:38 -4.74 50.47 99.22
11:50:39 -4.77 50.47 99.22
11:50:40 -4.89 50.47 99.23
11:50:41 -5.04 50.47 99.26
11:50:42 -4.87 50.47 99.23
11:50:43 -4.68 50.47 99.23
11:50:44 -4.95 50.47 99.23
11:50:45 -4.69 50.47 99.22
11:50:46 -4.74 50.47 99.22
11:50:47 -4.89 50.47 99.22
11:50:48 -5.08 50.47 99.23
11:50:49 -4.60 50.47 99.22
11:50:50 -4.85 50.47 99.22
11:50:51 -4.66 50.47 99.22
11:50:52 -5.01 50.47 99.22
11:50:53 -4.84 50.47 99.22
11:50:54 -4.65 50.47 99.22
11:50:55 -5.31 50.47 99.22
11:50:56 -4.89 50.47 99.22
11:50:57 -4.96 50.47 99.22
11:50:58 -4.78 50.47 99.22
11:50:59 -4.91 50.47 99.22
11:51:00 -4.97 50.47 99.22
11:51:01 -4.77 50.47 99.22
11:51:02 -4.99 50.47 99.22
11:51:03 -4.69 50.47 99.22
11:51:04 -4.92 50.47 99.22
11:51:05 -4.55 50.47 99.22
11:51:06 -5.00 50.47 99.22
11:51:07 -4.98 50.47 99.22
11:51:08 -4.74 50.47 99.22
11:51:09 -4.79 50.47 99.22
11:51:10 -5.19 50.47 99.22
11:51:11 -4.83 50.47 99.22
11:51:12 -4.90 50.47 99.22
11:51:13 -4.86 50.47 99.22
11:51:14 -5.10 50.47 99.22
11:51:15 -4.59 50.47 99.22
11:51:16 -4.82 50.47 99.22
11:51:17 -4.69 50.47 99.22
11:51:18 -5.13 50.47 99.22
11:51:19 -4.93 50.47 99.22
11:51:20 -4.74 50.47 99.22
11:51:21 -4.71 50.47 99.22
11:51:22 -4.95 50.47 99.22
11:51:23 -4.61 50.47 99.22
11:51:24 -4.97 50.47 99.22
11:51:25 -4.95 50.47 99.22
11:51:26 -4.85 50.47 99.22
11:51:27 -4.79 50.47 99.22
11:51:28 -4.70 50.47 99.22
11:51:29 -5.21 50.47 99.22
11:51:30 -4.94 50.47 99.22
11:51:31 -4.47 50.47 99.22
11:51:32 -5.12 50.47 99.22
11:51:33 -4.85 50.47 99.22
11:51:34 -4.76 50.47 99.22
11:51:35 -4.82 50.47 99.22
11:51:36 -4.73 50.47 99.22
11:51:37 -4.71 50.47 99.22
11:51:38 -4.95 50.47 99.22
11:51:39 -4.84 50.47 99.22
11:51:40 -4.95 50.47 99.22
11:51:41 -4.85 50.47 99.24
11:51:42 -5.04 50.47 99.22
11:51:43 -4.54 50.47 99.22
11:51:44 -4.63 50.47 99.22
11:51:45 -4.95 50.47 99.22
11:51:46 -5.31 50.47 99.22
11:51:47 -4.78 50.47 99.22
11:51:48 -4.84 50.47 99.22
11:51:49 -5.42 50.47 99.22
11:51:50 -4.73 50.47 99.22
11:51:51 -4.66 50.47 99.22
11:51:52 -5.15 50.47 99.22
11:51:53 -4.60 50.47 99.22
11:51:54 -5.05 50.47 99.22
11:51:55 -5.05 50.47 99.22
11:51:56 -5.02 50.47 99.22
11:51:57 -4.97 50.47 99.22
11:51:58 -4.82 50.47 99.22
11:51:59 -5.02 50.47 99.22
11:52:00 -4.86 50.47 99.22
11:52:01 -4.86 50.47 99.22
11:52:02 -4.61 50.47 99.22
11:52:03 -4.83 50.47 99.22
11:52:04 -4.88 50.47 99.22
11:52:05 -4.68 50.47 99.22
11:52:06 -5.22 50.47 99.22
11:52:07 -4.35 50.47 99.22
11:52:08 -4.83 50.47 99.22
11:52:09 -5.22 50.47 99.22
11:52:10 -4.84 50.47 99.22
11:52:11 -5.16 50.47 99.22
11:52:12 -5.03 50.47 99.22
11:52:13 -4.88 50.47 99.22
11:52:14 -5.07 50.47 99.22
11:52:15 -4.47 50.47 99.22
11:52:16 -4.58 50.47 99.22
11:52:17 -4.93 50.47 99.22
11:52:18 -5.55 50.47 99.22
11:52:19 -4.81 50.47 99.22
11:52:20 -4.93 50.47 99.22
11:52:21 -3.44 50.47 99.21
11:52:22 3.27 50.47 99.21
11:52:23 10.86 50.47 99.22
11:52:24 40.53 50.47 99.22
11:52:25 89.60 50.47 99.22
11:52:26 148.21 50.47 99.22
11:52:27 195.40 50.47 99.22
11:52:28 215.52 50.47 99.22
11:52:29 206.01 50.47 99.22
11:52:30 177.13 50.47 99.22
11:52:31 140.31 50.47 99.22
11:52:32 100.47 50.47 99.22
11:52:33 67.59 50.47 99.22
11:52:34 45.22 50.47 99.22
11:52:35 30.02 50.47 99.22
11:52:36 20.12 50.47 99.22
11:52:37 13.64 50.47 99.22
11:52:38 9.73 50.47 99.22
11:52:39 6.57 50.47 99.22
11:52:40 4.39 50.47 99.22
11:52:41 2.70 50.47 99.22
11:52:42 1.68 50.47 99.22
11:52:43 0.53 50.47 99.22
11:52:44 0.12 50.47 99.22
11:52:45 -0.63 50.47 99.22
11:52:46 -1.35 50.47 99.22
11:52:47 -1.96 50.47 99.22
11:52:48 -2.26 50.47 99.22
11:52:49 -2.76 50.47 99.22
11:52:50 -2.84 50.47 99.22
11:52:51 -2.81 50.47 99.22
11:52:52 -3.08 50.47 99.22
11:52:53 -3.84 50.47 99.22
11:52:54 -4.01 50.47 99.22
11:52:55 -3.76 50.47 99.22
11:52:56 -3.89 50.47 99.22
11:52:57 -3.91 50.47 99.22
11:52:58 -3.95 50.47 99.22
11:52:59 -4.26 50.47 99.22
11:53:00 -4.05 50.47 99.24
11:53:01 -4.24 50.47 99.22
11:53:02 -4.44 50.47 99.22
11:53:03 -4.55 50.47 99.22
11:53:04 -4.35 50.47 99.22
11:53:05 -4.43 50.47 99.22
11:53:06 -4.79 50.47 99.22
11:53:07 -4.67 50.47 99.22
11:53:08 -4.63 50.47 99.22
11:53:09 -4.65 50.47 99.22
11:53:10 -5.20 50.47 99.22
11:53:11 -4.57 50.47 99.22
11:53:12 -4.30 50.47 99.22
11:53:13 -4.93 50.47 99.22
11:53:14 -4.72 50.47 99.22
11:53:15 -4.53 50.47 99.22
11:53:16 -5.08 50.47 99.22
11:53:17 -4.89 50.47 99.21
11:53:18 -4.76 50.47 99.21
11:53:19 -3.07 50.47 99.21
11:53:20 3.05 50.47 99.21
11:53:21 24.45 50.47 99.21
11:53:22 72.46 50.47 99.21
11:53:23 144.30 50.47 99.21
11:53:24 221.09 50.47 99.21
11:53:25 274.54 50.47 99.21
11:53:26 288.11 50.47 99.21
11:53:27 263.35 50.47 99.21
11:53:28 243.04 50.47 99.21
11:53:29 194.36 50.47 99.21
11:53:30 142.22 50.47 99.22
11:53:31 96.08 50.47 99.22
11:53:32 64.42 50.47 99.22
11:53:33 42.61 50.47 99.22
11:53:34 29.60 50.47 99.21
11:53:35 20.81 50.47 99.21
11:53:36 15.14 50.47 99.22
11:53:37 10.89 50.47 99.22
11:53:38 8.00 50.47 99.22
11:53:39 5.76 50.47 99.21
11:53:40 3.87 50.47 99.21
11:53:41 2.94 50.47 99.22
11:53:42 1.69 50.47 99.22
11:53:43 0.36 50.47 99.22
11:53:44 -0.03 50.47 99.22
11:53:45 -1.03 50.47 99.22
11:53:46 -1.43 50.47 99.22
11:53:47 -2.41 50.47 99.21
11:53:48 -2.06 50.47 99.21
11:53:49 -2.44 50.47 99.22
11:53:50 -2.55 50.47 99.22
11:53:51 -3.17 50.47 99.22
11:53:52 -2.97 50.47 99.22
11:53:53 -3.65 50.47 99.22
11:53:54 -3.69 50.47 99.22
11:53:55 -3.71 50.47 99.22
11:53:56 -2.87 50.47 99.23
11:53:57 -0.22 50.47 99.21
11:53:58 12.98 50.47 99.21
11:53:59 44.03 50.47 99.23
11:54:00 94.93 50.47 99.21
11:54:01 154.64 50.47 99.21
11:54:02 200.52 50.47 99.21
11:54:03 219.89 50.47 99.21
11:54:04 207.91 50.47 99.21
11:54:05 174.78 50.47 99.21
11:54:06 135.82 50.47 99.21
11:54:07 96.90 50.47 99.21
11:54:08 62.56 50.47 99.21
11:54:09 39.77 50.47 99.21
11:54:10 24.78 50.47 99.21
11:54:11 19.62 50.47 99.22
11:54:12 12.65 50.47 99.22
11:54:13 7.90 50.47 99.22
11:54:14 4.85 50.47 99.22
11:54:15 2.53 50.47 99.22
11:54:16 1.29 50.47 99.22
11:54:17 -0.05 50.47 99.22
11:54:18 -0.83 50.47 99.22
11:54:19 -1.75 50.47 99.22
11:54:20 -1.95 50.47 99.22
11:54:21 -2.56 50.47 99.22
11:54:22 -3.08 50.47 99.22
11:54:23 -3.22 50.47 99.21
11:54:24 -3.68 50.47 99.21
11:54:25 -3.24 50.47 99.21
11:54:26 -3.69 50.47 99.21
11:54:27 -3.68 50.47 99.21
11:54:28 -3.77 50.47 99.21
11:54:29 -4.31 50.47 99.21
11:54:30 -3.79 50.47 99.21
11:54:31 -3.63 50.47 99.21
11:54:32 1.29 50.47 99.21
11:54:33 8.58 50.47 99.21
11:54:34 38.67 50.47 99.21
11:54:35 95.29 50.47 99.21
11:54:36 172.86 50.47 99.21
11:54:37 244.86 50.47 99.21
11:54:38 286.65 50.47 99.21
11:54:39 287.25 50.47 99.21
11:54:40 255.30 50.47 99.21
11:54:41 206.92 50.47 99.21
11:54:42 157.25 50.47 99.21
11:54:43 107.46 50.47 99.23
11:54:44 70.53 50.47 99.22
11:54:45 45.92 50.47 99.22
11:54:46 30.33 50.47 99.22
11:54:47 20.42 50.47 99.22
11:54:48 13.60 50.47 99.22
11:54:49 9.53 50.47 99.22
11:54:50 6.49 50.47 99.24
11:54:51 4.09 50.47 99.22
11:54:52 3.07 50.47 99.21
11:54:53 1.15 50.47 99.21
11:54:54 0.73 50.47 99.21
11:54:55 0.03 50.47 99.21
11:54:56 -0.95 50.47 99.21
11:54:57 -1.63 50.47 99.21
11:54:58 -1.59 50.47 99.22
11:54:59 -2.55 50.47 99.22
11:55:00 -2.56 50.47 99.22
11:55:01 -3.40 50.47 99.21
11:55:02 -3.35 50.47 99.21
11:55:03 -2.88 50.47 99.21
11:55:04 -3.51 50.47 99.21
11:55:05 -3.65 50.47 99.21
11:55:06 -3.40 50.47 99.21
11:55:07 -3.76 50.47 99.21
11:55:08 -4.12 50.47 99.21
11:55:09 -2.56 50.47 99.21
11:55:10 3.58 50.47 99.21
11:55:11 21.91 50.47 99.21
11:55:12 58.18 50.47 99.21
11:55:13 107.36 50.47 99.21
11:55:14 155.88 50.47 99.21
11:55:15 184.07 50.47 99.21
11:55:16 188.96 50.47 99.21
11:55:17 179.52 50.47 99.21
11:55:18 153.40 50.47 99.21
11:55:19 121.00 50.47 99.21
11:55:20 87.25 50.47 99.21
11:55:21 57.87 50.47 99.21
11:55:22 38.58 50.47 99.22
11:55:23 25.75 50.47 99.22
11:55:24 17.23 50.47 99.21
11:55:25 11.85 50.47 99.21
11:55:26 8.18 50.47 99.21
11:55:27 5.45 50.47 99.21
11:55:28 3.40 50.47 99.22
11:55:29 2.20 50.47 99.21
11:55:30 1.07 50.47 99.21
11:55:31 -0.19 50.47 99.21
11:55:32 -0.45 50.47 99.22
11:55:33 -0.81 50.47 99.21
11:55:34 -2.14 50.47 99.21
11:55:35 -2.43 50.47 99.22
11:55:36 -2.21 50.47 99.22
11:55:37 -2.78 50.47 99.21
11:55:38 -3.13 50.47 99.21
11:55:39 -3.05 50.47 99.21
11:55:40 -3.17 50.47 99.21
11:55:41 -3.53 50.47 99.21
11:55:42 -3.48 50.47 99.21
11:55:43 -3.93 50.47 99.21
11:55:44 -3.29 50.47 99.21
11:55:45 0.41 50.47 99.21
11:55:46 14.87 50.47 99.23
11:55:47 49.45 50.47 99.21
11:55:48 107.16 50.47 99.21
11:55:49 174.07 50.47 99.21
11:55:50 227.20 50.47 99.21
11:55:51 248.29 50.47 99.21
11:55:52 235.46 50.47 99.21
11:55:53 201.47 50.47 99.21
11:55:54 157.86 50.47 99.21
11:55:55 112.40 50.47 99.22
11:55:56 74.65 50.47 99.22
11:55:57 48.71 50.47 99.22
11:55:58 31.68 50.47 99.21
11:55:59 20.90 50.47 99.21
11:56:00 16.97 50.47 99.22
11:56:01 11.34 50.47 99.22
11:56:02 7.46 50.47 99.22
11:56:03 5.06 50.47 99.24
11:56:04 3.02 50.47 99.22
11:56:05 1.99 50.47 99.22
11:56:06 0.46 50.47 99.22
11:56:07 -0.46 50.47 99.22
11:56:08 -0.77 50.47 99.22
11:56:09 -1.67 50.47 99.22
11:56:10 -1.87 50.47 99.22
11:56:11 -2.26 50.47 99.21
11:56:12 -3.33 50.47 99.21
11:56:13 -3.17 50.47 99.21
11:56:14 -3.34 50.47 99.21
11:56:15 -3.30 50.47 99.21
11:56:16 -3.64 50.47 99.21
11:56:17 -3.70 50.47 99.21
11:56:18 -4.03 50.47 99.22
11:56:19 -3.69 50.47 99.21
11:56:20 -3.85 50.47 99.21
11:56:21 -3.85 50.47 99.21
11:56:22 -3.75 50.47 99.21
11:56:23 -2.89 50.47 99.21
11:56:24 1.57 50.47 99.21
11:56:25 11.84 50.47 99.21
11:56:26 27.86 50.47 99.21
11:56:27 46.80 50.47 99.21
11:56:28 60.63 50.47 99.21
11:56:29 65.91 50.47 99.21
11:56:30 61.26 50.47 99.21
11:56:31 51.08 50.47 99.21
11:56:32 39.56 50.47 99.21
11:56:33 26.69 50.47 99.21
11:56:34 16.36 50.47 99.21
11:56:35 10.02 50.47 99.21
11:56:36 4.99 50.47 99.22
11:56:37 2.37 50.47 99.22
11:56:38 0.39 50.47 99.22
11:56:39 -0.30 50.47 99.22
11:56:40 -1.20 50.47 99.22
11:56:41 -1.92 50.47 99.22
11:56:42 -2.69 50.47 99.22
11:56:43 -2.96 50.47 99.22
11:56:44 -2.92 50.47 99.22
11:56:45 -3.34 50.47 99.22
11:56:46 -3.88 50.47 99.22
11:56:47 -4.04 50.47 99.22
11:56:48 -3.75 50.47 99.22
11:56:49 -4.22 50.47 99.22
11:56:50 -3.92 50.47 99.22
11:56:51 -4.23 50.47 99.23
11:56:52 -4.49 50.47 99.21
11:56:53 -4.50 50.47 99.21
11:56:54 -4.62 50.47 99.21
11:56:55 -3.91 50.47 99.21
11:56:56 -2.98 50.47 99.21
11:56:57 5.73 50.47 99.21
11:56:58 31.17 50.47 99.21
11:56:59 80.95 50.47 99.21
11:57:00 149.92 50.47 99.21
11:57:01 218.19 50.47 99.22
11:57:02 259.22 50.47 99.22
11:57:03 262.75 50.47 99.22
11:57:04 234.94 50.47 99.22
11:57:05 213.90 50.47 99.22
11:57:06 166.88 50.47 99.22
11:57:07 118.76 50.47 99.22
11:57:08 77.41 50.47 99.22
11:57:09 49.88 50.47 99.22
11:57:10 31.04 50.47 99.22
11:57:11 19.79 50.47 99.22
11:57:12 12.75 50.47 99.22
11:57:13 7.62 50.47 99.22
11:57:14 4.72 50.47 99.22
11:57:15 2.66 50.47 99.22
11:57:16 1.05 50.47 99.22
11:57:17 0.28 50.47 99.22
11:57:18 -1.13 50.47 99.22
11:57:19 -1.67 50.47 99.22
11:57:20 -2.16 50.47 99.22
11:57:21 -2.43 50.47 99.22
11:57:22 -2.99 50.47 99.22
11:57:23 -3.07 50.47 99.22
11:57:24 -3.44 50.47 99.24
11:57:25 -3.68 50.47 99.22
11:57:26 -3.79 50.47 99.22
11:57:27 -3.37 50.47 99.22
11:57:28 -3.99 50.47 99.22
11:57:29 -4.03 50.47 99.22
11:57:30 -4.36 50.47 99.22
11:57:31 -4.23 50.47 99.22
11:57:32 -4.26 50.47 99.24
11:57:33 -4.09 50.47 99.22
11:57:34 -4.41 50.47 99.22
11:57:35 -4.51 50.47 99.22
11:57:36 -4.48 50.47 99.22
11:57:37 -4.52 50.47 99.22
11:57:38 -4.64 50.47 99.22
11:57:39 -4.73 50.47 99.22
11:57:40 -4.49 50.47 99.22
11:57:41 -4.41 50.47 99.22
11:57:42 -5.03 50.47 99.22
11:57:43 -4.40 50.47 99.22
11:57:44 -4.38 50.47 99.22
11:57:45 -4.76 50.47 99.22
11:57:46 -4.45 50.47 99.22
11:57:47 -5.10 50.47 99.22
11:57:48 -4.85 50.47 99.22
11:57:49 -4.37 50.47 99.22
11:57:50 -5.04 50.47 99.22
11:57:51 -4.74 50.47 99.22
11:57:52 -5.01 50.47 99.22
11:57:53 -4.79 50.47 99.22
11:57:54 -4.66 50.47 99.22
11:57:55 -4.53 50.47 99.22
11:57:56 -4.99 50.47 99.22
11:57:57 -4.96 50.47 99.22
11:57:58 -4.55 50.47 99.22
11:57:59 -5.21 50.47 99.22
11:58:00 -4.49 50.47 99.22
11:58:01 -5.02 50.47 99.22
11:58:02 -4.77 50.47 99.21
11:58:03 -4.79 50.47 99.21
11:58:04 -4.58 50.47 99.21
11:58:05 -4.18 50.47 99.23
11:58:06 0.41 50.47 99.22
11:58:07 16.61 50.47 99.21
11:58:08 54.05 50.47 99.21
11:58:09 115.08 50.47 99.21
11:58:10 149.59 50.47 99.22
11:58:11 213.41 50.47 99.22
11:58:12 249.67 50.47 99.21
11:58:13 250.77 50.47 99.21
11:58:14 222.91 50.47 99.21
11:58:15 179.92 50.47 99.21
11:58:16 136.39 50.47 99.21
11:58:17 95.86 50.47 99.24
11:58:18 61.98 50.47 99.22
11:58:19 39.41 50.47 99.22
11:58:20 25.65 50.47 99.22
11:58:21 16.26 50.47 99.22
11:58:22 10.68 50.47 99.22
11:58:23 6.89 50.47 99.22
11:58:24 4.20 50.47 99.22
11:58:25 2.51 50.47 99.22
11:58:26 0.93 50.47 99.22
11:58:27 0.09 50.47 99.22
11:58:28 -0.50 50.47 99.22
11:58:29 -1.82 50.47 99.22
11:58:30 -1.94 50.47 99.22
11:58:31 -2.25 50.47 99.22
11:58:32 -2.62 50.47 99.22
11:58:33 -3.14 50.47 99.22
11:58:34 -3.36 50.47 99.22
11:58:35 -3.44 50.47 99.22
11:58:36 -3.64 50.47 99.21
11:58:37 -3.65 50.47 99.21
11:58:38 -3.93 50.47 99.21
11:58:39 -3.89 50.47 99.21
11:58:40 -3.83 50.47 99.21
11:58:41 -4.36 50.47 99.21
11:58:42 -3.41 50.47 99.21
11:58:43 0.29 50.47 99.21
11:58:44 10.14 50.47 99.22
11:58:45 27.28 50.47 99.21
11:58:46 49.62 50.47 99.21
11:58:47 70.20 50.47 99.21
11:58:48 80.61 50.47 99.21
11:58:49 80.14 50.47 99.21
11:58:50 69.22 50.47 99.21
11:58:51 55.14 50.47 99.21
11:58:52 40.50 50.47 99.21
11:58:53 32.60 50.47 99.21
11:58:54 20.60 50.47 99.21
11:58:55 12.44 50.47 99.21
11:58:56 7.05 50.47 99.22
11:58:57 3.64 50.47 99.22
11:58:58 1.62 50.47 99.22
11:58:59 -0.05 50.47 99.22
11:59:00 -0.89 50.47 99.22
11:59:01 -1.79 50.47 99.22
11:59:02 -2.19 50.47 99.22
11:59:03 -2.87 50.47 99.22
11:59:04 -2.83 50.47 99.22
11:59:05 -2.94 50.47 99.22
11:59:06 -3.70 50.47 99.22
11:59:07 -3.85 50.47 99.22
11:59:08 -3.96 50.47 99.22
11:59:09 -3.91 50.47 99.22
11:59:10 -4.25 50.47 99.22
11:59:11 -4.24 50.47 99.21
11:59:12 -4.27 50.47 99.21
11:59:13 -4.43 50.47 99.21
11:59:14 -4.53 50.47 99.21
11:59:15 -4.51 50.47 99.21
11:59:16 -2.38 50.47 99.21
11:59:17 6.76 50.47 99.21
11:59:18 38.35 50.47 99.21
11:59:19 108.07 50.47 99.21
11:59:20 212.86 50.47 99.21
11:59:21 326.20 50.47 99.21
11:59:22 402.84 50.47 99.21
11:59:23 423.11 50.47 99.21
11:59:24 389.65 50.47 99.21
11:59:25 323.82 50.47 99.21
11:59:26 250.80 50.47 99.21
11:59:27 175.16 50.47 99.21
11:59:28 116.51 50.47 99.21
11:59:29 76.09 50.47 99.21
11:59:30 50.47 50.47 99.21
11:59:31 33.63 50.47 99.22
11:59:32 23.21 50.47 99.22
11:59:33 16.10 50.47 99.22
11:59:34 11.58 50.47 99.21
11:59:35 8.05 50.47 99.21
11:59:36 5.51 50.47 99.22
11:59:37 4.36 50.47 99.22
11:59:38 2.82 50.47 99.22
11:59:39 1.76 50.47 99.21
11:59:40 0.49 50.47 99.21
11:59:41 -0.12 50.47 99.22
11:59:42 -1.10 50.47 99.21
11:59:43 -1.40 50.47 99.21
11:59:44 -2.14 50.47 99.21
11:59:45 -2.73 50.47 99.21
11:59:46 -2.81 50.47 99.21
11:59:47 -2.68 50.47 99.21
11:59:48 -3.33 50.47 99.21
11:59:49 -3.25 50.47 99.21
11:59:50 -3.24 50.47 99.21
11:59:51 -3.42 50.47 99.21
11:59:52 -3.73 50.47 99.21
11:59:53 -3.10 50.47 99.21
11:59:54 1.41 50.47 99.21
11:59:55 16.07 50.47 99.21
11:59:56 51.79 50.47 99.21
11:59:57 107.52 50.47 99.21
11:59:58 139.45 50.47 99.21
11:59:59 196.59 50.47 99.21
12:00:00 229.72 50.47 99.21
12:00:01 229.53 50.47 99.23
12:00:02 203.51 50.47 99.21
12:00:03 164.69 50.47 99.21
12:00:04 125.27 50.47 99.21
12:00:05 86.35 50.47 99.21
12:00:06 56.11 50.47 99.22
12:00:07 36.76 50.47 99.22
12:00:08 24.42 50.47 99.22
12:00:09 16.69 50.47 99.22
12:00:10 11.28 50.47 99.22
12:00:11 7.80 50.47 99.21
12:00:12 5.01 50.47 99.21
12:00:13 3.39 50.47 99.21
12:00:14 1.69 50.47 99.24
12:00:15 0.69 50.47 99.22
12:00:16 -0.18 50.47 99.21
12:00:17 -1.18 50.47 99.21
12:00:18 -1.15 50.47 99.24
12:00:19 -1.98 50.47 99.22
12:00:20 -2.42 50.47 99.22
12:00:21 -2.52 50.47 99.21
12:00:22 -2.87 50.47 99.21
12:00:23 -3.18 50.47 99.21
12:00:24 -3.26 50.47 99.21
12:00:25 -3.24 50.47 99.21
12:00:26 -3.24 50.47 99.21
12:00:27 -3.48 50.47 99.21
12:00:28 -3.80 50.47 99.21
12:00:29 -2.81 50.47 99.21
12:00:30 1.71 50.47 99.21
12:00:31 18.33 50.47 99.21
12:00:32 53.98 50.47 99.21
12:00:33 107.37 50.47 99.21
12:00:34 164.76 50.47 99.21
12:00:35 204.37 50.47 99.21
12:00:36 214.77 50.47 99.21
12:00:37 197.19 50.47 99.21
12:00:38 164.35 50.47 99.21
12:00:39 126.48 50.47 99.21
12:00:40 86.61 50.47 99.21
12:00:41 55.95 50.47 99.21
12:00:42 44.70 50.47 99.21
12:00:43 28.05 50.47 99.21
12:00:44 16.81 50.47 99.21
12:00:45 10.28 50.47 99.21
12:00:46 6.45 50.47 99.21
12:00:47 3.48 50.47 99.21
12:00:48 1.71 50.47 99.21
12:00:49 0.25 50.47 99.21
12:00:50 -0.67 50.47 99.21
12:00:51 -1.94 50.47 99.22
12:00:52 -1.88 50.47 99.21
12:00:53 -2.88 50.47 99.21
12:00:54 -2.85 50.47 99.22
12:00:55 -3.21 50.47 99.21
12:00:56 -3.75 50.47 99.21
12:00:57 -3.87 50.47 99.21
12:00:58 -3.76 50.47 99.21
12:00:59 -4.36 50.47 99.21
12:01:00 -4.07 50.47 99.21
12:01:01 -4.07 50.47 99.21
12:01:02 -4.18 50.47 99.21
12:01:03 -4.54 50.47 99.21
12:01:04 -4.10 50.47 99.21
12:01:05 1.12 50.47 99.21
12:01:06 18.90 50.47 99.21
12:01:07 67.92 50.47 99.23
12:01:08 156.45 50.47 99.21
12:01:09 267.77 50.47 99.21
12:01:10 364.44 50.47 99.21
12:01:11 412.50 50.47 99.21
12:01:12 403.81 50.47 99.21
12:01:13 352.07 50.47 99.21
12:01:14 281.83 50.47 99.21
12:01:15 211.40 50.47 99.21
12:01:16 144.60 50.47 99.21
12:01:17 95.01 50.47 99.21
12:01:18 62.79 50.47 99.21
12:01:19 42.31 50.47 99.21
12:01:20 28.67 50.47 99.21
12:01:21 20.54 50.47 99.21
12:01:22 14.34 50.47 99.21
12:01:23 10.65 50.47 99.21
12:01:24 7.66 50.47 99.21
12:01:25 6.39 50.47 99.21
12:01:26 4.38 50.47 99.21
12:01:27 2.81 50.47 99.21
12:01:28 1.53 50.47 99.21
12:01:29 0.73 50.47 99.21
12:01:30 -0.01 50.47 99.21
12:01:31 -0.83 50.47 99.21
12:01:32 -1.18 50.47 99.22
12:01:33 -2.20 50.47 99.21
12:01:34 -2.63 50.47 99.21
12:01:35 -2.67 50.47 99.23
12:01:36 -2.57 50.47 99.21
12:01:37 -2.95 50.47 99.23
12:01:38 -3.42 50.47 99.21
12:01:39 -3.30 50.47 99.21
12:01:40 -3.40 50.47 99.21
12:01:41 -3.59 50.47 99.21
12:01:42 -2.62 50.47 99.23
12:01:43 2.88 50.47 99.21
12:01:44 21.17 50.47 99.22
12:01:45 61.38 50.47 99.21
12:01:46 119.58 50.47 99.21
12:01:47 150.18 50.47 99.23
12:01:48 201.05 50.47 99.21
12:01:49 223.77 50.47 99.21
12:01:50 213.20 50.47 99.21
12:01:51 181.11 50.47 99.21
12:01:52 140.48 50.47 99.21
12:01:53 100.61 50.47 99.21
12:01:54 64.62 50.47 99.21
12:01:55 40.68 50.47 99.21
12:01:56 25.38 50.47 99.21
12:01:57 15.14 50.47 99.22
12:01:58 9.18 50.47 99.22
12:01:59 5.26 50.47 99.21
12:02:00 2.75 50.47 99.21
12:02:01 1.66 50.47 99.21
12:02:02 -0.19 50.47 99.21
12:02:03 -0.96 50.47 99.21
12:02:04 -1.75 50.47 99.21
12:02:05 -2.58 50.47 99.21
12:02:06 -2.95 50.47 99.21
12:02:07 -3.09 50.47 99.21
12:02:08 -3.38 50.47 99.21
12:02:09 -3.47 50.47 99.22
12:02:10 -3.84 50.47 99.21
12:02:11 -4.09 50.47 99.21
12:02:12 -4.04 50.47 99.21
12:02:13 -3.99 50.47 99.21
12:02:14 -4.35 50.47 99.21
12:02:15 -4.22 50.47 99.21
12:02:16 -4.25 50.47 99.21
12:02:17 -4.10 50.47 99.21
12:02:18 -4.24 50.47 99.21
12:02:19 -4.05 50.47 99.21
12:02:20 -2.46 50.47 99.21
12:02:21 3.48 50.47 99.21
12:02:22 15.56 50.47 99.21
12:02:23 32.78 50.47 99.21
12:02:24 50.73 50.47 99.21
12:02:25 62.88 50.47 99.21
12:02:26 65.64 50.47 99.21
12:02:27 59.70 50.47 99.21
12:02:28 48.00 50.47 99.21
12:02:29 36.40 50.47 99.21
12:02:30 30.75 50.47 99.21
12:02:31 19.71 50.47 99.21
12:02:32 11.36 50.47 99.23
12:02:33 6.18 50.47 99.21
12:02:34 2.96 50.47 99.21
12:02:35 0.72 50.47 99.21
12:02:36 -0.14 50.47 99.21
12:02:37 -1.54 50.47 99.21
12:02:38 -1.96 50.47 99.21
12:02:39 -2.93 50.47 99.22
12:02:40 -2.86 50.47 99.21
12:02:41 -3.20 50.47 99.21
12:02:42 -3.54 50.47 99.21
12:02:43 -3.59 50.47 99.21
12:02:44 -4.00 50.47 99.21
12:02:45 -3.97 50.47 99.21
12:02:46 -4.16 50.47 99.21
12:02:47 -3.95 50.47 99.21
12:02:48 -4.55 50.47 99.21
12:02:49 -4.22 50.47 99.21
12:02:50 -4.54 50.47 99.21
12:02:51 -4.43 50.47 99.21
12:02:52 -4.49 50.47 99.21
12:02:53 -4.80 50.47 99.21
12:02:54 -4.34 50.47 99.21
12:02:55 -4.86 50.47 99.21
12:02:56 -4.74 50.47 99.21
12:02:57 -4.31 50.47 99.21
12:02:58 -5.14 50.47 99.21
12:02:59 -4.97 50.47 99.21
12:03:00 -4.46 50.47 99.21
12:03:01 -4.77 50.47 99.21
12:03:02 -4.40 50.47 99.21
12:03:03 -4.95 50.47 99.21
12:03:04 -4.45 50.47 99.21
12:03:05 -5.12 50.47 99.21
12:03:06 -4.59 50.47 99.21
12:03:07 -4.79 50.47 99.21
12:03:08 -5.09 50.47 99.21
12:03:09 -4.51 50.47 99.22
12:03:10 -4.60 50.47 99.21
12:03:11 -4.73 50.47 99.21
12:03:12 -4.72 50.47 99.21
12:03:13 -5.04 50.47 99.21
12:03:14 -4.90 50.47 99.21
12:03:15 -4.54 50.47 99.23
12:03:16 -4.97 50.47 99.21
12:03:17 -4.63 50.47 99.21
12:03:18 -4.96 50.47 99.21
12:03:19 -4.85 50.47 99.21
12:03:20 -4.80 50.47 99.21
12:03:21 -5.18 50.47 99.21
12:03:22 -4.76 50.47 99.21
12:03:23 -4.53 50.47 99.21
12:03:24 -4.14 50.47 99.21
12:03:25 0.77 50.47 99.21
12:03:26 17.12 50.47 99.21
12:03:27 51.16 50.47 99.23
12:03:28 104.61 50.47 99.21
12:03:29 160.92 50.47 99.21
12:03:30 202.48 50.47 99.21
12:03:31 214.50 50.47 99.21
12:03:32 198.82 50.47 99.21
12:03:33 166.67 50.47 99.21
12:03:34 128.91 50.47 99.21
12:03:35 108.52 50.47 99.21
12:03:36 73.09 50.47 99.21
12:03:37 48.33 50.47 99.21
12:03:38 31.90 50.47 99.21
12:03:39 20.81 50.47 99.21
12:03:40 13.76 50.47 99.21
12:03:41 9.55 50.47 99.21
12:03:42 6.57 50.47 99.21
12:03:43 3.70 50.47 99.21
12:03:44 2.33 50.47 99.21
12:03:45 1.57 50.47 99.21
12:03:46 0.43 50.47 99.21
12:03:47 -0.50 50.47 99.23
12:03:48 -1.25 50.47 99.21
12:03:49 -2.02 50.47 99.21
12:03:50 -2.67 50.47 99.21
12:03:51 -2.49 50.47 99.21
12:03:52 -2.91 50.47 99.21
12:03:53 -3.21 50.47 99.21
12:03:54 -3.70 50.47 99.21
12:03:55 -3.47 50.47 99.21
12:03:56 -4.01 50.47 99.21
12:03:57 -3.83 50.47 99.21
12:03:58 -3.85 50.47 99.23
12:03:59 -3.58 50.47 99.21
12:04:00 -3.60 50.47 99.21
12:04:01 -1.23 50.47 99.21
12:04:02 4.36 50.47 99.21
12:04:03 14.19 50.47 99.21
12:04:04 26.77 50.47 99.21
12:04:05 38.11 50.47 99.21
12:04:06 43.65 50.47 99.21
12:04:07 42.60 50.47 99.21
12:04:08 36.23 50.47 99.21
12:04:09 28.32 50.47 99.21
12:04:10 19.93 50.47 99.21
12:04:11 13.26 50.47 99.21
12:04:12 7.50 50.47 99.21
12:04:13 4.22 50.47 99.23
12:04:14 1.93 50.47 99.21
12:04:15 0.22 50.47 99.21
12:04:16 -1.25 50.47 99.21
12:04:17 -2.01 50.47 99.21
12:04:18 -2.52 50.47 99.21
12:04:19 -2.85 50.47 99.21
12:04:20 -3.02 50.47 99.21
12:04:21 -3.24 50.47 99.21
12:04:22 -3.85 50.47 99.22
12:04:23 -4.20 50.47 99.21
12:04:24 -4.04 50.47 99.21
12:04:25 -4.25 50.47 99.21
12:04:26 -4.19 50.47 99.21
12:04:27 -4.68 50.47 99.21
12:04:28 -4.20 50.47 99.21
12:04:29 -4.63 50.47 99.21
12:04:30 -4.48 50.47 99.21
12:04:31 -4.93 50.47 99.21
12:04:32 -4.41 50.47 99.21
12:04:33 -4.76 50.47 99.21
12:04:34 -4.61 50.47 99.21
12:04:35 -4.93 50.47 99.21
12:04:36 -4.61 50.47 99.21
12:04:37 -4.72 50.47 99.21
12:04:38 -4.46 50.47 99.21
12:04:39 -4.79 50.47 99.21
12:04:40 -4.57 50.47 99.21
12:04:41 -4.43 50.47 99.21
12:04:42 -5.06 50.47 99.21
12:04:43 -4.88 50.47 99.21
12:04:44 -4.81 50.47 99.21
12:04:45 -4.55 50.47 99.21
12:04:46 -4.81 50.47 99.21
12:04:47 -4.78 50.47 99.21
12:04:48 -4.59 50.47 99.21
12:04:49 -4.65 50.47 99.21
12:04:50 -4.93 50.47 99.21
12:04:51 -4.90 50.47 99.21
12:04:52 -3.71 50.47 99.21
12:04:53 0.34 50.47 99.21
12:04:54 9.73 50.47 99.21
12:04:55 26.03 50.47 99.21
12:04:56 44.95 50.47 99.21
12:04:57 60.59 50.47 99.21
12:04:58 68.28 50.47 99.21
12:04:59 65.39 50.47 99.21
12:05:00 55.63 50.47 99.21
12:05:01 43.13 50.47 99.21
12:05:02 36.62 50.47 99.21
12:05:03 24.22 50.47 99.21
12:05:04 14.15 50.47 99.21
12:05:05 7.78 50.47 99.21
12:05:06 4.05 50.47 99.21
12:05:07 1.30 50.47 99.21
12:05:08 -0.49 50.47 99.21
12:05:09 -1.52 50.47 99.21
12:05:10 -2.73 50.47 99.21
12:05:11 -3.03 50.47 99.23
12:05:12 -3.01 50.47 99.21
12:05:13 -3.84 50.47 99.21
12:05:14 -3.58 50.47 99.21
12:05:15 -3.98 50.47 99.21
12:05:16 -4.08 50.47 99.21
12:05:17 -4.07 50.47 99.21
12:05:18 -4.46 50.47 99.21
12:05:19 -4.66 50.47 99.21
12:05:20 -4.27 50.47 99.21
12:05:21 -4.63 50.47 99.21
12:05:22 -4.58 50.47 99.21
12:05:23 -4.65 50.47 99.21
12:05:24 -4.65 50.47 99.21
12:05:25 -4.30 50.47 99.21
12:05:26 -1.95 50.47 99.21
12:05:27 7.39 50.47 99.21
12:05:28 30.29 50.47 99.21
12:05:29 70.61 50.47 99.21
12:05:30 119.51 50.47 99.21
12:05:31 158.96 50.47 99.21
12:05:32 176.37 50.47 99.21
12:05:33 169.27 50.47 99.21
12:05:34 143.39 50.47 99.21
12:05:35 112.80 50.47 99.21
12:05:36 79.10 50.47 99.21
12:05:37 50.80 50.47 99.21
12:05:38 32.57 50.47 99.21
12:05:39 19.73 50.47 99.21
12:05:40 11.68 50.47 99.21
12:05:41 6.83 50.47 99.21
12:05:42 4.26 50.47 99.21
12:05:43 2.26 50.47 99.21
12:05:44 0.53 50.47 99.21
12:05:45 -0.56 50.47 99.21
12:05:46 -0.86 50.47 99.23
12:05:47 -1.60 50.47 99.21
12:05:48 -1.97 50.47 99.21
12:05:49 -2.89 50.47 99.21
12:05:50 -3.19 50.47 99.21
12:05:51 -3.05 50.47 99.21
12:05:52 -3.82 50.47 99.21
12:05:53 -3.72 50.47 99.21
12:05:54 -3.93 50.47 99.21
12:05:55 -3.80 50.47 99.21
12:05:56 -4.38 50.47 99.23
12:05:57 -4.07 50.47 99.21
12:05:58 -4.30 50.47 99.21
12:05:59 -4.30 50.47 99.21
12:06:00 -4.08 50.47 99.21
12:06:01 -3.53 50.47 99.21
12:06:02 2.37 50.47 99.21
12:06:03 22.36 50.47 99.21
12:06:04 68.72 50.47 99.21
12:06:05 143.29 50.47 99.21
12:06:06 227.03 50.47 99.21
12:06:07 262.45 50.47 99.21
12:06:08 306.03 50.47 99.21
12:06:09 306.52 50.47 99.21
12:06:10 272.56 50.47 99.21
12:06:11 219.84 50.47 99.21
12:06:12 166.60 50.47 99.21
12:06:13 114.35 50.47 99.21
12:06:14 74.40 50.47 99.21
12:06:15 47.84 50.47 99.21
12:06:16 31.07 50.47 99.21
12:06:17 20.54 50.47 99.21
12:06:18 13.48 50.47 99.21
12:06:19 8.99 50.47 99.21
12:06:20 5.86 50.47 99.21
12:06:21 3.57 50.47 99.21
12:06:22 1.97 50.47 99.21
12:06:23 1.14 50.47 99.21
12:06:24 -0.38 50.47 99.23
12:06:25 -0.89 50.47 99.21
12:06:26 -1.25 50.47 99.21
12:06:27 -2.38 50.47 99.21
12:06:28 -2.32 50.47 99.21
12:06:29 -2.57 50.47 99.21
12:06:30 -2.98 50.47 99.21
12:06:31 -3.40 50.47 99.21
12:06:32 -3.04 50.47 99.21
12:06:33 -3.63 50.47 99.21
12:06:34 -3.78 50.47 99.21
12:06:35 -3.97 50.47 99.21
12:06:36 -3.55 50.47 99.21
12:06:37 -3.67 50.47 99.21
12:06:38 -1.68 50.47 99.21
12:06:39 6.20 50.47 99.23
12:06:40 27.10 50.47 99.21
12:06:41 62.99 50.47 99.21
12:06:42 106.79 50.47 99.21
12:06:43 144.08 50.47 99.21
12:06:44 161.73 50.47 99.21
12:06:45 156.71 50.47 99.21
12:06:46 134.10 50.47 99.21
12:06:47 107.07 50.47 99.22
12:06:48 76.69 50.47 99.22
12:06:49 49.34 50.47 99.22
12:06:50 30.94 50.47 99.22
12:06:51 24.06 50.47 99.22
12:06:52 14.78 50.47 99.21
12:06:53 8.50 50.47 99.21
12:06:54 4.96 50.47 99.21
12:06:55 2.57 50.47 99.21
12:06:56 0.54 50.47 99.21
12:06:57 -0.68 50.47 99.21
12:06:58 -1.19 50.47 99.22
12:06:59 -1.79 50.47 99.21
12:07:00 -3.03 50.47 99.21
12:07:01 -2.86 50.47 99.21
12:07:02 -3.02 50.47 99.21
12:07:03 -3.66 50.47 99.21
12:07:04 -4.05 50.47 99.21
12:07:05 -4.06 50.47 99.22
12:07:06 -4.14 50.47 99.22
12:07:07 -4.03 50.47 99.22
12:07:08 -4.38 50.47 99.21
12:07:09 -4.19 50.47 99.21
12:07:10 -4.44 50.47 99.21
12:07:11 -4.27 50.47 99.21
12:07:12 -4.51 50.47 99.21
12:07:13 -4.29 50.47 99.21
12:07:14 -4.33 50.47 99.21
12:07:15 -2.61 50.47 99.21
12:07:16 4.04 50.47 99.21
12:07:17 19.85 50.47 99.21
12:07:18 47.40 50.47 99.21
12:07:19 80.49 50.47 99.21
12:07:20 107.26 50.47 99.21
12:07:21 119.78 50.47 99.21
12:07:22 114.67 50.47 99.21
12:07:23 98.41 50.47 99.21
12:07:24 78.00 50.47 99.21
12:07:25 55.88 50.47 99.21
12:07:26 36.77 50.47 99.21
12:07:27 22.97 50.47 99.21
12:07:28 14.49 50.47 99.23
12:07:29 9.04 50.47 99.21
12:07:30 5.44 50.47 99.21
12:07:31 3.19 50.47 99.21
12:07:32 1.45 50.47 99.21
12:07:33 -0.01 50.47 99.21
12:07:34 -0.43 50.47 99.21
12:07:35 -1.14 50.47 99.21
12:07:36 -1.56 50.47 99.21
12:07:37 -2.04 50.47 99.21
12:07:38 -2.88 50.47 99.24
12:07:39 -3.62 50.47 99.22
12:07:40 -3.07 50.47 99.21
12:07:41 -3.90 50.47 99.21
12:07:42 -3.73 50.47 99.21
12:07:43 -3.85 50.47 99.21
12:07:44 -3.79 50.47 99.21
12:07:45 -4.17 50.47 99.21
12:07:46 -4.18 50.47 99.21
12:07:47 -4.43 50.47 99.21
12:07:48 -4.15 50.47 99.21
12:07:49 -2.24 50.47 99.21
12:07:50 3.03 50.47 99.21
12:07:51 13.01 50.47 99.21
12:07:52 27.20 50.47 99.21
12:07:53 40.69 50.47 99.21
12:07:54 49.85 50.47 99.21
12:07:55 50.08 50.47 99.21
12:07:56 47.84 50.47 99.21
12:07:57 39.86 50.47 99.21
12:07:58 30.66 50.47 99.21
12:07:59 20.23 50.47 99.21
12:08:00 11.31 50.47 99.21
12:08:01 5.90 50.47 99.21
12:08:02 2.33 50.47 99.21
12:08:03 -0.24 50.47 99.21
12:08:04 -1.38 50.47 99.21
12:08:05 -2.22 50.47 99.21
12:08:06 -2.82 50.47 99.21
12:08:07 -3.28 50.47 99.22
12:08:08 -3.69 50.47 99.21
12:08:09 -3.60 50.47 99.21
12:08:10 -4.09 50.47 99.22
12:08:11 -4.31 50.47 99.22
12:08:12 -4.38 50.47 99.21
12:08:13 -4.61 50.47 99.21
12:08:14 -4.32 50.47 99.22
12:08:15 -4.51 50.47 99.22
12:08:16 -4.54 50.47 99.22
12:08:17 -4.56 50.47 99.22
12:08:18 -4.76 50.47 99.21
12:08:19 -4.46 50.47 99.21
12:08:20 -4.77 50.47 99.22
12:08:21 -4.69 50.47 99.21
12:08:22 -4.74 50.47 99.21
12:08:23 -4.86 50.47 99.21
12:08:24 -4.66 50.47 99.21
12:08:25 -5.05 50.47 99.21
12:08:26 -4.71 50.47 99.21
12:08:27 -4.71 50.47 99.21
12:08:28 -4.78 50.47 99.21
12:08:29 -4.81 50.47 99.21
12:08:30 -5.16 50.47 99.21
12:08:31 -5.03 50.47 99.21
12:08:32 -4.44 50.47 99.21
12:08:33 -4.84 50.47 99.21
12:08:34 -5.12 50.47 99.21
12:08:35 -4.74 50.47 99.21
12:08:36 -4.46 50.47 99.21
12:08:37 -4.63 50.47 99.21
12:08:38 -4.67 50.47 99.21
12:08:39 -4.72 50.47 99.21
12:08:40 -4.82 50.47 99.22
12:08:41 -5.48 50.47 99.21
12:08:42 -4.57 50.47 99.21
12:08:43 -4.94 50.47 99.22
12:08:44 -5.26 50.47 99.22
12:08:45 -5.07 50.47 99.21
12:08:46 -5.16 50.47 99.21
12:08:47 -4.84 50.47 99.21
12:08:48 -5.15 50.47 99.21
12:08:49 -5.09 50.47 99.21
12:08:50 -4.67 50.47 99.21
12:08:51 -4.86 50.47 99.21
12:08:52 -4.72 50.47 99.21
12:08:53 -3.59 50.47 99.21
12:08:54 0.13 50.47 99.21
12:08:55 11.24 50.47 99.21
12:08:56 31.72 50.47 99.21
12:08:57 57.82 50.47 99.21
12:08:58 81.32 50.47 99.21
12:08:59 93.83 50.47 99.21
12:09:00 93.24 50.47 99.21
12:09:01 88.18 50.47 99.21
12:09:02 72.78 50.47 99.21
12:09:03 55.10 50.47 99.21
12:09:04 37.55 50.47 99.21
12:09:05 23.06 50.47 99.21
12:09:06 13.17 50.47 99.21
12:09:07 7.66 50.47 99.21
12:09:08 3.67 50.47 99.22
12:09:09 1.01 50.47 99.21
12:09:10 -0.30 50.47 99.21
12:09:11 -1.49 50.47 99.21
12:09:12 -2.17 50.47 99.21
12:09:13 -2.67 50.47 99.21
12:09:14 -3.19 50.47 99.21
12:09:15 -3.08 50.47 99.21
12:09:16 -3.47 50.47 99.21
12:09:17 -4.03 50.47 99.21
12:09:18 -4.42 50.47 99.23
12:09:19 -4.36 50.47 99.21
12:09:20 -4.28 50.47 99.21
12:09:21 -4.34 50.47 99.21
12:09:22 -4.86 50.47 99.21
12:09:23 -4.33 50.47 99.21
12:09:24 -4.59 50.47 99.21
12:09:25 -4.46 50.47 99.21
12:09:26 -5.03 50.47 99.21
12:09:27 -4.39 50.47 99.21
12:09:28 -2.82 50.47 99.21
12:09:29 3.26 50.47 99.21
12:09:30 19.68 50.47 99.21
12:09:31 49.31 50.47 99.21
12:09:32 85.92 50.47 99.21
12:09:33 118.54 50.47 99.21
12:09:34 134.76 50.47 99.21
12:09:35 131.28 50.47 99.21
12:09:36 113.88 50.47 99.21
12:09:37 90.56 50.47 99.21
12:09:38 64.95 50.47 99.22
12:09:39 42.10 50.47 99.21
12:09:40 26.11 50.47 99.21
12:09:41 15.97 50.47 99.22
12:09:42 9.28 50.47 99.22
12:09:43 4.91 50.47 99.22
12:09:44 2.24 50.47 99.23
12:09:45 1.69 50.47 99.21
12:09:46 0.00 50.47 99.21
12:09:47 -0.91 50.47 99.21
12:09:48 -2.02 50.47 99.21
12:09:49 -2.44 50.47 99.21
12:09:50 -2.76 50.47 99.21
12:09:51 -3.07 50.47 99.21
12:09:52 -3.32 50.47 99.21
12:09:53 -3.86 50.47 99.22
12:09:54 -3.98 50.47 99.22
12:09:55 -4.11 50.47 99.22
12:09:56 -4.39 50.47 99.21
12:09:57 -3.79 50.47 99.21
12:09:58 -4.34 50.47 99.21
12:09:59 -4.57 50.47 99.21
12:10:00 -4.19 50.47 99.21
12:10:01 -4.38 50.47 99.21
12:10:02 -4.37 50.47 99.21
12:10:03 -2.36 50.47 99.21
12:10:04 6.24 50.47 99.21
12:10:05 28.62 50.47 99.21
12:10:06 46.15 50.47 99.21
12:10:07 92.69 50.47 99.21
12:10:08 140.75 50.47 99.21
12:10:09 173.88 50.47 99.21
12:10:10 181.83 50.47 99.21
12:10:11 167.83 50.47 99.21
12:10:12 139.16 50.47 99.21
12:10:13 106.96 50.47 99.21
12:10:14 72.67 50.47 99.21
12:10:15 47.39 50.47 99.22
12:10:16 30.62 50.47 99.22
12:10:17 19.49 50.47 99.22
12:10:18 12.13 50.47 99.22
12:10:19 7.65 50.47 99.22
12:10:20 5.26 50.47 99.22
12:10:21 2.19 50.47 99.22
12:10:22 1.47 50.47 99.21
12:10:23 -0.14 50.47 99.21
12:10:24 -0.87 50.47 99.21
12:10:25 -1.78 50.47 99.22
12:10:26 -2.21 50.47 99.22
12:10:27 -2.48 50.47 99.22
12:10:28 -2.45 50.47 99.22
12:10:29 -3.05 50.47 99.22
12:10:30 -3.38 50.47 99.21
12:10:31 -3.37 50.47 99.21
12:10:32 -3.95 50.47 99.21
12:10:33 -3.91 50.47 99.22
12:10:34 -4.19 50.47 99.21
12:10:35 -4.16 50.47 99.21
12:10:36 -4.24 50.47 99.21
12:10:37 -4.26 50.47 99.21
12:10:38 -4.05 50.47 99.21
12:10:39 -3.73 50.47 99.21
12:10:40 0.60 50.47 99.21
12:10:41 15.28 50.47 99.22
12:10:42 48.92 50.47 99.21
12:10:43 101.03 50.47 99.23
12:10:44 157.57 50.47 99.21
12:10:45 199.42 50.47 99.21
12:10:46 212.71 50.47 99.21
12:10:47 198.37 50.47 99.21
12:10:48 165.85 50.47 99.21
12:10:49 129.53 50.47 99.21
12:10:50 111.22 50.47 99.21
12:10:51 74.64 50.47 99.21
12:10:52 49.26 50.47 99.21
12:10:53 30.60 50.47 99.22
12:10:54 19.21 50.47 99.22
12:10:55 12.14 50.47 99.22
12:10:56 7.82 50.47 99.22
12:10:57 4.80 50.47 99.22
12:10:58 2.60 50.47 99.21
12:10:59 0.84 50.47 99.21
12:11:00 -0.01 50.47 99.22
12:11:01 -1.17 50.47 99.22
12:11:02 -1.50 50.47 99.21
12:11:03 -2.60 50.47 99.21
12:11:04 -2.47 50.47 99.21
12:11:05 -3.22 50.47 99.22
12:11:06 -3.25 50.47 99.21
12:11:07 -3.58 50.47 99.21
12:11:08 -4.06 50.47 99.22
12:11:09 -3.71 50.47 99.21
12:11:10 -4.16 50.47 99.21
12:11:11 -3.80 50.47 99.21
12:11:12 -4.09 50.47 99.21
12:11:13 -3.89 50.47 99.21
12:11:14 -4.52 50.47 99.21
12:11:15 -3.76 50.47 99.21
12:11:16 -3.02 50.47 99.21
12:11:17 1.67 50.47 99.21
12:11:18 13.43 50.47 99.21
12:11:19 32.98 50.47 99.21
12:11:20 56.98 50.47 99.21
12:11:21 75.79 50.47 99.21
12:11:22 84.53 50.47 99.21
12:11:23 81.35 50.47 99.21
12:11:24 69.43 50.47 99.21
12:11:25 53.95 50.47 99.21
12:11:26 38.73 50.47 99.21
12:11:27 24.98 50.47 99.22
12:11:28 15.43 50.47 99.21
12:11:29 9.22 50.47 99.21
12:11:30 5.08 50.47 99.21
12:11:31 2.70 50.47 99.21
12:11:32 0.74 50.47 99.22
12:11:33 0.47 50.47 99.22
12:11:34 -0.54 50.47 99.21
12:11:35 -1.64 50.47 99.21
12:11:36 -2.08 50.47 99.21
12:11:37 -2.49 50.47 99.21
12:11:38 -2.83 50.47 99.22
12:11:39 -3.40 50.47 99.22
12:11:40 -3.69 50.47 99.22
12:11:41 -3.33 50.47 99.22
12:11:42 -3.90 50.47 99.21
12:11:43 -3.98 50.47 99.21
12:11:44 -3.77 50.47 99.21
12:11:45 -4.35 50.47 99.21
12:11:46 -4.42 50.47 99.21
12:11:47 -4.48 50.47 99.22
12:11:48 -4.44 50.47 99.21
12:11:49 -4.08 50.47 99.21
12:11:50 -4.26 50.47 99.21
12:11:51 -4.54 50.47 99.21
12:11:52 -4.29 50.47 99.21
12:11:53 -4.65 50.47 99.22
12:11:54 -4.76 50.47 99.21
12:11:55 -4.46 50.47 99.21
12:11:56 -4.81 50.47 99.21
12:11:57 -5.00 50.47 99.22
12:11:58 -4.72 50.47 99.21
12:11:59 -4.30 50.47 99.21
12:12:00 -5.02 50.47 99.21
12:12:01 -4.77 50.47 99.22
12:12:02 -4.98 50.47 99.21
12:12:03 -4.76 50.47 99.21
12:12:04 -4.35 50.47 99.22
12:12:05 -4.93 50.47 99.22
12:12:06 -4.82 50.47 99.22
12:12:07 -4.89 50.47 99.21
12:12:08 -4.88 50.47 99.21
12:12:09 -4.87 50.47 99.22
12:12:10 -4.95 50.47 99.22
12:12:11 -4.78 50.47 99.21
12:12:12 -4.73 50.47 99.21
12:12:13 -5.07 50.47 99.21
12:12:14 -4.64 50.47 99.21
12:12:15 -2.62 50.47 99.21
12:12:16 0.39 50.47 99.21
12:12:17 12.19 50.47 99.23
12:12:18 39.50 50.47 99.21
12:12:19 77.62 50.47 99.21
12:12:20 118.09 50.47 99.21
12:12:21 144.81 50.47 99.21
12:12:22 150.58 50.47 99.21
12:12:23 137.81 50.47 99.21
12:12:24 113.20 50.47 99.21
12:12:25 86.63 50.47 99.21
12:12:26 59.66 50.47 99.21
12:12:27 38.31 50.47 99.22
12:12:28 24.49 50.47 99.22
12:12:29 14.97 50.47 99.22
12:12:30 9.03 50.47 99.22
12:12:31 5.29 50.47 99.22
12:12:32 2.64 50.47 99.22
12:12:33 1.37 50.47 99.22
12:12:34 -0.10 50.47 99.21
12:12:35 -1.25 50.47 99.21
12:12:36 -1.73 50.47 99.22
12:12:37 -2.11 50.47 99.21
12:12:38 -2.31 50.47 99.21
12:12:39 -2.29 50.47 99.22
12:12:40 -3.14 50.47 99.22
12:12:41 -3.48 50.47 99.22
12:12:42 -3.81 50.47 99.22
12:12:43 -3.96 50.47 99.22
12:12:44 -4.24 50.47 99.22
12:12:45 -3.44 50.47 99.21
12:12:46 -4.08 50.47 99.21
12:12:47 -4.34 50.47 99.21
12:12:48 -4.33 50.47 99.21
12:12:49 -4.21 50.47 99.21
12:12:50 -4.60 50.47 99.21
12:12:51 -3.18 50.47 99.21
12:12:52 3.05 50.47 99.21
12:12:53 19.79 50.47 99.21
12:12:54 54.73 50.47 99.21
12:12:55 103.49 50.47 99.21
12:12:56 151.63 50.47 99.21
12:12:57 181.85 50.47 99.21
12:12:58 186.21 50.47 99.21
12:12:59 168.60 50.47 99.21
12:13:00 154.29 50.47 99.21
12:13:01 121.58 50.47 99.22
12:13:02 86.93 50.47 99.21
12:13:03 56.87 50.47 99.21
12:13:04 36.81 50.47 99.22
12:13:05 23.11 50.47 99.22
12:13:06 15.00 50.47 99.22
12:13:07 9.42 50.47 99.22
12:13:08 6.02 50.47 99.22
12:13:09 3.18 50.47 99.22
12:13:10 1.85 50.47 99.22
12:13:11 0.68 50.47 99.21
12:13:12 -0.43 50.47 99.21
12:13:13 -1.28 50.47 99.21
12:13:14 -1.92 50.47 99.21
12:13:15 -2.35 50.47 99.22
12:13:16 -3.01 50.47 99.22
12:13:17 -3.54 50.47 99.24
12:13:18 -3.19 50.47 99.22
12:13:19 -3.61 50.47 99.24
12:13:20 -3.77 50.47 99.21
12:13:21 -3.91 50.47 99.21
12:13:22 -3.97 50.47 99.21
12:13:23 -3.76 50.47 99.21
12:13:24 -4.25 50.47 99.21
12:13:25 -3.81 50.47 99.21
12:13:26 -3.89 50.47 99.21
12:13:27 -0.58 50.47 99.21
12:13:28 11.40 50.47 99.21
12:13:29 41.41 50.47 99.21
12:13:30 91.47 50.47 99.21
12:13:31 149.81 50.47 99.21
12:13:32 198.92 50.47 99.21
12:13:33 219.34 50.47 99.22
12:13:34 210.08 50.47 99.21
12:13:35 180.17 50.47 99.21
12:13:36 141.95 50.47 99.22
12:13:37 103.11 50.47 99.22
12:13:38 67.79 50.47 99.22
12:13:39 43.73 50.47 99.22
12:13:40 28.34 50.47 99.22
12:13:41 18.11 50.47 99.22
12:13:42 11.77 50.47 99.22
12:13:43 9.43 50.47 99.22
12:13:44 5.88 50.47 99.22
12:13:45 3.69 50.47 99.22
12:13:46 1.69 50.47 99.22
12:13:47 0.74 50.47 99.22
12:13:48 -0.62 50.47 99.22
12:13:49 -1.24 50.47 99.22
12:13:50 -1.89 50.47 99.22
12:13:51 -2.26 50.47 99.24
12:13:52 -2.75 50.47 99.22
12:13:53 -3.43 50.47 99.22
12:13:54 -2.95 50.47 99.22
12:13:55 -3.59 50.47 99.22
12:13:56 -3.74 50.47 99.22
12:13:57 -3.72 50.47 99.22
12:13:58 -3.92 50.47 99.21
12:13:59 -4.14 50.47 99.21
12:14:00 -4.38 50.47 99.21
12:14:01 -4.18 50.47 99.21
12:14:02 -3.59 50.47 99.22
12:14:03 -0.49 50.47 99.22
12:14:04 9.63 50.47 99.23
12:14:05 18.75 50.47 99.21
12:14:06 45.05 50.47 99.21
12:14:07 76.88 50.47 99.21
12:14:08 104.00 50.47 99.22
12:14:09 116.28 50.47 99.22
12:14:10 112.73 50.47 99.22
12:14:11 96.56 50.47 99.22
12:14:12 76.49 50.47 99.21
12:14:13 54.48 50.47 99.21
12:14:14 34.89 50.47 99.22
12:14:15 21.84 50.47 99.22
12:14:16 13.22 50.47 99.22
12:14:17 7.38 50.47 99.22
12:14:18 4.07 50.47 99.22
12:14:19 1.94 50.47 99.22
12:14:20 0.43 50.47 99.22
12:14:21 -0.97 50.47 99.22
12:14:22 -1.58 50.47 99.22
12:14:23 -2.23 50.47 99.22
12:14:24 -2.85 50.47 99.22
12:14:25 -2.90 50.47 99.22
12:14:26 -3.04 50.47 99.22
12:14:27 -3.33 50.47 99.22
12:14:28 -4.18 50.47 99.22
12:14:29 -3.90 50.47 99.22
12:14:30 -4.13 50.47 99.22
12:14:31 -4.40 50.47 99.24
12:14:32 -4.19 50.47 99.22
12:14:33 -4.07 50.47 99.22
12:14:34 -4.42 50.47 99.22
12:14:35 -4.50 50.47 99.22
12:14:36 -4.62 50.47 99.22
12:14:37 -4.55 50.47 99.22
12:14:38 -4.61 50.47 99.24
12:14:39 -4.38 50.47 99.22
12:14:40 -3.49 50.47 99.22
12:14:41 0.33 50.47 99.22
12:14:42 9.90 50.47 99.22
12:14:43 26.77 50.47 99.22
12:14:44 48.65 50.47 99.22
12:14:45 67.17 50.47 99.22
12:14:46 76.39 50.47 99.21
12:14:47 74.97 50.47 99.21
12:14:48 70.71 50.47 99.23
12:14:49 58.27 50.47 99.22
12:14:50 43.99 50.47 99.23
12:14:51 31.45 50.47 99.21
12:14:52 20.12 50.47 99.22
12:14:53 11.40 50.47 99.22
12:14:54 5.89 50.47 99.22
12:14:55 3.08 50.47 99.22
12:14:56 0.94 50.47 99.22
12:14:57 -0.74 50.47 99.22
12:14:58 -0.95 50.47 99.22
12:14:59 -1.71 50.47 99.22
12:15:00 -2.74 50.47 99.22
12:15:01 -3.16 50.47 99.22
12:15:02 -3.60 50.47 99.22
12:15:03 -3.97 50.47 99.22
12:15:04 -3.76 50.47 99.22
12:15:05 -4.08 50.47 99.22
12:15:06 -4.01 50.47 99.22
12:15:07 -4.29 50.47 99.22
12:15:08 -3.89 50.47 99.22
12:15:09 -4.58 50.47 99.22
12:15:10 -4.68 50.47 99.22
12:15:11 -4.33 50.47 99.22
12:15:12 -4.60 50.47 99.22
12:15:13 -4.72 50.47 99.22
12:15:14 -4.44 50.47 99.22
12:15:15 -4.92 50.47 99.22
12:15:16 -4.79 50.47 99.22
12:15:17 -4.96 50.47 99.22
12:15:18 -4.88 50.47 99.22
12:15:19 -4.70 50.47 99.22
12:15:20 -5.02 50.47 99.22
12:15:21 -5.19 50.47 99.22
12:15:22 -4.68 50.47 99.21
12:15:23 -5.08 50.47 99.21
12:15:24 -4.95 50.47 99.22
12:15:25 -4.45 50.47 99.22
12:15:26 -4.80 50.47 99.22
12:15:27 -4.96 50.47 99.22
12:15:28 -4.99 50.47 99.22
12:15:29 -5.18 50.47 99.22
12:15:30 -4.60 50.47 99.22
12:15:31 -4.64 50.47 99.21
12:15:32 -4.86 50.47 99.21
12:15:33 -5.14 50.47 99.22
12:15:34 -5.04 50.47 99.22
12:15:35 -5.01 50.47 99.22
12:15:36 -4.74 50.47 99.22
12:15:37 -4.24 50.47 99.22
12:15:38 -1.79 50.47 99.22
12:15:39 7.23 50.47 99.22
12:15:40 28.21 50.47 99.22
12:15:41 61.33 50.47 99.22
12:15:42 98.43 50.47 99.22
12:15:43 126.19 50.47 99.22
12:15:44 135.99 50.47 99.22
12:15:45 127.87 50.47 99.22
12:15:46 107.89 50.47 99.22
12:15:47 84.52 50.47 99.22
12:15:48 59.65 50.47 99.22
12:15:49 38.98 50.47 99.22
12:15:50 25.58 50.47 99.22
12:15:51 16.80 50.47 99.22
12:15:52 10.87 50.47 99.22
12:15:53 6.95 50.47 99.22
12:15:54 5.55 50.47 99.22
12:15:55 3.34 50.47 99.22
12:15:56 2.00 50.47 99.22
12:15:57 0.70 50.47 99.22
12:15:58 -0.44 50.47 99.22
12:15:59 -1.09 50.47 99.22
12:16:00 -1.56 50.47 99.22
12:16:01 -1.98 50.47 99.22
12:16:02 -2.42 50.47 99.22
12:16:03 -3.41 50.47 99.22
12:16:04 -3.08 50.47 99.22
12:16:05 -3.34 50.47 99.22
12:16:06 -3.79 50.47 99.22
12:16:07 -3.84 50.47 99.21
12:16:08 -4.10 50.47 99.21
12:16:09 -4.10 50.47 99.22
12:16:10 -4.21 50.47 99.22
12:16:11 -4.19 50.47 99.22
12:16:12 -3.79 50.47 99.22
12:16:13 -0.43 50.47 99.22
12:16:14 10.68 50.47 99.22
12:16:15 21.13 50.47 99.22
12:16:16 52.41 50.47 99.22
12:16:17 92.43 50.47 99.22
12:16:18 127.26 50.47 99.22
12:16:19 146.21 50.47 99.24
12:16:20 142.79 50.47 99.22
12:16:21 125.27 50.47 99.22
12:16:22 99.81 50.47 99.22
12:16:23 72.54 50.47 99.22
12:16:24 47.27 50.47 99.22
12:16:25 29.27 50.47 99.22
12:16:26 18.12 50.47 99.22
12:16:27 10.78 50.47 99.22
12:16:28 6.33 50.47 99.22
12:16:29 3.34 50.47 99.22
12:16:30 1.50 50.47 99.22
12:16:31 0.15 50.47 99.22
12:16:32 -1.18 50.47 99.22
12:16:33 -1.76 50.47 99.22
12:16:34 -2.18 50.47 99.22
12:16:35 -2.95 50.47 99.22
12:16:36 -3.06 50.47 99.22
12:16:37 -3.20 50.47 99.22
12:16:38 -3.85 50.47 99.22
12:16:39 -3.59 50.47 99.22
12:16:40 -3.76 50.47 99.22
12:16:41 -4.42 50.47 99.22
12:16:42 -4.76 50.47 99.22
12:16:43 -4.26 50.47 99.22
12:16:44 -4.21 50.47 99.22
12:16:45 -4.55 50.47 99.22
12:16:46 -4.36 50.47 99.22
12:16:47 -4.22 50.47 99.22
12:16:48 -0.96 50.47 99.22
12:16:49 9.74 50.47 99.22
12:16:50 38.35 50.47 99.22
12:16:51 86.55 50.47 99.22
12:16:52 143.36 50.47 99.22
12:16:53 191.28 50.47 99.22
12:16:54 212.18 50.47 99.22
12:16:55 204.44 50.47 99.22
12:16:56 175.12 50.47 99.22
12:16:57 138.74 50.47 99.22
12:16:58 100.60 50.47 99.22
12:16:59 82.03 50.47 99.22
12:17:00 53.35 50.47 99.22
12:17:01 34.28 50.47 99.22
12:17:02 21.80 50.47 99.22
12:17:03 13.97 50.47 99.22
12:17:04 9.10 50.47 99.22
12:17:05 5.84 50.47 99.24
12:17:06 3.57 50.47 99.22
12:17:07 1.71 50.47 99.22
12:17:08 0.27 50.47 99.22
12:17:09 -0.43 50.47 99.22
12:17:10 -1.17 50.47 99.22
12:17:11 -1.93 50.47 99.22
12:17:12 -2.24 50.47 99.22
12:17:13 -2.88 50.47 99.22
12:17:14 -2.91 50.47 99.22
12:17:15 -3.83 50.47 99.22
12:17:16 -3.48 50.47 99.22
12:17:17 -4.06 50.47 99.23
12:17:18 -4.04 50.47 99.22
12:17:19 -4.24 50.47 99.22
12:17:20 -4.49 50.47 99.22
12:17:21 -4.01 50.47 99.22
12:17:22 -4.03 50.47 99.23
12:17:23 -4.14 50.47 99.23
12:17:24 -3.87 50.47 99.23
12:17:25 -0.90 50.47 99.22
12:17:26 10.47 50.47 99.22
12:17:27 39.90 50.47 99.22
12:17:28 88.11 50.47 99.22
12:17:29 148.09 50.47 99.22
12:17:30 197.05 50.47 99.22
12:17:31 217.83 50.47 99.24
12:17:32 208.81 50.47 99.22
12:17:33 179.22 50.47 99.22
12:17:34 141.52 50.47 99.22
12:17:35 103.64 50.47 99.22
12:17:36 68.74 50.47 99.22
12:17:37 44.78 50.47 99.22
12:17:38 28.70 50.47 99.22
12:17:39 18.48 50.47 99.22
12:17:40 12.53 50.47 99.22
12:17:41 7.74 50.47 99.22
12:17:42 6.12 50.47 99.22
12:17:43 4.07 50.47 99.22
12:17:44 2.43 50.47 99.22
12:17:45 1.31 50.47 99.22
12:17:46 -0.43 50.47 99.22
12:17:47 -0.85 50.47 99.22
12:17:48 -1.68 50.47 99.22
12:17:49 -1.99 50.47 99.22
12:17:50 -2.39 50.47 99.22
12:17:51 -3.05 50.47 99.23
12:17:52 -3.33 50.47 99.26
12:17:53 -3.38 50.47 99.23
12:17:54 -3.68 50.47 99.23
12:17:55 -3.81 50.47 99.22
12:17:56 -4.38 50.47 99.22
12:17:57 -3.85 50.47 99.22
12:17:58 -3.79 50.47 99.22
12:17:59 -4.18 50.47 99.24
12:18:00 -4.36 50.47 99.22
12:18:01 -3.52 50.47 99.22
12:18:02 -1.57 50.47 99.22
12:18:03 7.60 50.47 99.22
12:18:04 15.55 50.47 99.22
12:18:05 40.40 50.47 99.22
12:18:06 72.63 50.47 99.22
12:18:07 100.30 50.47 99.22
12:18:08 115.18 50.47 99.22
12:18:09 113.46 50.47 99.22
12:18:10 98.65 50.47 99.22
12:18:11 78.59 50.47 99.22
12:18:12 57.41 50.47 99.22
12:18:13 37.33 50.47 99.22
12:18:14 22.91 50.47 99.23
12:18:15 13.98 50.47 99.23
12:18:16 7.85 50.47 99.23
12:18:17 3.91 50.47 99.23
12:18:18 1.97 50.47 99.23
12:18:19 0.03 50.47 99.23
12:18:20 -1.19 50.47 99.23
12:18:21 -1.73 50.47 99.23
12:18:22 -2.22 50.47 99.23
12:18:23 -2.78 50.47 99.24
12:18:24 -2.96 50.47 99.22
12:18:25 -3.59 50.47 99.22
12:18:26 -3.42 50.47 99.22
12:18:27 -3.80 50.47 99.23
12:18:28 -4.36 50.47 99.22
12:18:29 -3.69 50.47 99.22
12:18:30 -4.25 50.47 99.23
12:18:31 -4.50 50.47 99.23
12:18:32 -4.17 50.47 99.23
12:18:33 -4.11 50.47 99.23
12:18:34 -4.66 50.47 99.23
12:18:35 -4.59 50.47 99.26
12:18:36 -4.63 50.47 99.23
12:18:37 -4.39 50.47 99.22
12:18:38 -4.47 50.47 99.22
12:18:39 -4.65 50.47 99.23
12:18:40 -4.86 50.47 99.23
12:18:41 -4.78 50.47 99.22
12:18:42 -4.99 50.47 99.22
12:18:43 -4.70 50.47 99.23
12:18:44 -4.72 50.47 99.23
12:18:45 -4.88 50.47 99.23
12:18:46 -4.90 50.47 99.23
12:18:47 -4.91 50.47 99.23
12:18:48 -4.93 50.47 99.22
12:18:49 -4.36 50.47 99.22
12:18:50 -5.51 50.47 99.23
12:18:51 -5.06 50.47 99.26
12:18:52 -4.73 50.47 99.23
12:18:53 -4.71 50.47 99.23
12:18:54 -5.13 50.47 99.22
12:18:55 -4.98 50.47 99.22
12:18:56 -5.00 50.47 99.22
12:18:57 -4.93 50.47 99.22
12:18:58 -5.02 50.47 99.22
12:18:59 -5.04 50.47 99.22
12:19:00 -4.49 50.47 99.22
12:19:01 -1.10 50.47 99.22
12:19:02 8.72 50.47 99.22
12:19:03 29.79 50.47 99.22
12:19:04 60.76 50.47 99.22
12:19:05 93.40 50.47 99.22
12:19:06 112.98 50.47 99.23
12:19:07 112.22 50.47 99.23
12:19:08 95.73 50.47 99.23
12:19:09 84.52 50.47 99.23
12:19:10 61.88 50.47 99.23
12:19:11 40.63 50.47 99.23
12:19:12 24.62 50.47 99.23
12:19:13 15.02 50.47 99.23
12:19:14 7.96 50.47 99.26
12:19:15 4.43 50.47 99.23
12:19:16 1.43 50.47 99.23
12:19:17 -0.23 50.47 99.23
12:19:18 -1.53 50.47 99.23
12:19:19 -2.12 50.47 99.23
12:19:20 -2.92 50.47 99.23
12:19:21 -3.00 50.47 99.23
12:19:22 -3.51 50.47 99.23
12:19:23 -4.15 50.47 99.23
12:19:24 -3.99 50.47 99.23
12:19:25 -4.40 50.47 99.23
12:19:26 -4.84 50.47 99.23
12:19:27 -4.28 50.47 99.23
12:19:28 -4.35 50.47 99.23
12:19:29 -4.57 50.47 99.23
12:19:30 -4.48 50.47 99.22
12:19:31 -4.75 50.47 99.22
12:19:32 -4.57 50.47 99.22
12:19:33 -4.96 50.47 99.22
12:19:34 -4.60 50.47 99.22
12:19:35 -4.70 50.47 99.22
12:19:36 -3.55 50.47 99.22
12:19:37 -0.14 50.47 99.22
12:19:38 7.42 50.47 99.22
12:19:39 18.61 50.47 99.22
12:19:40 30.39 50.47 99.22
12:19:41 38.29 50.47 99.22
12:19:42 40.24 50.47 99.22
12:19:43 36.37 50.47 99.22
12:19:44 29.33 50.47 99.22
12:19:45 21.11 50.47 99.22
12:19:46 13.89 50.47 99.22
12:19:47 7.59 50.47 99.22
12:19:48 2.94 50.47 99.22
12:19:49 0.60 50.47 99.24
12:19:50 -0.97 50.47 99.23
12:19:51 -2.21 50.47 99.23
12:19:52 -2.28 50.47 99.23
12:19:53 -2.99 50.47 99.23
12:19:54 -3.45 50.47 99.23
12:19:55 -4.30 50.47 99.23
12:19:56 -4.11 50.47 99.23
12:19:57 -4.31 50.47 99.23
12:19:58 -4.22 50.47 99.23
12:19:59 -4.41 50.47 99.23
12:20:00 -4.49 50.47 99.23
12:20:01 -4.68 50.47 99.23
12:20:02 -4.73 50.47 99.23
12:20:03 -4.80 50.47 99.22
12:20:04 -4.82 50.47 99.22
12:20:05 -4.66 50.47 99.22
12:20:06 -4.85 50.47 99.22
12:20:07 -4.67 50.47 99.22
12:20:08 -4.84 50.47 99.22
12:20:09 -5.01 50.47 99.22
12:20:10 -3.92 50.47 99.22
12:20:11 0.55 50.47 99.22
12:20:12 16.00 50.47 99.22
12:20:13 52.28 50.47 99.22
12:20:14 78.50 50.47 99.22
12:20:15 141.45 50.47 99.22
12:20:16 199.58 50.47 99.22
12:20:17 231.88 50.47 99.22
12:20:18 231.57 50.47 99.22
12:20:19 204.73 50.47 99.22
12:20:20 165.92 50.47 99.22
12:20:21 124.70 50.47 99.22
12:20:22 83.79 50.47 99.23
12:20:23 53.87 50.47 99.23
12:20:24 34.36 50.47 99.23
12:20:25 21.90 50.47 99.23
12:20:26 14.35 50.47 99.23
12:20:27 8.64 50.47 99.22
12:20:28 5.66 50.47 99.22
12:20:29 3.15 50.47 99.22
12:20:30 2.04 50.47 99.22
12:20:31 0.56 50.47 99.22
12:20:32 -0.84 50.47 99.22
12:20:33 -1.30 50.47 99.22
12:20:34 -1.85 50.47 99.22
12:20:35 -2.62 50.47 99.23
12:20:36 -3.03 50.47 99.22
12:20:37 -3.07 50.47 99.24
12:20:38 -3.37 50.47 99.22
12:20:39 -3.55 50.47 99.22
12:20:40 -4.07 50.47 99.22
12:20:41 -3.95 50.47 99.22
12:20:42 -3.64 50.47 99.22
12:20:43 -3.83 50.47 99.22
12:20:44 -4.29 50.47 99.22
12:20:45 -4.14 50.47 99.22
12:20:46 -1.63 50.47 99.23
12:20:47 5.93 50.47 99.23
12:20:48 26.40 50.47 99.23
12:20:49 61.59 50.47 99.22
12:20:50 104.36 50.47 99.22
12:20:51 140.59 50.47 99.22
12:20:52 157.31 50.47 99.22
12:20:53 151.29 50.47 99.22
12:20:54 130.55 50.47 99.22
12:20:55 102.18 50.47 99.22
12:20:56 72.23 50.47 99.22
12:20:57 58.31 50.47 99.22
12:20:58 37.18 50.47 99.22
12:20:59 22.82 50.47 99.22
12:21:00 13.29 50.47 99.22
12:21:01 8.02 50.47 99.22
12:21:02 4.07 50.47 99.22
12:21:03 1.74 50.47 99.22
12:21:04 0.26 50.47 99.22
12:21:05 -0.85 50.47 99.22
12:21:06 -1.60 50.47 99.22
12:21:07 -2.29 50.47 99.22
12:21:08 -3.02 50.47 99.22
12:21:09 -3.10 50.47 99.22
12:21:10 -3.80 50.47 99.22
12:21:11 -3.55 50.47 99.24
12:21:12 -3.94 50.47 99.22
12:21:13 -4.20 50.47 99.22
12:21:14 -3.83 50.47 99.22
12:21:15 -4.61 50.47 99.22
12:21:16 -4.23 50.47 99.22
12:21:17 -4.56 50.47 99.22
12:21:18 -4.52 50.47 99.22
12:21:19 -4.23 50.47 99.22
12:21:20 -4.60 50.47 99.22
12:21:21 -4.80 50.47 99.22
12:21:22 -2.96 50.47 99.22
12:21:23 4.38 50.47 99.22
12:21:24 25.46 50.47 99.22
12:21:25 65.16 50.47 99.22
12:21:26 117.82 50.47 99.22
12:21:27 167.90 50.47 99.22
12:21:28 195.83 50.47 99.22
12:21:29 196.18 50.47 99.22
12:21:30 173.94 50.47 99.22
12:21:31 141.20 50.47 99.22
12:21:32 103.49 50.47 99.22
12:21:33 69.46 50.47 99.22
12:21:34 44.37 50.47 99.22
12:21:35 27.99 50.47 99.22
12:21:36 17.68 50.47 99.22
12:21:37 11.37 50.47 99.22
12:21:38 6.67 50.47 99.22
12:21:39 3.57 50.47 99.22
12:21:40 2.00 50.47 99.22
12:21:41 1.17 50.47 99.22
12:21:42 0.05 50.47 99.22
12:21:43 -0.97 50.47 99.22
12:21:44 -1.36 50.47 99.22
12:21:45 -2.53 50.47 99.22
12:21:46 -2.48 50.47 99.22
12:21:47 -3.22 50.47 99.22
12:21:48 -3.04 50.47 99.24
12:21:49 -3.62 50.47 99.22
12:21:50 -4.16 50.47 99.22
12:21:51 -3.76 50.47 99.22
12:21:52 -4.05 50.47 99.22
12:21:53 -3.86 50.47 99.22
12:21:54 -4.23 50.47 99.22
12:21:55 -4.72 50.47 99.22
12:21:56 -4.45 50.47 99.22
12:21:57 -4.08 50.47 99.22
12:21:58 -4.98 50.47 99.22
12:21:59 -4.45 50.47 99.22
12:22:00 -4.57 50.47 99.22
12:22:01 -4.70 50.47 99.22
12:22:02 -4.76 50.47 99.24
12:22:03 -5.01 50.47 99.22
12:22:04 -4.48 50.47 99.22
12:22:05 -4.88 50.47 99.22
12:22:06 -4.89 50.47 99.22
12:22:07 -4.83 50.47 99.22
12:22:08 -5.02 50.47 99.22
12:22:09 -4.37 50.47 99.22
12:22:10 -5.25 50.47 99.22
12:22:11 -4.47 50.47 99.22
12:22:12 -4.87 50.47 99.24
12:22:13 -4.82 50.47 99.22
12:22:14 -4.97 50.47 99.22
12:22:15 -4.74 50.47 99.22
12:22:16 -4.80 50.47 99.22
12:22:17 -5.12 50.47 99.22
12:22:18 -5.11 50.47 99.22
12:22:19 -4.76 50.47 99.22
12:22:20 -4.83 50.47 99.22
12:22:21 -4.65 50.47 99.22
12:22:22 -4.81 50.47 99.22
12:22:23 -5.08 50.47 99.22
12:22:24 -5.15 50.47 99.22
12:22:25 -4.85 50.47 99.22
12:22:26 -4.99 50.47 99.22
12:22:27 -4.76 50.47 99.22
12:22:28 -4.71 50.47 99.22
12:22:29 -5.13 50.47 99.22
12:22:30 -5.13 50.47 99.22
12:22:31 -4.99 50.47 99.22
12:22:32 -4.77 50.47 99.22
12:22:33 -5.10 50.47 99.22
12:22:34 -4.75 50.47 99.24
12:22:35 -4.54 50.47 99.22
12:22:36 -5.00 50.47 99.22
12:22:37 -5.06 50.47 99.22
12:22:38 -5.35 50.47 99.22
12:22:39 -5.14 50.47 99.22
12:22:40 -4.90 50.47 99.22
12:22:41 -5.12 50.47 99.22
12:22:42 -4.89 50.47 99.22
12:22:43 -4.71 50.47 99.22
12:22:44 -4.72 50.47 99.22
12:22:45 -5.18 50.47 99.22
12:22:46 -4.88 50.47 99.22
12:22:47 -4.89 50.47 99.22
12:22:48 -5.16 50.47 99.22
12:22:49 -4.91 50.47 99.22
12:22:50 -5.09 50.47 99.22
12:22:51 -5.08 50.47 99.22
12:22:52 -5.10 50.47 99.22
12:22:53 -5.04 50.47 99.22
12:22:54 -4.90 50.47 99.22
12:22:55 -5.14 50.47 99.22
12:22:56 -5.22 50.47 99.22
12:22:57 -4.68 50.47 99.22
12:22:58 -5.21 50.47 99.22
