"2016-05-09 at 12:12"
Time(H:M:S) CO2(ppm) CellTemp(c) CellPres(kPa)
12:12:55 -4.14 50.47 99.04
12:12:56 -4.46 50.47 99.04
12:12:57 -4.24 50.47 99.04
12:12:58 -4.17 50.47 99.04
12:12:59 -3.98 50.47 99.04
12:13:00 -4.16 50.47 99.04
12:13:01 -4.17 50.47 99.04
12:13:02 -3.96 50.47 99.04
12:13:03 -4.10 50.47 99.04
12:13:04 -4.10 50.47 99.04
12:13:05 -4.46 50.47 99.04
12:13:06 -4.18 50.47 99.04
12:13:07 -4.07 50.47 99.04
12:13:08 -4.56 50.47 99.04
12:13:09 -4.45 50.47 99.04
12:13:10 -4.47 50.47 99.04
12:13:11 -4.09 50.47 99.04
12:13:12 -4.55 50.47 99.04
12:13:13 -3.93 50.47 99.04
12:13:14 -4.76 50.47 99.04
12:13:15 -4.60 50.47 99.04
12:13:16 -4.24 50.47 99.04
12:13:17 -4.81 50.47 99.04
12:13:18 -4.18 50.47 99.04
12:13:19 -4.49 50.47 99.04
12:13:20 -4.54 50.47 99.04
12:13:21 -4.29 50.47 99.04
12:13:22 -3.97 50.47 99.04
12:13:23 -3.09 50.47 99.04
12:13:24 3.91 50.47 99.04
12:13:25 21.28 50.47 99.04
12:13:26 53.33 50.47 99.04
12:13:27 93.93 50.47 99.04
12:13:28 130.35 50.47 99.04
12:13:29 147.72 50.47 99.04
12:13:30 144.80 50.47 99.04
12:13:31 136.46 50.47 99.04
12:13:32 112.94 50.47 99.04
12:13:33 86.72 50.47 99.04
12:13:34 60.88 50.47 99.04
12:13:35 39.69 50.47 99.04
12:13:36 25.23 50.47 99.04
12:13:37 16.78 50.47 99.04
12:13:38 10.57 50.47 99.04
12:13:39 7.15 50.47 99.04
12:13:40 4.51 50.47 99.04
12:13:41 2.68 50.47 99.04
12:13:42 1.56 50.47 99.04
12:13:43 0.21 50.47 99.04
12:13:44 -0.12 50.47 99.04
12:13:45 -1.12 50.47 99.04
12:13:46 -1.62 50.47 99.04
12:13:47 -1.68 50.47 99.04
12:13:48 -2.64 50.47 99.04
12:13:49 -2.92 50.47 99.04
12:13:50 -3.13 50.47 99.04
12:13:51 -3.03 50.47 99.04
12:13:52 -3.51 50.47 99.04
12:13:53 -3.54 50.47 99.04
12:13:54 -3.42 50.47 99.04
12:13:55 -3.39 50.47 99.04
12:13:56 -3.88 50.47 99.04
12:13:57 -3.52 50.47 99.04
12:13:58 -2.68 50.47 99.04
12:13:59 1.70 50.47 99.04
12:14:00 12.55 50.47 99.04
12:14:01 33.34 50.47 99.04
12:14:02 59.23 50.47 99.04
12:14:03 82.22 50.47 99.04
12:14:04 93.09 50.47 99.04
12:14:05 91.39 50.47 99.04
12:14:06 78.96 50.47 99.04
12:14:07 62.06 50.47 99.04
12:14:08 45.79 50.47 99.04
12:14:09 30.01 50.47 99.04
12:14:10 18.17 50.47 99.04
12:14:11 11.32 50.47 99.04
12:14:12 5.89 50.47 99.04
12:14:13 3.32 50.47 99.04
12:14:14 1.50 50.47 99.04
12:14:15 0.90 50.47 99.04
12:14:16 -0.24 50.47 99.04
12:14:17 -1.39 50.47 99.04
12:14:18 -1.76 50.47 99.04
12:14:19 -2.40 50.47 99.04
12:14:20 -2.35 50.47 99.04
12:14:21 -3.39 50.47 99.04
12:14:22 -3.65 50.47 99.04
12:14:23 -3.36 50.47 99.04
12:14:24 -3.67 50.47 99.04
12:14:25 -3.88 50.47 99.04
12:14:26 -3.80 50.47 99.04
12:14:27 -3.61 50.47 99.04
12:14:28 -4.19 50.47 99.04
12:14:29 -4.10 50.47 99.04
12:14:30 -4.05 50.47 99.04
12:14:31 -3.59 50.47 99.04
12:14:32 -0.96 50.47 99.04
12:14:33 5.30 50.47 99.04
12:14:34 17.27 50.47 99.04
12:14:35 31.95 50.47 99.04
12:14:36 39.15 50.47 99.04
12:14:37 49.49 50.47 99.04
12:14:38 52.49 50.47 99.04
12:14:39 47.72 50.47 99.04
12:14:40 39.02 50.47 99.04
12:14:41 29.16 50.47 99.04
12:14:42 19.87 50.47 99.04
12:14:43 11.58 50.47 99.04
12:14:44 6.10 50.47 99.04
12:14:45 2.87 50.47 99.04
12:14:46 0.30 50.47 99.04
12:14:47 -0.78 50.47 99.04
12:14:48 -1.76 50.47 99.04
12:14:49 -2.26 50.47 99.04
12:14:50 -2.96 50.47 99.04
12:14:51 -2.83 50.47 99.04
12:14:52 -3.50 50.47 99.04
12:14:53 -3.80 50.47 99.04
12:14:54 -3.78 50.47 99.04
12:14:55 -3.65 50.47 99.04
12:14:56 -3.86 50.47 99.04
12:14:57 -3.86 50.47 99.04
12:14:58 -3.85 50.47 99.04
12:14:59 -4.06 50.47 99.04
12:15:00 -4.12 50.47 99.04
12:15:01 -4.30 50.47 99.04
12:15:02 -3.99 50.47 99.04
12:15:03 -3.32 50.47 99.04
12:15:04 -1.21 50.47 99.04
12:15:05 4.01 50.47 99.04
12:15:06 11.00 50.47 99.04
12:15:07 19.67 50.47 99.04
12:15:08 24.95 50.47 99.04
12:15:09 26.78 50.47 99.04
12:15:10 24.07 50.47 99.04
12:15:11 19.08 50.47 99.04
12:15:12 13.81 50.47 99.04
12:15:13 8.83 50.47 99.04
12:15:14 5.08 50.47 99.04
12:15:15 2.29 50.47 99.04
12:15:16 0.20 50.47 99.04
12:15:17 -1.32 50.47 99.04
12:15:18 -1.99 50.47 99.04
12:15:19 -2.51 50.47 99.04
12:15:20 -2.84 50.47 99.04
12:15:21 -3.18 50.47 99.04
12:15:22 -3.59 50.47 99.04
12:15:23 -3.52 50.47 99.04
12:15:24 -3.65 50.47 99.04
12:15:25 -3.97 50.47 99.04
12:15:26 -4.43 50.47 99.04
12:15:27 -3.73 50.47 99.04
12:15:28 -4.26 50.47 99.04
12:15:29 -3.87 50.47 99.04
12:15:30 -4.43 50.47 99.04
12:15:31 -4.76 50.47 99.04
12:15:32 -4.14 50.47 99.04
12:15:33 -4.44 50.47 99.04
12:15:34 -4.33 50.47 99.04
12:15:35 -4.45 50.47 99.04
12:15:36 -4.14 50.47 99.04
12:15:37 -4.39 50.47 99.04
12:15:38 -4.38 50.47 99.04
12:15:39 -4.45 50.47 99.04
12:15:40 -4.46 50.47 99.04
12:15:41 -4.00 50.47 99.04
12:15:42 -3.15 50.47 99.04
12:15:43 -0.83 50.47 99.04
12:15:44 2.26 50.47 99.04
12:15:45 6.75 50.47 99.04
12:15:46 9.84 50.47 99.04
12:15:47 11.39 50.47 99.04
12:15:48 10.67 50.47 99.04
12:15:49 8.67 50.47 99.04
12:15:50 5.48 50.47 99.04
12:15:51 2.33 50.47 99.04
12:15:52 0.26 50.47 99.04
12:15:53 -1.14 50.47 99.04
12:15:54 -2.56 50.47 99.04
12:15:55 -2.51 50.47 99.04
12:15:56 -3.12 50.47 99.04
12:15:57 -3.74 50.47 99.04
12:15:58 -3.57 50.47 99.04
12:15:59 -4.00 50.47 99.04
12:16:00 -3.98 50.47 99.04
12:16:01 -3.93 50.47 99.04
12:16:02 -4.16 50.47 99.04
12:16:03 -4.17 50.47 99.04
12:16:04 -4.45 50.47 99.04
12:16:05 -4.25 50.47 99.04
12:16:06 -4.44 50.47 99.04
12:16:07 -4.59 50.47 99.04
12:16:08 -4.15 50.47 99.04
12:16:09 -4.47 50.47 99.04
12:16:10 -4.36 50.47 99.04
12:16:11 -4.13 50.47 99.04
12:16:12 -4.57 50.47 99.04
12:16:13 -4.62 50.47 99.04
12:16:14 -4.26 50.47 99.04
12:16:15 -4.06 50.47 99.04
12:16:16 -2.29 50.47 99.04
12:16:17 -0.10 50.47 99.04
12:16:18 3.16 50.47 99.04
12:16:19 6.39 50.47 99.04
12:16:20 7.90 50.47 99.04
12:16:21 7.71 50.47 99.04
12:16:22 6.12 50.47 99.04
12:16:23 3.95 50.47 99.04
12:16:24 2.12 50.47 99.04
12:16:25 1.17 50.47 99.04
12:16:26 -0.57 50.47 99.04
12:16:27 -1.96 50.47 99.04
12:16:28 -2.96 50.47 99.04
12:16:29 -3.13 50.47 99.04
12:16:30 -3.78 50.47 99.04
12:16:31 -3.84 50.47 99.04
12:16:32 -3.57 50.47 99.04
12:16:33 -4.37 50.47 99.04
12:16:34 -4.20 50.47 99.04
12:16:35 -3.80 50.47 99.04
12:16:36 -4.18 50.47 99.04
12:16:37 -4.16 50.47 99.04
12:16:38 -4.56 50.47 99.04
12:16:39 -4.55 50.47 99.04
12:16:40 -4.29 50.47 99.04
12:16:41 -4.45 50.47 99.04
12:16:42 -4.43 50.47 99.04
12:16:43 -4.28 50.47 99.04
12:16:44 -4.35 50.47 99.04
12:16:45 -4.44 50.47 99.04
12:16:46 -4.49 50.47 99.04
12:16:47 -4.63 50.47 99.04
12:16:48 -3.47 50.47 99.04
12:16:49 2.68 50.47 99.04
12:16:50 22.74 50.47 99.04
12:16:51 68.51 50.47 99.04
12:16:52 139.47 50.47 99.04
12:16:53 217.90 50.47 99.04
12:16:54 275.15 50.47 99.04
12:16:55 293.54 50.47 99.04
12:16:56 274.32 50.47 99.04
12:16:57 231.02 50.47 99.04
12:16:58 180.29 50.47 99.04
12:16:59 134.20 50.47 99.04
12:17:00 95.21 50.47 99.04
12:17:01 63.10 50.47 99.04
12:17:02 42.06 50.47 99.04
12:17:03 28.94 50.47 99.04
12:17:04 20.19 50.47 99.04
12:17:05 13.94 50.47 99.04
12:17:06 10.14 50.47 99.04
12:17:07 7.43 50.47 99.04
12:17:08 6.48 50.47 99.04
12:17:09 4.62 50.47 99.04
12:17:10 2.88 50.47 99.04
12:17:11 1.70 50.47 99.04
12:17:12 0.59 50.47 99.04
12:17:13 -0.09 50.47 99.04
12:17:14 -0.63 50.47 99.04
12:17:15 -1.04 50.47 99.04
12:17:16 -1.84 50.47 99.04
12:17:17 -2.15 50.47 99.04
12:17:18 -2.68 50.47 99.04
12:17:19 -2.58 50.47 99.04
12:17:20 -3.01 50.47 99.04
12:17:21 -3.29 50.47 99.04
12:17:22 -2.82 50.47 99.04
12:17:23 -3.69 50.47 99.04
12:17:24 -3.16 50.47 99.04
12:17:25 -3.56 50.47 99.04
12:17:26 -3.42 50.47 99.04
12:17:27 -0.15 50.47 99.04
12:17:28 14.83 50.47 99.04
12:17:29 57.14 50.47 99.04
12:17:30 92.79 50.47 99.04
12:17:31 191.19 50.47 99.04
12:17:32 300.26 50.47 99.04
12:17:33 380.98 50.47 99.04
12:17:34 407.02 50.47 99.04
12:17:35 379.45 50.47 99.04
12:17:36 318.10 50.47 99.04
12:17:37 247.95 50.47 99.04
12:17:38 179.31 50.47 99.04
12:17:39 118.08 50.47 99.04
12:17:40 76.68 50.47 99.04
12:17:41 49.06 50.47 99.04
12:17:42 32.23 50.47 99.04
12:17:43 21.39 50.47 99.04
12:17:44 14.91 50.47 99.04
12:17:45 9.94 50.47 99.04
12:17:46 6.81 50.47 99.04
12:17:47 4.43 50.47 99.04
12:17:48 2.81 50.47 99.04
12:17:49 1.48 50.47 99.04
12:17:50 0.02 50.47 99.04
12:17:51 0.07 50.47 99.04
12:17:52 -0.92 50.47 99.04
12:17:53 -1.56 50.47 99.04
12:17:54 -1.52 50.47 99.04
12:17:55 -1.99 50.47 99.04
12:17:56 -2.71 50.47 99.04
12:17:57 -2.68 50.47 99.04
12:17:58 -3.16 50.47 99.04
12:17:59 -3.15 50.47 99.04
12:18:00 -3.25 50.47 99.04
12:18:01 -3.07 50.47 99.04
12:18:02 -3.50 50.47 99.04
12:18:03 -3.52 50.47 99.04
12:18:04 -3.81 50.47 99.04
12:18:05 -1.90 50.47 99.04
12:18:06 6.26 50.47 99.04
12:18:07 32.04 50.47 99.04
12:18:08 84.01 50.47 99.04
12:18:09 157.88 50.47 99.04
12:18:10 230.60 50.47 99.04
12:18:11 276.21 50.47 99.04
12:18:12 282.74 50.47 99.04
12:18:13 271.85 50.47 99.04
12:18:14 232.68 50.47 99.04
12:18:15 183.12 50.47 99.04
12:18:16 133.99 50.47 99.04
12:18:17 88.92 50.47 99.04
12:18:18 57.47 50.47 99.04
12:18:19 36.36 50.47 99.04
12:18:20 23.60 50.47 99.04
12:18:21 15.35 50.47 99.04
12:18:22 9.68 50.47 99.04
12:18:23 6.36 50.47 99.04
12:18:24 4.06 50.47 99.04
12:18:25 2.19 50.47 99.04
12:18:26 0.88 50.47 99.04
12:18:27 -0.05 50.47 99.04
12:18:28 -0.87 50.47 99.04
12:18:29 -1.27 50.47 99.04
12:18:30 -1.50 50.47 99.04
12:18:31 -2.32 50.47 99.04
12:18:32 -2.77 50.47 99.04
12:18:33 -3.15 50.47 99.04
12:18:34 -3.01 50.47 99.04
12:18:35 -2.97 50.47 99.04
12:18:36 -3.75 50.47 99.04
12:18:37 -3.42 50.47 99.04
12:18:38 -3.44 50.47 99.04
12:18:39 -3.75 50.47 99.04
12:18:40 -3.69 50.47 99.04
12:18:41 -3.90 50.47 99.04
12:18:42 -3.22 50.47 99.04
12:18:43 1.21 50.47 99.04
12:18:44 20.76 50.47 99.04
12:18:45 70.54 50.47 99.04
12:18:46 157.37 50.47 99.04
12:18:47 265.05 50.47 99.04
12:18:48 354.89 50.47 99.04
12:18:49 397.15 50.47 99.04
12:18:50 384.88 50.47 99.04
12:18:51 333.10 50.47 99.04
12:18:52 264.90 50.47 99.04
12:18:53 197.41 50.47 99.04
12:18:54 133.22 50.47 99.04
12:18:55 87.16 50.47 99.04
12:18:56 57.19 50.47 99.04
12:18:57 45.88 50.47 99.04
12:18:58 30.31 50.47 99.04
12:18:59 20.90 50.47 99.04
12:19:00 14.65 50.47 99.04
12:19:01 10.22 50.47 99.04
12:19:02 6.89 50.47 99.04
12:19:03 4.81 50.47 99.04
12:19:04 2.95 50.47 99.04
12:19:05 1.47 50.47 99.04
12:19:06 0.81 50.47 99.04
12:19:07 -0.38 50.47 99.04
12:19:08 -0.71 50.47 99.04
12:19:09 -1.17 50.47 99.04
12:19:10 -1.68 50.47 99.04
12:19:11 -2.38 50.47 99.04
12:19:12 -2.33 50.47 99.04
12:19:13 -2.85 50.47 99.04
12:19:14 -3.13 50.47 99.04
12:19:15 -3.00 50.47 99.04
12:19:16 -3.42 50.47 99.04
12:19:17 -3.10 50.47 99.04
12:19:18 -3.05 50.47 99.04
12:19:19 -3.66 50.47 99.04
12:19:20 -3.75 50.47 99.04
12:19:21 -3.26 50.47 99.04
12:19:22 1.35 50.47 99.04
12:19:23 16.99 50.47 99.04
12:19:24 53.45 50.47 99.04
12:19:25 113.01 50.47 99.04
12:19:26 182.74 50.47 99.04
12:19:27 236.86 50.47 99.04
12:19:28 258.00 50.47 99.04
12:19:29 244.33 50.47 99.04
12:19:30 207.82 50.47 99.04
12:19:31 163.34 50.47 99.04
12:19:32 119.65 50.47 99.04
12:19:33 78.60 50.47 99.04
12:19:34 52.08 50.47 99.04
12:19:35 34.39 50.47 99.04
12:19:36 23.13 50.47 99.04
12:19:37 15.81 50.47 99.04
12:19:38 10.81 50.47 99.04
12:19:39 7.63 50.47 99.04
12:19:40 6.71 50.47 99.04
12:19:41 3.96 50.47 99.04
12:19:42 2.53 50.47 99.04
12:19:43 1.50 50.47 99.04
12:19:44 0.36 50.47 99.04
12:19:45 -0.16 50.47 99.04
12:19:46 -0.83 50.47 99.04
12:19:47 -1.18 50.47 99.04
12:19:48 -2.28 50.47 99.04
12:19:49 -2.02 50.47 99.04
12:19:50 -2.44 50.47 99.04
12:19:51 -2.69 50.47 99.04
12:19:52 -3.12 50.47 99.04
12:19:53 -2.85 50.47 99.04
12:19:54 -3.27 50.47 99.04
12:19:55 -3.28 50.47 99.04
12:19:56 -3.52 50.47 99.04
12:19:57 -3.59 50.47 99.04
12:19:58 -3.60 50.47 99.04
12:19:59 -3.15 50.47 99.04
12:20:00 0.04 50.47 99.04
12:20:01 14.18 50.47 99.04
12:20:02 29.75 50.47 99.04
12:20:03 83.62 50.47 99.02
12:20:04 165.51 50.47 99.02
12:20:05 251.31 50.47 99.04
12:20:06 313.76 50.47 99.04
12:20:07 329.66 50.47 99.04
12:20:08 304.28 50.47 99.04
12:20:09 253.17 50.47 99.04
12:20:10 195.27 50.47 99.04
12:20:11 140.36 50.47 99.04
12:20:12 92.19 50.47 99.04
12:20:13 59.11 50.47 99.04
12:20:14 38.34 50.47 99.04
12:20:15 24.49 50.47 99.04
12:20:16 15.58 50.47 99.04
12:20:17 10.47 50.47 99.04
12:20:18 6.45 50.47 99.04
12:20:19 4.13 50.47 99.04
12:20:20 2.48 50.47 99.04
12:20:21 1.38 50.47 99.04
12:20:22 -0.03 50.47 99.04
12:20:23 -0.48 50.47 99.04
12:20:24 -0.79 50.47 99.04
12:20:25 -1.64 50.47 99.04
12:20:26 -2.22 50.47 99.04
12:20:27 -2.42 50.47 99.06
12:20:28 -2.81 50.47 99.04
12:20:29 -2.95 50.47 99.04
12:20:30 -3.30 50.47 99.04
12:20:31 -3.30 50.47 99.04
12:20:32 -3.57 50.47 99.04
12:20:33 -3.31 50.47 99.04
12:20:34 -3.64 50.47 99.04
12:20:35 -4.00 50.47 99.04
12:20:36 -3.32 50.47 99.04
12:20:37 -2.81 50.47 99.04
12:20:38 5.42 50.47 99.04
12:20:39 31.44 50.47 99.04
12:20:40 87.45 50.47 99.06
12:20:41 172.67 50.47 99.04
12:20:42 261.88 50.47 99.04
12:20:43 325.53 50.47 99.04
12:20:44 341.80 50.47 99.04
12:20:45 332.86 50.47 99.04
12:20:46 290.64 50.47 99.04
12:20:47 231.25 50.47 99.04
12:20:48 173.87 50.47 99.04
12:20:49 120.83 50.47 99.04
12:20:50 78.07 50.47 99.04
12:20:51 50.42 50.47 99.04
12:20:52 32.75 50.47 99.04
12:20:53 21.55 50.47 99.04
12:20:54 14.81 50.47 99.04
12:20:55 9.45 50.47 99.04
12:20:56 6.53 50.47 99.04
12:20:57 3.97 50.47 99.04
12:20:58 2.45 50.47 99.04
12:20:59 1.27 50.47 99.04
12:21:00 -0.19 50.47 99.04
12:21:01 -0.62 50.47 99.04
12:21:02 -0.97 50.47 99.04
12:21:03 -1.54 50.47 99.04
12:21:04 -2.53 50.47 99.04
12:21:05 -2.11 50.47 99.04
12:21:06 -2.71 50.47 99.04
12:21:07 -2.97 50.47 99.04
12:21:08 -3.19 50.47 99.04
12:21:09 -3.24 50.47 99.04
12:21:10 -3.40 50.47 99.04
12:21:11 -3.28 50.47 99.06
12:21:12 -3.44 50.47 99.02
12:21:13 -3.57 50.47 99.02
12:21:14 -3.53 50.47 99.04
12:21:15 -3.88 50.47 99.02
12:21:16 -3.33 50.47 99.02
12:21:17 -0.77 50.47 99.04
12:21:18 10.50 50.47 99.02
12:21:19 42.13 50.47 99.02
12:21:20 99.02 50.47 99.04
12:21:21 172.98 50.47 99.04
12:21:22 240.74 50.47 99.04
12:21:23 276.27 50.47 99.04
12:21:24 274.61 50.47 99.04
12:21:25 241.74 50.47 99.04
12:21:26 194.23 50.47 99.04
12:21:27 147.66 50.47 99.04
12:21:28 100.80 50.47 99.04
12:21:29 82.15 50.47 99.04
12:21:30 53.59 50.47 99.06
12:21:31 36.34 50.47 99.04
12:21:32 23.91 50.47 99.04
12:21:33 15.97 50.47 99.04
12:21:34 11.33 50.47 99.04
12:21:35 7.97 50.47 99.04
12:21:36 5.47 50.47 99.04
12:21:37 3.60 50.47 99.06
12:21:38 1.97 50.47 99.04
12:21:39 0.99 50.47 99.04
12:21:40 0.08 50.47 99.04
12:21:41 -0.32 50.47 99.04
12:21:42 -1.41 50.47 99.04
12:21:43 -1.57 50.47 99.04
12:21:44 -2.32 50.47 99.04
12:21:45 -2.08 50.47 99.04
12:21:46 -2.67 50.47 99.04
12:21:47 -2.58 50.47 99.04
12:21:48 -2.98 50.47 99.04
12:21:49 -3.26 50.47 99.04
12:21:50 -3.17 50.47 99.04
12:21:51 -3.30 50.47 99.04
12:21:52 -3.62 50.47 99.04
12:21:53 -3.59 50.47 99.04
12:21:54 -3.62 50.47 99.04
12:21:55 -3.76 50.47 99.04
12:21:56 -4.06 50.47 99.04
12:21:57 -3.85 50.47 99.04
12:21:58 -3.99 50.47 99.04
12:21:59 -3.94 50.47 99.06
12:22:00 -3.92 50.47 99.04
12:22:01 -4.09 50.47 99.04
12:22:02 -4.35 50.47 99.04
12:22:03 -4.14 50.47 99.04
12:22:04 -4.15 50.47 99.04
12:22:05 -4.05 50.47 99.04
12:22:06 -3.96 50.47 99.04
12:22:07 -4.32 50.47 99.06
12:22:08 -4.03 50.47 99.04
12:22:09 -4.43 50.47 99.04
12:22:10 -4.65 50.47 99.04
12:22:11 -4.16 50.47 99.04
12:22:12 -4.21 50.47 99.04
12:22:13 -4.56 50.47 99.04
12:22:14 -4.30 50.47 99.04
12:22:15 -4.55 50.47 99.04
12:22:16 -3.80 50.47 99.04
12:22:17 -4.28 50.47 99.04
12:22:18 -4.80 50.47 99.04
12:22:19 -4.34 50.47 99.06
12:22:20 -4.40 50.47 99.04
12:22:21 -4.16 50.47 99.04
12:22:22 -4.38 50.47 99.06
12:22:23 -4.06 50.47 99.04
12:22:24 -4.36 50.47 99.04
12:22:25 -4.66 50.47 99.04
12:22:26 -4.51 50.47 99.04
12:22:27 -4.52 50.47 99.04
12:22:28 -4.34 50.47 99.04
12:22:29 -4.55 50.47 99.04
12:22:30 -4.28 50.47 99.04
12:22:31 -4.73 50.47 99.06
12:22:32 -4.51 50.47 99.04
12:22:33 -4.67 50.47 99.06
12:22:34 -4.55 50.47 99.04
12:22:35 -4.11 50.47 99.04
12:22:36 -4.84 50.47 99.04
12:22:37 -4.53 50.47 99.04
12:22:38 -4.24 50.47 99.04
12:22:39 -4.50 50.47 99.04
12:22:40 -4.68 50.47 99.04
12:22:41 -4.61 50.47 99.04
12:22:42 -4.35 50.47 99.04
12:22:43 -4.71 50.47 99.04
12:22:44 -4.01 50.47 99.04
12:22:45 -4.72 50.47 99.04
12:22:46 -4.68 50.47 99.04
12:22:47 -4.56 50.47 99.04
12:22:48 -4.81 50.47 99.04
12:22:49 -4.31 50.47 99.04
12:22:50 -4.68 50.47 99.02
12:22:51 -4.30 50.47 99.02
12:22:52 -4.87 50.47 99.02
12:22:53 -4.43 50.47 99.02
12:22:54 -3.88 50.47 99.04
12:22:55 -3.81 50.47 99.04
12:22:56 0.47 50.47 99.04
12:22:57 14.47 50.47 99.02
12:22:58 43.65 50.47 99.02
12:22:59 86.23 50.47 99.04
12:23:00 132.01 50.47 99.02
12:23:01 162.94 50.47 99.02
12:23:02 170.37 50.47 99.06
12:23:03 156.78 50.47 99.02
12:23:04 129.60 50.47 99.02
12:23:05 99.39 50.47 99.02
12:23:06 70.76 50.47 99.05
12:23:07 45.48 50.47 99.04
12:23:08 28.77 50.47 99.04
12:23:09 17.75 50.47 99.06
12:23:10 11.21 50.47 99.04
12:23:11 6.92 50.47 99.04
12:23:12 4.28 50.47 99.02
12:23:13 2.05 50.47 99.02
12:23:14 0.45 50.47 99.06
12:23:15 -0.05 50.47 99.04
12:23:16 -0.92 50.47 99.04
12:23:17 -1.58 50.47 99.04
12:23:18 -2.30 50.47 99.04
12:23:19 -2.52 50.47 99.04
12:23:20 -2.60 50.47 99.04
12:23:21 -2.81 50.47 99.02
12:23:22 -3.13 50.47 99.05
12:23:23 -3.89 50.47 99.04
12:23:24 -3.75 50.47 99.04
12:23:25 -3.76 50.47 99.04
12:23:26 -3.87 50.47 99.05
12:23:27 -3.53 50.47 99.02
12:23:28 -3.99 50.47 99.02
12:23:29 -3.98 50.47 99.02
12:23:30 -4.17 50.47 99.02
12:23:31 -3.87 50.47 99.02
12:23:32 -4.32 50.47 99.02
12:23:33 -3.34 50.47 99.02
12:23:34 -0.49 50.47 99.02
12:23:35 6.79 50.47 99.05
12:23:36 19.94 50.47 99.02
12:23:37 36.19 50.47 99.02
12:23:38 49.55 50.47 99.02
12:23:39 53.89 50.47 99.04
12:23:40 56.37 50.47 99.02
12:23:41 50.95 50.47 99.02
12:23:42 42.05 50.47 99.02
12:23:43 31.01 50.47 99.02
12:23:44 21.57 50.47 99.02
12:23:45 12.61 50.47 99.02
12:23:46 6.65 50.47 99.02
12:23:47 3.23 50.47 99.02
12:23:48 0.95 50.47 99.04
12:23:49 -0.52 50.47 99.04
12:23:50 -1.59 50.47 99.04
12:23:51 -1.88 50.47 99.04
12:23:52 -2.57 50.47 99.04
12:23:53 -3.02 50.47 99.02
12:23:54 -3.41 50.47 99.02
12:23:55 -3.67 50.47 99.05
12:23:56 -3.62 50.47 99.02
12:23:57 -3.55 50.47 99.02
12:23:58 -3.75 50.47 99.02
12:23:59 -3.61 50.47 99.02
12:24:00 -3.82 50.47 99.04
12:24:01 -4.60 50.47 99.06
12:24:02 -4.06 50.47 99.04
12:24:03 -4.55 50.47 99.04
12:24:04 -4.32 50.47 99.04
12:24:05 -4.35 50.47 99.06
12:24:06 -3.94 50.47 99.02
12:24:07 -4.22 50.47 99.02
12:24:08 -4.27 50.47 99.05
12:24:09 -4.44 50.47 99.02
12:24:10 -4.10 50.47 99.05
12:24:11 -1.56 50.47 99.02
12:24:12 6.37 50.47 99.05
12:24:13 24.62 50.47 99.05
12:24:14 51.88 50.47 99.02
12:24:15 83.04 50.47 99.02
12:24:16 106.32 50.47 99.06
12:24:17 113.28 50.47 99.04
12:24:18 106.18 50.47 99.04
12:24:19 89.79 50.47 99.04
12:24:20 69.04 50.47 99.04
12:24:21 50.69 50.47 99.04
12:24:22 41.85 50.47 99.04
12:24:23 26.19 50.47 99.04
12:24:24 16.05 50.47 99.06
12:24:25 9.60 50.47 99.04
12:24:26 5.61 50.47 99.06
12:24:27 2.92 50.47 99.04
12:24:28 1.70 50.47 99.04
12:24:29 -0.07 50.47 99.04
12:24:30 -1.02 50.47 99.04
12:24:31 -1.45 50.47 99.05
12:24:32 -1.94 50.47 99.02
12:24:33 -2.64 50.47 99.02
12:24:34 -2.98 50.47 99.02
12:24:35 -3.15 50.47 99.02
12:24:36 -3.15 50.47 99.06
12:24:37 -3.52 50.47 99.06
12:24:38 -3.50 50.47 99.04
12:24:39 -4.21 50.47 99.04
12:24:40 -4.03 50.47 99.02
12:24:41 -4.00 50.47 99.02
12:24:42 -4.21 50.47 99.04
12:24:43 -4.42 50.47 99.04
12:24:44 -4.12 50.47 99.04
12:24:45 -4.33 50.47 99.04
12:24:46 -4.11 50.47 99.04
12:24:47 -4.51 50.47 99.04
12:24:48 -4.06 50.47 99.04
12:24:49 -3.54 50.47 99.04
12:24:50 -1.11 50.47 99.04
12:24:51 4.13 50.47 99.04
12:24:52 11.80 50.47 99.06
12:24:53 18.95 50.47 99.04
12:24:54 24.25 50.47 99.04
12:24:55 25.43 50.47 99.04
12:24:56 23.06 50.47 99.04
12:24:57 18.53 50.47 99.04
12:24:58 12.93 50.47 99.06
12:24:59 7.44 50.47 99.04
12:25:00 3.76 50.47 99.06
12:25:01 0.53 50.47 99.04
12:25:02 -0.87 50.47 99.06
12:25:03 -1.91 50.47 99.04
12:25:04 -3.04 50.47 99.04
12:25:05 -3.06 50.47 99.04
12:25:06 -3.39 50.47 99.04
12:25:07 -3.33 50.47 99.06
12:25:08 -4.05 50.47 99.04
12:25:09 -4.18 50.47 99.04
12:25:10 -3.91 50.47 99.04
12:25:11 -3.99 50.47 99.04
12:25:12 -4.01 50.47 99.04
12:25:13 -4.35 50.47 99.04
12:25:14 -4.35 50.47 99.04
12:25:15 -4.40 50.47 99.04
12:25:16 -4.50 50.47 99.04
12:25:17 -4.49 50.47 99.06
12:25:18 -4.84 50.47 99.04
12:25:19 -4.00 50.47 99.04
12:25:20 -5.02 50.47 99.04
12:25:21 -4.06 50.47 99.06
12:25:22 -4.54 50.47 99.04
12:25:23 -4.67 50.47 99.06
12:25:24 -3.96 50.47 99.06
12:25:25 -0.21 50.47 99.04
12:25:26 12.76 50.47 99.04
12:25:27 25.05 50.47 99.04
12:25:28 63.56 50.47 99.04
12:25:29 116.45 50.47 99.04
12:25:30 163.92 50.47 99.04
12:25:31 192.09 50.47 99.04
12:25:32 191.29 50.47 99.02
12:25:33 170.05 50.47 99.02
12:25:34 138.00 50.47 99.02
12:25:35 103.66 50.47 99.02
12:25:36 74.23 50.47 99.02
12:25:37 48.57 50.47 99.04
12:25:38 30.39 50.47 99.04
12:25:39 19.20 50.47 99.05
12:25:40 12.02 50.47 99.02
12:25:41 7.41 50.47 99.04
12:25:42 4.20 50.47 99.04
12:25:43 2.19 50.47 99.02
12:25:44 0.98 50.47 99.02
12:25:45 -0.28 50.47 99.04
12:25:46 -0.83 50.47 99.02
12:25:47 -1.52 50.47 99.02
12:25:48 -1.99 50.47 99.04
12:25:49 -2.09 50.47 99.04
12:25:50 -3.20 50.47 99.04
12:25:51 -2.91 50.47 99.04
12:25:52 -3.08 50.47 99.06
12:25:53 -3.54 50.47 99.04
12:25:54 -3.50 50.47 99.04
12:25:55 -3.76 50.47 99.02
12:25:56 -3.96 50.47 99.02
12:25:57 -3.88 50.47 99.06
12:25:58 -3.91 50.47 99.02
12:25:59 -3.90 50.47 99.02
12:26:00 -3.88 50.47 99.02
12:26:01 -4.28 50.47 99.02
12:26:02 -3.91 50.47 99.02
12:26:03 -3.36 50.47 99.02
12:26:04 -0.70 50.47 99.02
12:26:05 7.03 50.47 99.02
12:26:06 22.59 50.47 99.06
12:26:07 43.68 50.47 99.02
12:26:08 63.93 50.47 99.02
12:26:09 76.09 50.47 99.02
12:26:10 76.90 50.47 99.05
12:26:11 73.76 50.47 99.02
12:26:12 62.18 50.47 99.02
12:26:13 47.90 50.47 99.02
12:26:14 34.22 50.47 99.04
12:26:15 21.38 50.47 99.02
12:26:16 12.98 50.47 99.05
12:26:17 7.60 50.47 99.04
12:26:18 3.70 50.47 99.06
12:26:19 1.87 50.47 99.06
12:26:20 0.50 50.47 99.06
12:26:21 -1.29 50.47 99.04
12:26:22 -1.37 50.47 99.04
12:26:23 -1.73 50.47 99.04
12:26:24 -2.51 50.47 99.02
12:26:25 -2.95 50.47 99.05
12:26:26 -2.97 50.47 99.06
12:26:27 -3.33 50.47 99.06
12:26:28 -3.58 50.47 99.02
12:26:29 -3.57 50.47 99.02
12:26:30 -3.92 50.47 99.04
12:26:31 -4.13 50.47 99.04
12:26:32 -4.34 50.47 99.04
12:26:33 -4.22 50.47 99.04
12:26:34 -3.80 50.47 99.04
12:26:35 -4.35 50.47 99.04
12:26:36 -3.91 50.47 99.05
12:26:37 -4.25 50.47 99.05
12:26:38 -4.39 50.47 99.05
12:26:39 -4.27 50.47 99.02
12:26:40 -4.31 50.47 99.05
12:26:41 -3.30 50.47 99.02
12:26:42 -1.03 50.47 99.05
12:26:43 5.92 50.47 99.02
12:26:44 17.97 50.47 99.02
12:26:45 33.03 50.47 99.02
12:26:46 46.64 50.47 99.04
12:26:47 53.36 50.47 99.02
12:26:48 51.83 50.47 99.05
12:26:49 44.85 50.47 99.02
12:26:50 34.82 50.47 99.02
12:26:51 24.87 50.47 99.05
12:26:52 16.15 50.47 99.02
12:26:53 8.70 50.47 99.04
12:26:54 6.22 50.47 99.04
12:26:55 2.95 50.47 99.02
12:26:56 0.35 50.47 99.02
12:26:57 -0.96 50.47 99.04
12:26:58 -1.69 50.47 99.02
12:26:59 -2.64 50.47 99.05
12:27:00 -2.91 50.47 99.05
12:27:01 -2.94 50.47 99.05
12:27:02 -3.51 50.47 99.05
12:27:03 -3.99 50.47 99.05
12:27:04 -3.77 50.47 99.05
12:27:05 -3.94 50.47 99.05
12:27:06 -3.81 50.47 99.04
12:27:07 -4.35 50.47 99.04
12:27:08 -4.24 50.47 99.04
12:27:09 -4.66 50.47 99.02
12:27:10 -4.34 50.47 99.02
12:27:11 -4.21 50.47 99.06
12:27:12 -4.26 50.47 99.02
12:27:13 -4.59 50.47 99.02
12:27:14 -4.46 50.47 99.05
12:27:15 -4.31 50.47 99.02
12:27:16 -4.35 50.47 99.02
12:27:17 -4.03 50.47 99.02
12:27:18 -4.44 50.47 99.02
12:27:19 -2.17 50.47 99.02
12:27:20 5.88 50.47 99.05
12:27:21 28.57 50.47 99.02
12:27:22 70.60 50.47 99.02
12:27:23 126.32 50.47 99.02
12:27:24 177.74 50.47 99.05
12:27:25 206.12 50.47 99.02
12:27:26 205.91 50.47 99.02
12:27:27 181.87 50.47 99.02
12:27:28 146.80 50.47 99.02
12:27:29 110.50 50.47 99.02
12:27:30 75.17 50.47 99.05
12:27:31 48.79 50.47 99.02
12:27:32 30.19 50.47 99.02
12:27:33 18.89 50.47 99.02
12:27:34 11.36 50.47 99.02
12:27:35 6.81 50.47 99.05
12:27:36 4.14 50.47 99.02
12:27:37 1.99 50.47 99.05
12:27:38 0.92 50.47 99.02
12:27:39 0.12 50.47 99.02
12:27:40 -0.92 50.47 99.04
12:27:41 -1.96 50.47 99.04
12:27:42 -2.21 50.47 99.02
12:27:43 -2.61 50.47 99.05
12:27:44 -2.93 50.47 99.02
12:27:45 -2.91 50.47 99.05
12:27:46 -3.49 50.47 99.02
12:27:47 -3.66 50.47 99.05
12:27:48 -3.82 50.47 99.02
12:27:49 -3.71 50.47 99.05
12:27:50 -3.67 50.47 99.02
12:27:51 -3.65 50.47 99.02
12:27:52 -4.14 50.47 99.02
12:27:53 -4.16 50.47 99.05
12:27:54 -3.98 50.47 99.02
12:27:55 -4.28 50.47 99.05
12:27:56 -4.11 50.47 99.06
12:27:57 -4.34 50.47 99.05
12:27:58 -4.12 50.47 99.02
12:27:59 -4.54 50.47 99.04
12:28:00 -4.24 50.47 99.04
12:28:01 -4.17 50.47 99.02
12:28:02 -4.28 50.47 99.02
12:28:03 -4.59 50.47 99.02
12:28:04 -4.62 50.47 99.04
12:28:05 -4.18 50.47 99.04
12:28:06 -4.79 50.47 99.02
12:28:07 -4.34 50.47 99.02
12:28:08 -4.21 50.47 99.05
12:28:09 -4.73 50.47 99.05
12:28:10 -4.41 50.47 99.05
12:28:11 -4.36 50.47 99.02
12:28:12 -4.51 50.47 99.02
12:28:13 -4.16 50.47 99.05
12:28:14 -4.38 50.47 99.05
12:28:15 -4.60 50.47 99.02
12:28:16 -4.55 50.47 99.02
12:28:17 -4.40 50.47 99.02
12:28:18 -4.20 50.47 99.02
12:28:19 -4.50 50.47 99.02
12:28:20 -4.42 50.47 99.02
12:28:21 -4.36 50.47 99.05
12:28:22 -4.66 50.47 99.06
12:28:23 -4.46 50.47 99.02
12:28:24 -4.63 50.47 99.02
12:28:25 -4.56 50.47 99.02
12:28:26 -4.54 50.47 99.02
12:28:27 -4.06 50.47 99.05
12:28:28 -4.84 50.47 99.05
12:28:29 -4.52 50.47 99.02
12:28:30 -4.68 50.47 99.02
12:28:31 -4.66 50.47 99.02
12:28:32 -4.87 50.47 99.05
12:28:33 -4.55 50.47 99.02
12:28:34 -4.48 50.47 99.02
12:28:35 -4.75 50.47 99.02
12:28:36 -4.53 50.47 99.02
12:28:37 -4.29 50.47 99.02
12:28:38 -0.37 50.47 99.05
12:28:39 17.97 50.47 99.05
12:28:40 70.21 50.47 99.02
12:28:41 174.73 50.47 99.05
12:28:42 316.57 50.47 99.02
12:28:43 388.61 50.47 99.02
12:28:44 502.61 50.47 99.02
12:28:45 546.65 50.47 99.05
12:28:46 519.50 50.47 99.05
12:28:47 444.19 50.47 99.05
12:28:48 351.44 50.47 99.05
12:28:49 263.81 50.47 99.02
12:28:50 180.83 50.47 99.02
12:28:51 118.78 50.47 99.02
12:28:52 79.38 50.47 99.05
12:28:53 52.71 50.47 99.05
12:28:54 36.36 50.47 99.02
12:28:55 25.44 50.47 99.05
12:28:56 18.48 50.47 99.02
12:28:57 13.11 50.47 99.02
12:28:58 9.74 50.47 99.02
12:28:59 7.41 50.47 99.05
12:29:00 5.04 50.47 99.05
12:29:01 3.20 50.47 99.05
12:29:02 2.09 50.47 99.02
12:29:03 1.29 50.47 99.02
12:29:04 -0.00 50.47 99.02
12:29:05 0.00 50.47 99.05
12:29:06 -0.76 50.47 99.05
12:29:07 -1.25 50.47 99.05
12:29:08 -1.97 50.47 99.05
12:29:09 -2.34 50.47 99.05
12:29:10 -2.61 50.47 99.05
12:29:11 -2.78 50.47 99.05
12:29:12 -2.72 50.47 99.02
12:29:13 -3.13 50.47 99.02
12:29:14 -3.03 50.47 99.02
12:29:15 -3.21 50.47 99.02
12:29:16 -3.37 50.47 99.05
12:29:17 -3.52 50.47 99.02
12:29:18 -3.66 50.47 99.02
12:29:19 -2.81 50.47 99.02
12:29:20 2.34 50.47 99.02
12:29:21 18.80 50.47 99.02
12:29:22 55.77 50.47 99.02
12:29:23 112.75 50.47 99.05
12:29:24 176.26 50.47 99.02
12:29:25 222.60 50.47 99.02
12:29:26 234.72 50.47 99.02
12:29:27 233.63 50.47 99.05
12:29:28 206.69 50.47 99.02
12:29:29 166.44 50.47 99.02
12:29:30 125.55 50.47 99.05
12:29:31 84.65 50.47 99.02
12:29:32 54.88 50.47 99.06
12:29:33 34.68 50.47 99.06
12:29:34 21.88 50.47 99.02
12:29:35 14.01 50.47 99.05
12:29:36 8.30 50.47 99.05
12:29:37 5.05 50.47 99.06
12:29:38 2.80 50.47 99.04
12:29:39 1.36 50.47 99.04
12:29:40 0.02 50.47 99.06
12:29:41 -0.63 50.47 99.04
12:29:42 -1.64 50.47 99.06
12:29:43 -1.85 50.47 99.05
12:29:44 -2.59 50.47 99.02
12:29:45 -2.72 50.47 99.02
12:29:46 -2.44 50.47 99.02
12:29:47 -3.38 50.47 99.04
12:29:48 -4.16 50.47 99.04
12:29:49 -3.34 50.47 99.04
12:29:50 -3.93 50.47 99.05
12:29:51 -3.78 50.47 99.02
12:29:52 -3.76 50.47 99.02
12:29:53 -3.94 50.47 99.02
12:29:54 -4.07 50.47 99.05
12:29:55 -3.89 50.47 99.02
12:29:56 -3.73 50.47 99.02
12:29:57 -3.69 50.47 99.02
12:29:58 -0.93 50.47 99.05
12:29:59 8.65 50.47 99.05
12:30:00 32.16 50.47 99.02
12:30:01 70.81 50.47 99.05
12:30:02 117.23 50.47 99.05
12:30:03 154.09 50.47 99.05
12:30:04 168.85 50.47 99.06
12:30:05 162.56 50.47 99.04
12:30:06 139.00 50.47 99.04
12:30:07 108.88 50.47 99.02
12:30:08 80.59 50.47 99.02
12:30:09 66.38 50.47 99.05
12:30:10 42.70 50.47 99.02
12:30:11 27.64 50.47 99.05
12:30:12 17.14 50.47 99.04
12:30:13 10.76 50.47 99.02
12:30:14 6.49 50.47 99.05
12:30:15 3.95 50.47 99.05
12:30:16 2.23 50.47 99.02
12:30:17 0.69 50.47 99.02
12:30:18 -0.13 50.47 99.02
12:30:19 -1.00 50.47 99.02
12:30:20 -1.63 50.47 99.02
12:30:21 -2.20 50.47 99.04
12:30:22 -2.42 50.47 99.06
12:30:23 -3.11 50.47 99.06
12:30:24 -3.00 50.47 99.06
12:30:25 -3.45 50.47 99.04
12:30:26 -3.23 50.47 99.04
12:30:27 -3.68 50.47 99.06
12:30:28 -3.50 50.47 99.02
12:30:29 -4.16 50.47 99.05
12:30:30 -3.87 50.47 99.05
12:30:31 -3.97 50.47 99.05
12:30:32 -3.82 50.47 99.02
12:30:33 -4.17 50.47 99.05
12:30:34 -3.90 50.47 99.05
12:30:35 -4.54 50.47 99.05
12:30:36 -3.84 50.47 99.05
12:30:37 -2.62 50.47 99.02
12:30:38 4.37 50.47 99.05
12:30:39 23.96 50.47 99.02
12:30:40 60.53 50.47 99.02
12:30:41 108.55 50.47 99.02
12:30:42 152.82 50.47 99.05
12:30:43 177.83 50.47 99.05
12:30:44 177.71 50.47 99.05
12:30:45 157.16 50.47 99.05
12:30:46 127.41 50.47 99.05
12:30:47 95.77 50.47 99.05
12:30:48 64.81 50.47 99.04
12:30:49 41.29 50.47 99.04
12:30:50 25.86 50.47 99.06
12:30:51 16.12 50.47 99.06
12:30:52 9.34 50.47 99.04
12:30:53 7.49 50.47 99.04
12:30:54 4.33 50.47 99.06
12:30:55 2.26 50.47 99.04
12:30:56 1.05 50.47 99.06
12:30:57 -0.30 50.47 99.06
12:30:58 -1.48 50.47 99.04
12:30:59 -1.50 50.47 99.04
12:31:00 -2.59 50.47 99.05
12:31:01 -2.61 50.47 99.05
12:31:02 -3.24 50.47 99.06
12:31:03 -3.00 50.47 99.04
12:31:04 -3.28 50.47 99.02
12:31:05 -3.42 50.47 99.05
12:31:06 -4.09 50.47 99.04
12:31:07 -4.19 50.47 99.04
12:31:08 -3.97 50.47 99.04
12:31:09 -4.11 50.47 99.04
12:31:10 -4.28 50.47 99.05
12:31:11 -4.15 50.47 99.05
12:31:12 -4.09 50.47 99.02
12:31:13 -4.10 50.47 99.02
12:31:14 -4.23 50.47 99.05
12:31:15 -4.52 50.47 99.02
12:31:16 -3.20 50.47 99.02
12:31:17 1.50 50.47 99.05
12:31:18 17.17 50.47 99.05
12:31:19 50.41 50.47 99.02
12:31:20 98.96 50.47 99.05
12:31:21 149.86 50.47 99.05
12:31:22 184.84 50.47 99.05
12:31:23 194.24 50.47 99.05
12:31:24 178.73 50.47 99.04
12:31:25 148.58 50.47 99.06
12:31:26 114.36 50.47 99.04
12:31:27 79.72 50.47 99.06
12:31:28 51.44 50.47 99.04
12:31:29 32.45 50.47 99.06
12:31:30 20.33 50.47 99.04
12:31:31 12.78 50.47 99.06
12:31:32 7.84 50.47 99.04
12:31:33 4.58 50.47 99.04
12:31:34 2.44 50.47 99.06
12:31:35 1.05 50.47 99.06
12:31:36 0.45 50.47 99.04
12:31:37 -0.92 50.47 99.04
12:31:38 -1.31 50.47 99.06
12:31:39 -2.21 50.47 99.04
12:31:40 -2.36 50.47 99.04
12:31:41 -2.63 50.47 99.04
12:31:42 -2.70 50.47 99.06
12:31:43 -3.48 50.47 99.06
12:31:44 -3.79 50.47 99.06
12:31:45 -3.98 50.47 99.04
12:31:46 -3.19 50.47 99.04
12:31:47 -3.88 50.47 99.06
12:31:48 -4.20 50.47 99.04
12:31:49 -3.55 50.47 99.06
12:31:50 -3.96 50.47 99.06
12:31:51 -3.97 50.47 99.06
12:31:52 -4.45 50.47 99.06
12:31:53 -3.76 50.47 99.04
12:31:54 -1.72 50.47 99.04
12:31:55 2.57 50.47 99.06
12:31:56 11.67 50.47 99.04
12:31:57 23.80 50.47 99.06
12:31:58 29.78 50.47 99.04
12:31:59 39.70 50.47 99.06
12:32:00 43.49 50.47 99.06
12:32:01 40.83 50.47 99.06
12:32:02 33.95 50.47 99.06
12:32:03 25.93 50.47 99.06
12:32:04 18.55 50.47 99.04
12:32:05 11.17 50.47 99.04
12:32:06 5.48 50.47 99.06
12:32:07 2.42 50.47 99.06
12:32:08 0.20 50.47 99.06
12:32:09 -1.03 50.47 99.04
12:32:10 -2.14 50.47 99.04
12:32:11 -2.54 50.47 99.04
12:32:12 -2.78 50.47 99.06
12:32:13 -3.45 50.47 99.06
12:32:14 -3.54 50.47 99.04
12:32:15 -3.76 50.47 99.04
12:32:16 -3.66 50.47 99.04
12:32:17 -3.57 50.47 99.04
12:32:18 -4.31 50.47 99.06
12:32:19 -3.81 50.47 99.04
12:32:20 -3.72 50.47 99.04
12:32:21 -4.88 50.47 99.06
12:32:22 -4.61 50.47 99.06
12:32:23 -4.19 50.47 99.04
12:32:24 -4.52 50.47 99.06
12:32:25 -4.36 50.47 99.04
12:32:26 -4.33 50.47 99.06
12:32:27 -4.11 50.47 99.06
12:32:28 -4.48 50.47 99.06
12:32:29 -4.24 50.47 99.06
12:32:30 -4.22 50.47 99.04
12:32:31 -2.29 50.47 99.04
12:32:32 4.43 50.47 99.04
12:32:33 19.10 50.47 99.06
12:32:34 41.13 50.47 99.04
12:32:35 66.52 50.47 99.04
12:32:36 85.89 50.47 99.04
12:32:37 92.86 50.47 99.04
12:32:38 87.06 50.47 99.06
12:32:39 73.64 50.47 99.04
12:32:40 56.74 50.47 99.06
12:32:41 48.78 50.47 99.04
12:32:42 34.68 50.47 99.04
12:32:43 22.02 50.47 99.04
12:32:44 12.98 50.47 99.06
12:32:45 8.38 50.47 99.04
12:32:46 4.35 50.47 99.06
12:32:47 2.79 50.47 99.06
12:32:48 0.94 50.47 99.06
12:32:49 -0.17 50.47 99.06
12:32:50 -0.88 50.47 99.06
12:32:51 -1.88 50.47 99.04
12:32:52 -2.24 50.47 99.06
12:32:53 -2.65 50.47 99.04
12:32:54 -3.00 50.47 99.06
12:32:55 -3.34 50.47 99.04
12:32:56 -3.62 50.47 99.04
12:32:57 -3.55 50.47 99.06
12:32:58 -3.60 50.47 99.04
12:32:59 -4.01 50.47 99.04
12:33:00 -4.28 50.47 99.06
12:33:01 -3.78 50.47 99.04
12:33:02 -4.24 50.47 99.04
12:33:03 -3.92 50.47 99.04
12:33:04 -4.48 50.47 99.04
12:33:05 -4.32 50.47 99.06
12:33:06 -4.46 50.47 99.04
12:33:07 -3.79 50.47 99.06
12:33:08 -4.40 50.47 99.04
12:33:09 -1.80 50.47 99.04
12:33:10 8.74 50.47 99.06
12:33:11 40.61 50.47 99.04
12:33:12 103.13 50.47 99.06
12:33:13 188.77 50.47 99.04
12:33:14 272.92 50.47 99.06
12:33:15 323.46 50.47 99.06
12:33:16 329.25 50.47 99.06
12:33:17 295.39 50.47 99.04
12:33:18 241.40 50.47 99.06
12:33:19 185.36 50.47 99.04
12:33:20 130.63 50.47 99.04
12:33:21 85.14 50.47 99.06
12:33:22 55.76 50.47 99.04
12:33:23 36.79 50.47 99.04
12:33:24 24.16 50.47 99.06
12:33:25 20.23 50.47 99.06
12:33:26 13.32 50.47 99.04
12:33:27 9.40 50.47 99.06
12:33:28 6.06 50.47 99.06
12:33:29 4.24 50.47 99.06
12:33:30 2.43 50.47 99.06
12:33:31 1.21 50.47 99.04
12:33:32 0.16 50.47 99.04
12:33:33 -0.48 50.47 99.04
12:33:34 -0.85 50.47 99.06
12:33:35 -1.40 50.47 99.06
12:33:36 -2.31 50.47 99.06
12:33:37 -2.65 50.47 99.06
12:33:38 -2.69 50.47 99.04
12:33:39 -2.79 50.47 99.06
12:33:40 -3.50 50.47 99.06
12:33:41 -3.26 50.47 99.06
12:33:42 -3.46 50.47 99.04
12:33:43 -3.73 50.47 99.04
12:33:44 -3.72 50.47 99.04
12:33:45 -3.77 50.47 99.06
12:33:46 -3.68 50.47 99.04
12:33:47 -3.83 50.47 99.04
12:33:48 -4.27 50.47 99.06
12:33:49 -3.87 50.47 99.06
12:33:50 -4.06 50.47 99.06
12:33:51 -4.40 50.47 99.06
12:33:52 -4.09 50.47 99.04
12:33:53 -4.05 50.47 99.06
12:33:54 -4.35 50.47 99.06
12:33:55 -4.47 50.47 99.04
12:33:56 -4.21 50.47 99.04
12:33:57 -4.33 50.47 99.06
12:33:58 -4.47 50.47 99.04
12:33:59 -4.46 50.47 99.04
12:34:00 -4.29 50.47 99.06
12:34:01 -4.17 50.47 99.04
12:34:02 -4.46 50.47 99.04
12:34:03 -4.44 50.47 99.06
12:34:04 -4.13 50.47 99.06
12:34:05 -4.46 50.47 99.06
12:34:06 -4.65 50.47 99.06
12:34:07 -4.75 50.47 99.06
12:34:08 -4.46 50.47 99.04
12:34:09 -4.63 50.47 99.04
12:34:10 -4.22 50.47 99.04
12:34:11 -4.52 50.47 99.04
12:34:12 -4.46 50.47 99.06
12:34:13 -4.54 50.47 99.04
12:34:14 -4.97 50.47 99.04
12:34:15 -4.76 50.47 99.04
12:34:16 -4.72 50.47 99.04
12:34:17 -4.32 50.47 99.04
12:34:18 -4.45 50.47 99.04
12:34:19 -4.23 50.47 99.04
12:34:20 -4.97 50.47 99.06
12:34:21 -4.43 50.47 99.06
12:34:22 -4.58 50.47 99.06
12:34:23 -4.57 50.47 99.06
12:34:24 -4.69 50.47 99.04
12:34:25 -4.75 50.47 99.04
12:34:26 -4.28 50.47 99.06
12:34:27 -4.66 50.47 99.06
12:34:28 -4.42 50.47 99.06
12:34:29 -4.41 50.47 99.04
12:34:30 -4.40 50.47 99.06
12:34:31 -4.66 50.47 99.04
12:34:32 -4.63 50.47 99.04
12:34:33 -4.45 50.47 99.04
12:34:34 -4.72 50.47 99.06
12:34:35 -4.67 50.47 99.06
12:34:36 -4.46 50.47 99.04
12:34:37 -4.72 50.47 99.04
12:34:38 -4.44 50.47 99.06
12:34:39 -4.64 50.47 99.06
12:34:40 -4.79 50.47 99.06
12:34:41 -4.62 50.47 99.06
12:34:42 -4.55 50.47 99.04
12:34:43 -4.62 50.47 99.04
12:34:44 -4.47 50.47 99.06
12:34:45 -4.53 50.47 99.06
12:34:46 -4.79 50.47 99.06
12:34:47 -4.50 50.47 99.06
12:34:48 -4.61 50.47 99.06
12:34:49 -4.87 50.47 99.04
12:34:50 -4.52 50.47 99.06
12:34:51 -4.47 50.47 99.04
12:34:52 -4.73 50.47 99.04
12:34:53 -4.80 50.47 99.06
12:34:54 -4.75 50.47 99.06
12:34:55 -4.64 50.47 99.04
12:34:56 -4.54 50.47 99.06
12:34:57 -5.13 50.47 99.06
12:34:58 -4.43 50.47 99.04
12:34:59 -4.63 50.47 99.06
12:35:00 -4.44 50.47 99.06
12:35:01 -4.28 50.47 99.06
12:35:02 -4.74 50.47 99.06
12:35:03 -4.43 50.47 99.06
12:35:04 -4.79 50.47 99.06
12:35:05 -4.70 50.47 99.06
12:35:06 -2.74 50.47 99.06
12:35:07 5.27 50.47 99.06
12:35:08 30.38 50.47 99.06
12:35:09 82.37 50.47 99.04
12:35:10 158.42 50.47 99.04
12:35:11 235.93 50.47 99.06
12:35:12 288.77 50.47 99.07
12:35:13 299.80 50.47 99.07
12:35:14 292.13 50.47 99.07
12:35:15 254.36 50.47 99.06
12:35:16 203.39 50.47 99.06
12:35:17 153.73 50.47 99.06
12:35:18 107.14 50.47 99.06
12:35:19 69.81 50.47 99.06
12:35:20 46.03 50.47 99.04
12:35:21 30.94 50.47 99.06
12:35:22 20.43 50.47 99.04
12:35:23 14.49 50.47 99.06
12:35:24 9.75 50.47 99.04
12:35:25 6.82 50.47 99.06
12:35:26 4.26 50.47 99.06
12:35:27 2.87 50.47 99.06
12:35:28 1.62 50.47 99.06
12:35:29 0.29 50.47 99.04
12:35:30 -0.09 50.47 99.04
12:35:31 -0.62 50.47 99.04
12:35:32 -1.19 50.47 99.04
12:35:33 -1.92 50.47 99.04
12:35:34 -2.69 50.47 99.05
12:35:35 -2.96 50.47 99.04
12:35:36 -3.00 50.47 99.06
12:35:37 -3.12 50.47 99.06
12:35:38 -2.66 50.47 99.06
12:35:39 -3.58 50.47 99.06
12:35:40 -3.41 50.47 99.04
12:35:41 -3.40 50.47 99.06
12:35:42 -3.97 50.47 99.06
12:35:43 -3.99 50.47 99.04
12:35:44 -3.74 50.47 99.06
12:35:45 -2.12 50.47 99.04
12:35:46 5.02 50.47 99.04
12:35:47 25.15 50.47 99.06
12:35:48 63.39 50.47 99.04
12:35:49 113.48 50.47 99.04
12:35:50 159.50 50.47 99.06
12:35:51 187.57 50.47 99.06
12:35:52 188.66 50.47 99.06
12:35:53 168.84 50.47 99.06
12:35:54 137.07 50.47 99.04
12:35:55 103.43 50.47 99.06
12:35:56 75.42 50.47 99.04
12:35:57 61.38 50.47 99.06
12:35:58 39.13 50.47 99.04
12:35:59 24.68 50.47 99.06
12:36:00 15.80 50.47 99.06
12:36:01 9.83 50.47 99.06
12:36:02 6.08 50.47 99.06
12:36:03 3.64 50.47 99.06
12:36:04 1.95 50.47 99.06
12:36:05 0.35 50.47 99.06
12:36:06 -0.41 50.47 99.06
12:36:07 -1.22 50.47 99.06
12:36:08 -1.55 50.47 99.04
12:36:09 -2.84 50.47 99.06
12:36:10 -1.86 50.47 99.06
12:36:11 -3.21 50.47 99.06
12:36:12 -3.34 50.47 99.06
12:36:13 -3.46 50.47 99.06
12:36:14 -3.42 50.47 99.06
12:36:15 -3.52 50.47 99.06
12:36:16 -3.30 50.47 99.04
12:36:17 -3.85 50.47 99.06
12:36:18 -3.99 50.47 99.06
12:36:19 -4.14 50.47 99.06
12:36:20 -4.01 50.47 99.06
12:36:21 -3.68 50.47 99.06
12:36:22 -0.54 50.47 99.06
12:36:23 10.29 50.47 99.04
12:36:24 34.24 50.47 99.06
12:36:25 71.49 50.47 99.06
12:36:26 112.73 50.47 99.04
12:36:27 143.56 50.47 99.04
12:36:28 153.94 50.47 99.06
12:36:29 143.70 50.47 99.04
12:36:30 121.22 50.47 99.04
12:36:31 93.17 50.47 99.04
12:36:32 66.59 50.47 99.06
12:36:33 42.81 50.47 99.06
12:36:34 26.48 50.47 99.06
12:36:35 15.93 50.47 99.06
12:36:36 9.75 50.47 99.06
12:36:37 5.14 50.47 99.04
12:36:38 2.90 50.47 99.06
12:36:39 1.13 50.47 99.06
12:36:40 0.51 50.47 99.06
12:36:41 -0.92 50.47 99.06
12:36:42 -1.45 50.47 99.06
12:36:43 -2.20 50.47 99.06
12:36:44 -2.46 50.47 99.06
12:36:45 -2.82 50.47 99.06
12:36:46 -3.18 50.47 99.06
12:36:47 -3.70 50.47 99.06
12:36:48 -3.01 50.47 99.06
12:36:49 -3.82 50.47 99.06
12:36:50 -3.98 50.47 99.04
12:36:51 -3.97 50.47 99.06
12:36:52 -4.06 50.47 99.06
12:36:53 -3.94 50.47 99.06
12:36:54 -4.31 50.47 99.04
12:36:55 -4.28 50.47 99.06
12:36:56 -4.50 50.47 99.06
12:36:57 -4.19 50.47 99.06
12:36:58 -3.88 50.47 99.06
12:36:59 -2.24 50.47 99.06
12:37:00 6.16 50.47 99.04
12:37:01 27.28 50.47 99.06
12:37:02 43.75 50.47 99.06
12:37:03 86.51 50.47 99.06
12:37:04 131.08 50.47 99.06
12:37:05 163.79 50.47 99.04
12:37:06 172.68 50.47 99.06
12:37:07 160.70 50.47 99.06
12:37:08 135.22 50.47 99.04
12:37:09 105.50 50.47 99.06
12:37:10 77.94 50.47 99.04
12:37:11 52.06 50.47 99.06
12:37:12 34.70 50.47 99.04
12:37:13 23.19 50.47 99.06
12:37:14 15.81 50.47 99.04
12:37:15 10.94 50.47 99.04
12:37:16 7.16 50.47 99.06
12:37:17 4.86 50.47 99.04
12:37:18 3.18 50.47 99.06
12:37:19 2.19 50.47 99.06
12:37:20 0.63 50.47 99.06
12:37:21 -0.33 50.47 99.04
12:37:22 -0.67 50.47 99.06
12:37:23 -1.23 50.47 99.06
12:37:24 -1.70 50.47 99.04
12:37:25 -1.97 50.47 99.06
12:37:26 -1.94 50.47 99.06
12:37:27 -2.33 50.47 99.06
12:37:28 -3.09 50.47 99.06
12:37:29 -3.46 50.47 99.06
12:37:30 -3.12 50.47 99.06
12:37:31 -3.68 50.47 99.06
12:37:32 -3.51 50.47 99.04
12:37:33 -3.26 50.47 99.06
12:37:34 -3.82 50.47 99.06
12:37:35 -3.83 50.47 99.06
12:37:36 -4.14 50.47 99.04
12:37:37 -3.21 50.47 99.06
12:37:38 -1.24 50.47 99.06
12:37:39 8.87 50.47 99.04
12:37:40 30.09 50.47 99.06
12:37:41 63.52 50.47 99.06
12:37:42 101.18 50.47 99.06
12:37:43 130.97 50.47 99.06
12:37:44 141.92 50.47 99.06
12:37:45 140.31 50.47 99.06
12:37:46 124.66 50.47 99.06
12:37:47 101.30 50.47 99.06
12:37:48 76.89 50.47 99.06
12:37:49 54.58 50.47 99.06
12:37:50 35.05 50.47 99.04
12:37:51 21.68 50.47 99.04
12:37:52 13.66 50.47 99.06
12:37:53 8.22 50.47 99.06
12:37:54 4.41 50.47 99.06
12:37:55 2.24 50.47 99.06
12:37:56 1.05 50.47 99.06
12:37:57 -0.25 50.47 99.04
12:37:58 -0.94 50.47 99.04
12:37:59 -1.93 50.47 99.06
12:38:00 -2.07 50.47 99.06
12:38:01 -2.33 50.47 99.06
12:38:02 -3.01 50.47 99.06
12:38:03 -3.11 50.47 99.04
12:38:04 -3.43 50.47 99.06
12:38:05 -3.37 50.47 99.06
12:38:06 -3.96 50.47 99.06
12:38:07 -3.96 50.47 99.04
12:38:08 -4.15 50.47 99.06
12:38:09 -3.77 50.47 99.06
12:38:10 -3.85 50.47 99.04
12:38:11 -4.14 50.47 99.06
12:38:12 -4.25 50.47 99.04
12:38:13 -4.08 50.47 99.06
12:38:14 -4.52 50.47 99.06
12:38:15 -4.14 50.47 99.06
12:38:16 -4.02 50.47 99.06
12:38:17 -0.69 50.47 99.04
12:38:18 8.92 50.47 99.04
12:38:19 30.30 50.47 99.06
12:38:20 63.63 50.47 99.06
12:38:21 100.19 50.47 99.06
12:38:22 127.12 50.47 99.06
12:38:23 136.55 50.47 99.06
12:38:24 127.90 50.47 99.06
12:38:25 107.50 50.47 99.06
12:38:26 83.78 50.47 99.04
12:38:27 61.39 50.47 99.04
12:38:28 40.48 50.47 99.06
12:38:29 31.88 50.47 99.06
12:38:30 19.76 50.47 99.06
12:38:31 12.43 50.47 99.06
12:38:32 7.48 50.47 99.04
12:38:33 4.06 50.47 99.04
12:38:34 2.30 50.47 99.06
12:38:35 0.27 50.47 99.06
12:38:36 -0.19 50.47 99.06
12:38:37 -1.30 50.47 99.06
12:38:38 -1.95 50.47 99.06
12:38:39 -2.20 50.47 99.06
12:38:40 -2.75 50.47 99.06
12:38:41 -2.92 50.47 99.06
12:38:42 -3.42 50.47 99.06
12:38:43 -3.69 50.47 99.06
12:38:44 -3.68 50.47 99.06
12:38:45 -3.68 50.47 99.06
12:38:46 -4.26 50.47 99.06
12:38:47 -4.00 50.47 99.06
12:38:48 -3.86 50.47 99.04
12:38:49 -4.45 50.47 99.06
12:38:50 -4.24 50.47 99.04
12:38:51 -4.05 50.47 99.06
12:38:52 -4.44 50.47 99.06
12:38:53 -3.81 50.47 99.06
12:38:54 -4.41 50.47 99.06
12:38:55 -3.81 50.47 99.06
12:38:56 -0.37 50.47 99.06
12:38:57 10.05 50.47 99.06
12:38:58 33.99 50.47 99.06
12:38:59 69.24 50.47 99.06
12:39:00 107.75 50.47 99.06
12:39:01 135.57 50.47 99.06
12:39:02 145.16 50.47 99.06
12:39:03 134.54 50.47 99.06
12:39:04 113.44 50.47 99.06
12:39:05 88.51 50.47 99.06
12:39:06 64.86 50.47 99.04
12:39:07 42.26 50.47 99.06
12:39:08 26.79 50.47 99.06
12:39:09 17.92 50.47 99.06
12:39:10 11.48 50.47 99.06
12:39:11 7.28 50.47 99.06
12:39:12 5.57 50.47 99.06
12:39:13 3.65 50.47 99.04
12:39:14 1.69 50.47 99.06
12:39:15 0.75 50.47 99.06
12:39:16 -0.55 50.47 99.06
12:39:17 -1.01 50.47 99.06
12:39:18 -1.54 50.47 99.06
12:39:19 -2.56 50.47 99.06
12:39:20 -2.23 50.47 99.04
12:39:21 -3.08 50.47 99.06
12:39:22 -3.45 50.47 99.06
12:39:23 -3.49 50.47 99.06
12:39:24 -3.42 50.47 99.06
12:39:25 -3.58 50.47 99.05
12:39:26 -4.05 50.47 99.05
12:39:27 -3.85 50.47 99.06
12:39:28 -3.93 50.47 99.04
12:39:29 -3.92 50.47 99.04
12:39:30 -4.05 50.47 99.04
12:39:31 -3.83 50.47 99.06
12:39:32 -0.68 50.47 99.06
12:39:33 11.47 50.47 99.06
12:39:34 24.57 50.47 99.06
12:39:35 70.74 50.47 99.05
12:39:36 137.92 50.47 99.05
12:39:37 209.95 50.47 99.02
12:39:38 259.61 50.47 99.05
12:39:39 274.24 50.47 99.06
12:39:40 253.52 50.47 99.04
12:39:41 212.33 50.47 99.06
12:39:42 163.75 50.47 99.06
12:39:43 119.91 50.47 99.04
12:39:44 79.30 50.47 99.06
12:39:45 50.38 50.47 99.06
12:39:46 32.36 50.47 99.06
12:39:47 20.72 50.47 99.06
12:39:48 12.88 50.47 99.04
12:39:49 8.28 50.47 99.04
12:39:50 5.69 50.47 99.06
12:39:51 2.64 50.47 99.06
12:39:52 1.23 50.47 99.04
12:39:53 0.25 50.47 99.06
12:39:54 -0.80 50.47 99.06
12:39:55 -1.21 50.47 99.06
12:39:56 -1.72 50.47 99.04
12:39:57 -1.90 50.47 99.06
12:39:58 -2.61 50.47 99.04
12:39:59 -2.97 50.47 99.06
12:40:00 -3.18 50.47 99.04
12:40:01 -3.20 50.47 99.06
12:40:02 -3.24 50.47 99.06
12:40:03 -3.87 50.47 99.06
12:40:04 -4.05 50.47 99.06
12:40:05 -3.85 50.47 99.06
12:40:06 -3.97 50.47 99.06
12:40:07 -4.04 50.47 99.06
12:40:08 -4.00 50.47 99.06
12:40:09 -4.02 50.47 99.06
12:40:10 -4.30 50.47 99.06
12:40:11 -4.14 50.47 99.04
12:40:12 -3.83 50.47 99.06
12:40:13 -4.49 50.47 99.06
12:40:14 -4.02 50.47 99.06
12:40:15 -4.36 50.47 99.06
12:40:16 -4.38 50.47 99.04
12:40:17 -4.28 50.47 99.06
12:40:18 -4.14 50.47 99.06
12:40:19 -4.25 50.47 99.06
12:40:20 -4.64 50.47 99.06
12:40:21 -4.31 50.47 99.06
12:40:22 -4.48 50.47 99.06
12:40:23 -4.28 50.47 99.06
12:40:24 -4.53 50.47 99.06
12:40:25 -4.38 50.47 99.06
12:40:26 -4.64 50.47 99.06
12:40:27 -4.61 50.47 99.04
12:40:28 -4.47 50.47 99.05
12:40:29 -4.30 50.47 99.05
12:40:30 -4.28 50.47 99.04
12:40:31 -4.38 50.47 99.06
12:40:32 -4.54 50.47 99.06
12:40:33 -4.55 50.47 99.06
12:40:34 -5.07 50.47 99.06
12:40:35 -4.46 50.47 99.06
12:40:36 -4.49 50.47 99.04
12:40:37 -4.51 50.47 99.06
12:40:38 -4.40 50.47 99.06
12:40:39 -4.33 50.47 99.04
12:40:40 -4.62 50.47 99.06
12:40:41 -4.67 50.47 99.06
12:40:42 -5.00 50.47 99.06
12:40:43 -4.59 50.47 99.06
12:40:44 -4.48 50.47 99.06
12:40:45 -4.58 50.47 99.06
12:40:46 -4.52 50.47 99.06
12:40:47 -4.75 50.47 99.06
12:40:48 -4.52 50.47 99.06
12:40:49 -4.51 50.47 99.06
12:40:50 -4.60 50.47 99.06
12:40:51 -4.58 50.47 99.04
12:40:52 -4.59 50.47 99.06
12:40:53 -4.49 50.47 99.06
12:40:54 -4.92 50.47 99.06
12:40:55 -4.57 50.47 99.04
12:40:56 -4.88 50.47 99.06
12:40:57 -4.50 50.47 99.06
12:40:58 -4.82 50.47 99.06
12:40:59 -4.71 50.47 99.06
12:41:00 -4.71 50.47 99.06
12:41:01 -4.47 50.47 99.06
12:41:02 -4.85 50.47 99.06
12:41:03 -4.51 50.47 99.06
12:41:04 -4.77 50.47 99.06
12:41:05 -4.77 50.47 99.06
12:41:06 -4.50 50.47 99.06
12:41:07 -5.03 50.47 99.06
12:41:08 -4.26 50.47 99.06
12:41:09 -3.82 50.47 99.04
12:41:10 -1.62 50.47 99.06
12:41:11 3.78 50.47 99.06
12:41:12 13.51 50.47 99.06
12:41:13 25.43 50.47 99.06
12:41:14 34.68 50.47 99.06
12:41:15 39.12 50.47 99.06
12:41:16 37.52 50.47 99.06
12:41:17 31.35 50.47 99.06
12:41:18 24.31 50.47 99.06
12:41:19 16.79 50.47 99.06
12:41:20 10.30 50.47 99.06
12:41:21 4.78 50.47 99.06
12:41:22 3.31 50.47 99.06
12:41:23 0.67 50.47 99.06
12:41:24 -0.59 50.47 99.06
12:41:25 -1.95 50.47 99.06
12:41:26 -2.38 50.47 99.06
12:41:27 -3.10 50.47 99.06
12:41:28 -2.87 50.47 99.06
12:41:29 -3.79 50.47 99.06
12:41:30 -3.97 50.47 99.06
12:41:31 -4.07 50.47 99.06
12:41:32 -3.99 50.47 99.06
12:41:33 -4.53 50.47 99.06
12:41:34 -4.48 50.47 99.06
12:41:35 -3.93 50.47 99.06
12:41:36 -4.66 50.47 99.06
12:41:37 -4.34 50.47 99.04
12:41:38 -4.49 50.47 99.06
12:41:39 -4.37 50.47 99.06
12:41:40 -4.99 50.47 99.06
12:41:41 -4.55 50.47 99.04
12:41:42 -4.40 50.47 99.06
12:41:43 -4.62 50.47 99.04
12:41:44 -4.83 50.47 99.06
12:41:45 -4.34 50.47 99.06
12:41:46 -3.45 50.47 99.06
12:41:47 5.43 50.47 99.05
12:41:48 37.61 50.47 99.05
12:41:49 115.63 50.47 99.06
12:41:50 247.39 50.47 99.06
12:41:51 403.71 50.47 99.06
12:41:52 530.63 50.47 99.05
12:41:53 587.30 50.47 99.05
12:41:54 567.06 50.47 99.06
12:41:55 491.93 50.47 99.06
12:41:56 395.49 50.47 99.06
12:41:57 299.79 50.47 99.06
12:41:58 210.63 50.47 99.06
12:41:59 142.33 50.47 99.06
12:42:00 96.29 50.47 99.06
12:42:01 66.51 50.47 99.06
12:42:02 47.48 50.47 99.06
12:42:03 34.15 50.47 99.06
12:42:04 25.71 50.47 99.04
12:42:05 19.54 50.47 99.06
12:42:06 17.48 50.47 99.04
12:42:07 13.21 50.47 99.06
12:42:08 10.09 50.47 99.06
12:42:09 7.80 50.47 99.04
12:42:10 5.78 50.47 99.06
12:42:11 4.50 50.47 99.06
12:42:12 3.23 50.47 99.04
12:42:13 1.69 50.47 99.06
12:42:14 1.03 50.47 99.06
12:42:15 0.49 50.47 99.06
12:42:16 -0.55 50.47 99.06
12:42:17 -1.29 50.47 99.06
12:42:18 -1.24 50.47 99.04
12:42:19 -1.86 50.47 99.06
12:42:20 -2.28 50.47 99.06
12:42:21 -2.53 50.47 99.06
12:42:22 -2.39 50.47 99.04
12:42:23 -2.83 50.47 99.06
12:42:24 -3.04 50.47 99.06
12:42:25 -3.11 50.47 99.06
12:42:26 -3.04 50.47 99.06
12:42:27 -2.93 50.47 99.06
12:42:28 -3.35 50.47 99.06
12:42:29 -3.39 50.47 99.06
12:42:30 -2.86 50.47 99.04
12:42:31 2.15 50.47 99.06
12:42:32 18.44 50.47 99.06
12:42:33 54.57 50.47 99.06
12:42:34 111.74 50.47 99.06
12:42:35 175.61 50.47 99.06
12:42:36 223.94 50.47 99.06
12:42:37 240.40 50.47 99.06
12:42:38 226.81 50.47 99.06
12:42:39 192.11 50.47 99.06
12:42:40 150.62 50.47 99.06
12:42:41 111.99 50.47 99.06
12:42:42 79.60 50.47 99.06
12:42:43 52.56 50.47 99.06
12:42:44 33.67 50.47 99.06
12:42:45 22.27 50.47 99.06
12:42:46 14.68 50.47 99.06
12:42:47 9.95 50.47 99.04
12:42:48 6.35 50.47 99.06
12:42:49 5.42 50.47 99.06
12:42:50 3.31 50.47 99.06
12:42:51 2.06 50.47 99.06
12:42:52 0.49 50.47 99.04
12:42:53 -0.16 50.47 99.06
12:42:54 -0.74 50.47 99.06
12:42:55 -1.59 50.47 99.06
12:42:56 -2.07 50.47 99.06
12:42:57 -2.23 50.47 99.06
12:42:58 -2.67 50.47 99.06
12:43:00 -3.08 50.47 99.04
12:43:01 -3.59 50.47 99.06
12:43:02 -3.62 50.47 99.06
12:43:03 -3.82 50.47 99.06
12:43:04 -3.60 50.47 99.06
12:43:05 -4.00 50.47 99.04
12:43:06 -3.61 50.47 99.04
12:43:07 -3.84 50.47 99.06
12:43:08 -4.19 50.47 99.06
12:43:09 -4.11 50.47 99.06
12:43:10 -3.89 50.47 99.06
12:43:11 -4.21 50.47 99.06
12:43:12 -3.70 50.47 99.06
12:43:13 0.43 50.47 99.04
12:43:14 16.02 50.47 99.06
12:43:15 58.90 50.47 99.06
12:43:16 138.47 50.47 99.06
12:43:17 243.74 50.47 99.06
12:43:18 338.38 50.47 99.06
12:43:19 390.54 50.47 99.04
12:43:20 387.04 50.47 99.04
12:43:21 341.10 50.47 99.06
12:43:22 274.46 50.47 99.06
12:43:23 207.63 50.47 99.06
12:43:24 143.33 50.47 99.06
12:43:25 93.95 50.47 99.06
12:43:26 76.10 50.47 99.06
12:43:27 50.21 50.47 99.06
12:43:28 33.45 50.47 99.06
12:43:29 22.91 50.47 99.06
12:43:30 15.91 50.47 99.06
12:43:31 11.87 50.47 99.04
12:43:32 8.13 50.47 99.06
12:43:33 5.98 50.47 99.06
12:43:34 3.65 50.47 99.06
12:43:35 2.68 50.47 99.06
12:43:36 1.36 50.47 99.06
12:43:37 0.29 50.47 99.06
12:43:38 -0.25 50.47 99.06
12:43:39 -0.96 50.47 99.06
12:43:40 -1.43 50.47 99.04
12:43:41 -2.15 50.47 99.06
12:43:42 -1.82 50.47 99.06
12:43:43 -2.75 50.47 99.04
12:43:44 -2.78 50.47 99.06
12:43:45 -3.11 50.47 99.06
12:43:46 -3.01 50.47 99.06
12:43:47 -3.38 50.47 99.06
12:43:48 -3.30 50.47 99.06
12:43:49 -3.51 50.47 99.06
12:43:50 -3.84 50.47 99.06
12:43:51 -3.51 50.47 99.06
12:43:52 -3.33 50.47 99.06
12:43:53 -0.55 50.47 99.06
12:43:54 14.31 50.47 99.06
12:43:55 55.43 50.47 99.06
12:43:56 136.72 50.47 99.06
12:43:57 250.42 50.47 99.06
12:43:58 359.89 50.47 99.06
12:43:59 429.12 50.47 99.06
12:44:00 438.01 50.47 99.04
12:44:01 395.28 50.47 99.04
12:44:02 325.66 50.47 99.06
12:44:03 251.05 50.47 99.06
12:44:04 181.52 50.47 99.06
12:44:05 119.79 50.47 99.06
12:44:06 79.41 50.47 99.04
12:44:07 52.12 50.47 99.06
12:44:08 34.66 50.47 99.06
12:44:09 28.51 50.47 99.06
12:44:10 20.03 50.47 99.06
12:44:11 14.09 50.47 99.06
12:44:12 10.06 50.47 99.06
12:44:13 6.85 50.47 99.06
12:44:14 4.94 50.47 99.06
12:44:15 3.39 50.47 99.06
12:44:16 1.73 50.47 99.06
12:44:17 0.48 50.47 99.06
12:44:18 0.04 50.47 99.06
12:44:19 -0.34 50.47 99.06
12:44:20 -1.27 50.47 99.06
12:44:21 -1.57 50.47 99.04
12:44:22 -2.13 50.47 99.06
12:44:23 -2.41 50.47 99.06
12:44:24 -2.45 50.47 99.06
12:44:25 -3.13 50.47 99.06
12:44:26 -2.91 50.47 99.06
12:44:27 -3.30 50.47 99.06
12:44:28 -3.28 50.47 99.04
12:44:29 -3.79 50.47 99.06
12:44:30 -3.59 50.47 99.06
12:44:31 -3.78 50.47 99.06
12:44:32 -3.59 50.47 99.06
12:44:33 -3.67 50.47 99.06
12:44:34 -3.58 50.47 99.06
12:44:35 -3.90 50.47 99.04
12:44:36 -4.05 50.47 99.06
12:44:37 -3.67 50.47 99.06
12:44:38 -4.16 50.47 99.06
12:44:39 -3.89 50.47 99.06
12:44:40 -4.40 50.47 99.06
12:44:41 -3.94 50.47 99.06
12:44:42 -4.08 50.47 99.06
12:44:43 -4.26 50.47 99.06
12:44:44 -4.03 50.47 99.06
12:44:45 -4.52 50.47 99.06
12:44:46 -4.20 50.47 99.06
12:44:47 -4.08 50.47 99.04
12:44:48 -4.37 50.47 99.06
12:44:49 -4.20 50.47 99.06
12:44:50 -4.30 50.47 99.06
12:44:51 -4.44 50.47 99.06
12:44:52 -4.62 50.47 99.06
12:44:53 -4.32 50.47 99.06
12:44:54 -4.55 50.47 99.04
12:44:55 -4.56 50.47 99.06
12:44:56 -4.37 50.47 99.06
12:44:57 -4.48 50.47 99.06
12:44:58 -4.46 50.47 99.06
12:44:59 -4.45 50.47 99.06
12:45:00 -4.73 50.47 99.06
12:45:01 -4.50 50.47 99.06
12:45:02 -4.33 50.47 99.06
12:45:03 -4.48 50.47 99.06
12:45:04 -4.48 50.47 99.06
12:45:05 -4.56 50.47 99.06
12:45:06 -4.56 50.47 99.06
12:45:07 -4.69 50.47 99.06
12:45:08 -4.57 50.47 99.04
12:45:09 -4.36 50.47 99.06
12:45:10 -4.56 50.47 99.06
12:45:11 -4.76 50.47 99.06
12:45:12 -4.11 50.47 99.06
12:45:13 -4.63 50.47 99.06
12:45:14 -4.27 50.47 99.06
12:45:15 -4.81 50.47 99.06
12:45:16 -4.74 50.47 99.06
12:45:17 -4.36 50.47 99.06
12:45:18 -4.36 50.47 99.06
12:45:19 -4.59 50.47 99.06
12:45:20 -4.49 50.47 99.06
12:45:21 -4.90 50.47 99.06
12:45:22 -4.60 50.47 99.06
12:45:23 -4.51 50.47 99.06
12:45:24 -4.49 50.47 99.06
12:45:25 -4.75 50.47 99.06
12:45:26 -4.65 50.47 99.06
12:45:27 -4.71 50.47 99.06
12:45:28 -4.33 50.47 99.06
12:45:29 -5.10 50.47 99.06
12:45:30 -4.15 50.47 99.06
12:45:31 -1.78 50.47 99.06
12:45:32 7.75 50.47 99.06
12:45:33 32.23 50.47 99.04
12:45:34 74.28 50.47 99.06
12:45:35 126.93 50.47 99.06
12:45:36 151.51 50.47 99.06
12:45:37 186.58 50.47 99.06
12:45:38 194.63 50.47 99.06
12:45:39 180.33 50.47 99.06
12:45:40 150.13 50.47 99.04
12:45:41 117.42 50.47 99.06
12:45:42 83.55 50.47 99.06
12:45:43 55.09 50.47 99.06
12:45:44 36.28 50.47 99.06
12:45:45 23.41 50.47 99.06
12:45:46 15.51 50.47 99.06
12:45:47 10.03 50.47 99.06
12:45:48 6.38 50.47 99.06
12:45:49 3.89 50.47 99.06
12:45:50 2.52 50.47 99.06
12:45:51 1.08 50.47 99.06
12:45:52 0.64 50.47 99.06
12:45:53 -0.69 50.47 99.06
12:45:54 -1.24 50.47 99.04
12:45:55 -1.91 50.47 99.06
12:45:56 -2.29 50.47 99.06
12:45:57 -2.42 50.47 99.06
12:45:58 -2.60 50.47 99.06
12:45:59 -3.65 50.47 99.06
12:46:00 -3.34 50.47 99.06
12:46:01 -3.53 50.47 99.06
12:46:02 -3.65 50.47 99.06
12:46:03 -3.67 50.47 99.06
12:46:04 -3.77 50.47 99.06
12:46:05 -3.95 50.47 99.06
12:46:06 -4.03 50.47 99.06
12:46:07 -4.06 50.47 99.06
12:46:08 -3.33 50.47 99.06
12:46:09 -0.29 50.47 99.06
12:46:10 10.55 50.47 99.06
12:46:11 33.98 50.47 99.06
12:46:12 71.67 50.47 99.06
12:46:13 112.14 50.47 99.06
12:46:14 142.33 50.47 99.06
12:46:15 152.67 50.47 99.06
12:46:16 142.74 50.47 99.06
12:46:17 119.62 50.47 99.06
12:46:18 92.92 50.47 99.06
12:46:19 66.64 50.47 99.06
12:46:20 53.82 50.47 99.06
12:46:21 34.59 50.47 99.06
12:46:22 21.63 50.47 99.07
12:46:23 13.59 50.47 99.06
12:46:24 8.21 50.47 99.06
12:46:25 4.68 50.47 99.07
12:46:26 2.48 50.47 99.06
12:46:27 1.73 50.47 99.06
12:46:28 -0.28 50.47 99.06
12:46:29 -1.05 50.47 99.06
12:46:30 -1.63 50.47 99.06
12:46:31 -1.93 50.47 99.06
12:46:32 -2.38 50.47 99.06
12:46:33 -2.74 50.47 99.04
12:46:34 -3.28 50.47 99.04
12:46:35 -3.29 50.47 99.06
12:46:36 -3.59 50.47 99.06
12:46:37 -3.80 50.47 99.06
12:46:38 -4.26 50.47 99.06
12:46:39 -4.01 50.47 99.06
12:46:40 -4.45 50.47 99.06
12:46:41 -3.94 50.47 99.06
12:46:42 -4.16 50.47 99.06
12:46:43 -4.03 50.47 99.06
12:46:44 -4.18 50.47 99.06
12:46:45 -4.13 50.47 99.04
12:46:46 -4.17 50.47 99.06
12:46:47 -4.06 50.47 99.06
12:46:48 -2.11 50.47 99.06
12:46:49 4.87 50.47 99.06
12:46:50 23.58 50.47 99.06
12:46:51 55.15 50.47 99.06
12:46:52 93.87 50.47 99.06
12:46:53 127.78 50.47 99.04
12:46:54 144.29 50.47 99.06
12:46:55 141.20 50.47 99.06
12:46:56 122.78 50.47 99.06
12:46:57 98.50 50.47 99.06
12:46:58 73.61 50.47 99.06
12:46:59 52.96 50.47 99.06
12:47:00 33.59 50.47 99.06
12:47:01 21.73 50.47 99.06
12:47:02 14.16 50.47 99.06
12:47:03 10.99 50.47 99.06
12:47:04 6.88 50.47 99.06
12:47:05 4.42 50.47 99.07
12:47:06 2.66 50.47 99.07
12:47:07 0.94 50.47 99.07
12:47:08 0.08 50.47 99.07
12:47:09 -1.01 50.47 99.07
12:47:10 -1.27 50.47 99.07
12:47:11 -2.04 50.47 99.07
12:47:12 -2.09 50.47 99.07
12:47:13 -2.49 50.47 99.06
12:47:14 -3.39 50.47 99.06
12:47:15 -2.78 50.47 99.06
12:47:16 -3.63 50.47 99.06
12:47:17 -3.68 50.47 99.06
12:47:18 -3.70 50.47 99.04
12:47:19 -3.43 50.47 99.06
12:47:20 -4.05 50.47 99.07
12:47:21 -4.45 50.47 99.06
12:47:22 -3.73 50.47 99.06
12:47:23 -3.97 50.47 99.06
12:47:24 -4.32 50.47 99.06
12:47:25 -4.20 50.47 99.06
12:47:26 -4.21 50.47 99.06
12:47:27 -3.95 50.47 99.06
12:47:28 -4.68 50.47 99.06
12:47:29 -4.22 50.47 99.06
12:47:30 -4.07 50.47 99.06
12:47:31 -1.26 50.47 99.06
12:47:32 7.73 50.47 99.06
12:47:33 28.98 50.47 99.06
12:47:34 62.98 50.47 99.06
12:47:35 102.20 50.47 99.06
12:47:36 133.81 50.47 99.06
12:47:37 146.30 50.47 99.06
12:47:38 138.96 50.47 99.06
12:47:39 118.56 50.47 99.06
12:47:40 92.69 50.47 99.06
12:47:41 68.32 50.47 99.06
12:47:42 44.99 50.47 99.06
12:47:43 28.06 50.47 99.06
12:47:44 17.07 50.47 99.06
12:47:45 10.29 50.47 99.06
12:47:46 7.74 50.47 99.06
12:47:47 4.31 50.47 99.06
12:47:48 1.75 50.47 99.06
12:47:49 0.54 50.47 99.04
12:47:50 -0.87 50.47 99.06
12:47:51 -1.75 50.47 99.06
12:47:52 -1.88 50.47 99.06
12:47:53 -2.45 50.47 99.06
12:47:54 -2.60 50.47 99.06
12:47:55 -3.23 50.47 99.06
12:47:56 -3.55 50.47 99.06
12:47:57 -3.78 50.47 99.06
12:47:58 -3.97 50.47 99.04
12:47:59 -3.81 50.47 99.06
12:48:00 -3.77 50.47 99.06
12:48:01 -4.43 50.47 99.06
12:48:02 -4.32 50.47 99.06
12:48:03 -4.41 50.47 99.06
12:48:04 -4.34 50.47 99.06
12:48:05 -4.63 50.47 99.06
12:48:06 -4.07 50.47 99.06
12:48:07 -4.28 50.47 99.06
12:48:08 -4.37 50.47 99.06
12:48:09 -4.33 50.47 99.06
12:48:10 -4.45 50.47 99.06
12:48:11 -2.38 50.47 99.06
12:48:12 4.16 50.47 99.06
12:48:13 21.49 50.47 99.06
12:48:14 52.80 50.47 99.06
12:48:15 91.59 50.47 99.06
12:48:16 126.05 50.47 99.04
12:48:17 143.62 50.47 99.06
12:48:18 140.96 50.47 99.06
12:48:19 123.04 50.47 99.06
12:48:20 98.12 50.47 99.06
12:48:21 73.06 50.47 99.06
12:48:22 48.55 50.47 99.06
12:48:23 30.34 50.47 99.06
12:48:24 18.17 50.47 99.04
12:48:25 10.80 50.47 99.06
12:48:26 6.07 50.47 99.06
12:48:27 2.84 50.47 99.06
12:48:28 1.04 50.47 99.06
12:48:29 -0.19 50.47 99.06
12:48:30 -0.81 50.47 99.06
12:48:31 -1.78 50.47 99.06
12:48:32 -2.30 50.47 99.07
12:48:33 -2.50 50.47 99.07
12:48:34 -2.98 50.47 99.06
12:48:35 -3.29 50.47 99.06
12:48:36 -3.55 50.47 99.07
12:48:37 -3.59 50.47 99.07
12:48:38 -4.10 50.47 99.06
12:48:39 -3.68 50.47 99.06
12:48:40 -4.45 50.47 99.06
12:48:41 -3.67 50.47 99.06
12:48:42 -4.31 50.47 99.06
12:48:43 -4.58 50.47 99.06
12:48:44 -4.39 50.47 99.06
12:48:45 -4.47 50.47 99.06
12:48:46 -4.55 50.47 99.06
12:48:47 -4.57 50.47 99.06
12:48:48 -4.24 50.47 99.06
12:48:49 -4.55 50.47 99.06
12:48:50 -4.57 50.47 99.06
12:48:51 -4.10 50.47 99.06
12:48:52 -4.53 50.47 99.06
12:48:53 -4.44 50.47 99.06
12:48:54 -4.51 50.47 99.06
12:48:55 -4.56 50.47 99.06
12:48:56 -4.62 50.47 99.07
12:48:57 -4.82 50.47 99.06
12:48:58 -4.61 50.47 99.06
12:48:59 -4.26 50.47 99.06
12:49:00 -4.75 50.47 99.06
12:49:01 -4.68 50.47 99.06
12:49:02 -4.59 50.47 99.06
12:49:03 -4.82 50.47 99.06
12:49:04 -4.89 50.47 99.06
12:49:05 -4.45 50.47 99.06
12:49:06 -4.45 50.47 99.06
12:49:07 -5.03 50.47 99.06
12:49:08 -4.48 50.47 99.06
12:49:09 -4.09 50.47 99.06
12:49:10 -4.81 50.47 99.06
12:49:11 -4.46 50.47 99.06
12:49:12 -4.48 50.47 99.06
12:49:13 -5.10 50.47 99.06
12:49:14 -4.45 50.47 99.06
12:49:15 -4.69 50.47 99.06
12:49:16 -4.81 50.47 99.06
12:49:17 -4.68 50.47 99.06
12:49:18 -4.92 50.47 99.06
12:49:19 -4.69 50.47 99.06
12:49:20 -4.73 50.47 99.06
12:49:21 -4.74 50.47 99.06
12:49:22 -4.84 50.47 99.07
12:49:23 -4.71 50.47 99.06
12:49:24 -4.59 50.47 99.06
12:49:25 -4.92 50.47 99.04
12:49:26 -4.77 50.47 99.06
12:49:27 -4.57 50.47 99.04
12:49:28 -4.53 50.47 99.06
12:49:29 -4.85 50.47 99.06
12:49:30 -4.71 50.47 99.06
12:49:31 -4.84 50.47 99.06
12:49:32 -4.55 50.47 99.06
12:49:33 -4.72 50.47 99.06
12:49:34 -4.84 50.47 99.06
12:49:35 -4.61 50.47 99.06
12:49:36 -4.74 50.47 99.06
12:49:37 -4.74 50.47 99.07
12:49:38 -4.97 50.47 99.07
12:49:39 -4.57 50.47 99.06
12:49:40 -4.66 50.47 99.04
12:49:41 -4.82 50.47 99.04
12:49:42 -4.45 50.47 99.06
12:49:43 -4.61 50.47 99.06
12:49:44 -4.64 50.47 99.04
12:49:45 -5.01 50.47 99.06
12:49:46 -4.51 50.47 99.06
12:49:47 -3.71 50.47 99.06
12:49:48 4.78 50.47 99.06
12:49:49 33.53 50.47 99.06
12:49:50 95.90 50.47 99.06
12:49:51 194.68 50.47 99.06
12:49:52 304.76 50.47 99.06
12:49:53 388.15 50.47 99.06
12:49:54 417.55 50.47 99.06
12:49:55 393.76 50.47 99.06
12:49:56 335.28 50.47 99.06
12:49:57 299.31 50.47 99.06
12:49:58 229.45 50.47 99.06
12:49:59 158.55 50.47 99.06
12:50:00 104.49 50.47 99.06
12:50:01 68.98 50.47 99.06
12:50:02 45.45 50.47 99.06
12:50:03 30.27 50.47 99.06
12:50:04 21.03 50.47 99.06
12:50:05 14.45 50.47 99.06
12:50:06 10.00 50.47 99.06
12:50:07 6.74 50.47 99.06
12:50:08 4.37 50.47 99.06
12:50:09 3.10 50.47 99.06
12:50:10 1.39 50.47 99.06
12:50:11 0.64 50.47 99.06
12:50:12 -0.06 50.47 99.06
12:50:13 -1.09 50.47 99.06
12:50:14 -1.50 50.47 99.06
12:50:15 -2.11 50.47 99.06
12:50:16 -2.67 50.47 99.06
12:50:17 -2.79 50.47 99.04
12:50:18 -2.80 50.47 99.06
12:50:19 -3.00 50.47 99.06
12:50:20 -3.31 50.47 99.06
12:50:21 -3.41 50.47 99.06
12:50:22 -3.52 50.47 99.06
12:50:23 -3.75 50.47 99.06
12:50:24 -3.50 50.47 99.06
12:50:25 -3.50 50.47 99.06
12:50:26 -0.99 50.47 99.06
12:50:27 9.63 50.47 99.04
12:50:28 37.99 50.47 99.06
12:50:29 88.07 50.47 99.06
12:50:30 152.42 50.47 99.06
12:50:31 210.62 50.47 99.06
12:50:32 241.23 50.47 99.06
12:50:33 238.71 50.47 99.04
12:50:34 211.10 50.47 99.06
12:50:35 170.12 50.47 99.06
12:50:36 128.32 50.47 99.06
12:50:37 91.41 50.47 99.06
12:50:38 58.97 50.47 99.06
12:50:39 37.70 50.47 99.06
12:50:40 30.10 50.47 99.06
12:50:41 19.49 50.47 99.06
12:50:42 12.35 50.47 99.06
12:50:43 7.99 50.47 99.06
12:50:44 4.70 50.47 99.06
12:50:45 2.71 50.47 99.06
12:50:46 1.19 50.47 99.06
12:50:47 0.55 50.47 99.06
12:50:48 -0.92 50.47 99.06
12:50:49 -1.48 50.47 99.06
12:50:50 -1.58 50.47 99.06
12:50:51 -2.35 50.47 99.06
12:50:52 -2.67 50.47 99.06
12:50:53 -3.26 50.47 99.06
12:50:54 -3.10 50.47 99.06
12:50:55 -3.09 50.47 99.06
12:50:56 -3.74 50.47 99.06
12:50:57 -3.76 50.47 99.06
12:50:58 -4.03 50.47 99.06
12:50:59 -3.85 50.47 99.06
12:51:00 -3.92 50.47 99.06
12:51:01 -3.89 50.47 99.06
12:51:02 -3.91 50.47 99.06
12:51:03 -4.22 50.47 99.06
12:51:04 -4.57 50.47 99.06
12:51:05 -3.84 50.47 99.06
12:51:06 -2.60 50.47 99.06
12:51:07 4.64 50.47 99.06
12:51:08 22.96 50.47 99.06
12:51:09 55.62 50.47 99.06
12:51:10 97.08 50.47 99.06
12:51:11 132.79 50.47 99.06
12:51:12 152.12 50.47 99.06
12:51:13 148.78 50.47 99.06
12:51:14 130.92 50.47 99.06
12:51:15 104.33 50.47 99.06
12:51:16 78.06 50.47 99.06
12:51:17 54.46 50.47 99.06
12:51:18 34.38 50.47 99.06
12:51:19 21.46 50.47 99.06
12:51:20 13.88 50.47 99.06
12:51:21 8.32 50.47 99.06
12:51:22 5.33 50.47 99.06
12:51:23 4.12 50.47 99.06
12:51:24 2.20 50.47 99.06
12:51:25 0.69 50.47 99.06
12:51:26 -0.34 50.47 99.06
12:51:27 -0.90 50.47 99.06
12:51:28 -1.51 50.47 99.06
12:51:29 -2.16 50.47 99.06
12:51:30 -2.84 50.47 99.06
12:51:31 -2.39 50.47 99.06
12:51:32 -2.97 50.47 99.06
12:51:33 -3.52 50.47 99.06
12:51:34 -3.37 50.47 99.06
12:51:35 -3.54 50.47 99.06
12:51:36 -3.91 50.47 99.06
12:51:37 -4.29 50.47 99.04
12:51:38 -3.79 50.47 99.06
12:51:39 -4.36 50.47 99.06
12:51:40 -4.05 50.47 99.06
12:51:41 -4.05 50.47 99.06
12:51:42 -4.23 50.47 99.06
12:51:43 -3.84 50.47 99.06
12:51:44 -4.40 50.47 99.06
12:51:45 -4.27 50.47 99.06
12:51:46 -3.57 50.47 99.06
12:51:47 -0.32 50.47 99.06
12:51:48 12.79 50.47 99.06
12:51:49 42.40 50.47 99.06
12:51:50 89.45 50.47 99.06
12:51:51 143.93 50.47 99.06
12:51:52 186.86 50.47 99.06
12:51:53 205.34 50.47 99.06
12:51:54 196.41 50.47 99.06
12:51:55 169.44 50.47 99.06
12:51:56 135.92 50.47 99.06
12:51:57 101.37 50.47 99.06
12:51:58 69.42 50.47 99.06
12:51:59 45.90 50.47 99.06
12:52:00 31.21 50.47 99.06
12:52:01 21.76 50.47 99.06
12:52:02 14.58 50.47 99.06
12:52:03 10.58 50.47 99.06
12:52:04 7.71 50.47 99.06
12:52:05 4.91 50.47 99.06
12:52:06 3.54 50.47 99.06
12:52:07 2.43 50.47 99.06
12:52:08 1.57 50.47 99.06
12:52:09 0.42 50.47 99.06
12:52:10 0.16 50.47 99.06
12:52:11 -0.86 50.47 99.06
12:52:12 -1.57 50.47 99.06
12:52:13 -2.07 50.47 99.06
12:52:14 -2.31 50.47 99.06
12:52:15 -2.62 50.47 99.06
12:52:16 -2.73 50.47 99.06
12:52:17 -2.85 50.47 99.06
12:52:18 -3.50 50.47 99.06
12:52:19 -3.31 50.47 99.06
12:52:20 -3.49 50.47 99.06
12:52:21 -3.77 50.47 99.06
12:52:22 -3.88 50.47 99.06
12:52:23 -3.64 50.47 99.06
12:52:24 -3.75 50.47 99.06
12:52:25 -4.19 50.47 99.04
12:52:26 -3.59 50.47 99.05
12:52:27 -2.65 50.47 99.05
12:52:28 7.22 50.47 99.06
12:52:29 21.58 50.47 99.06
12:52:30 87.89 50.47 99.06
12:52:31 226.02 50.47 99.06
12:52:32 428.88 50.47 99.06
12:52:33 636.62 50.47 99.05
12:52:34 773.67 50.47 99.05
12:52:35 806.69 50.47 99.05
12:52:36 743.29 50.47 99.05
12:52:37 623.41 50.47 99.05
12:52:38 491.01 50.47 99.05
12:52:39 367.20 50.47 99.05
12:52:40 265.03 50.47 99.06
12:52:41 179.20 50.47 99.06
12:52:42 122.26 50.47 99.06
12:52:43 86.05 50.47 99.06
12:52:44 62.66 50.47 99.06
12:52:45 46.75 50.47 99.06
12:52:46 35.52 50.47 99.06
12:52:47 27.85 50.47 99.06
12:52:48 21.99 50.47 99.06
12:52:49 17.72 50.47 99.06
12:52:50 15.59 50.47 99.06
12:52:51 12.42 50.47 99.06
12:52:52 9.64 50.47 99.05
12:52:53 7.70 50.47 99.02
12:52:54 6.11 50.47 99.06
12:52:55 4.91 50.47 99.06
12:52:56 3.29 50.47 99.06
12:52:57 2.17 50.47 99.06
12:52:58 1.61 50.47 99.06
12:52:59 0.21 50.47 99.05
12:53:00 -0.01 50.47 99.05
12:53:01 -0.45 50.47 99.06
12:53:02 -0.69 50.47 99.06
12:53:03 -1.16 50.47 99.06
12:53:04 -1.84 50.47 99.06
12:53:05 -2.08 50.47 99.06
12:53:06 -2.43 50.47 99.06
12:53:07 -2.25 50.47 99.06
12:53:08 -2.47 50.47 99.05
12:53:09 -3.12 50.47 99.02
12:53:10 -2.61 50.47 99.04
12:53:11 -3.39 50.47 99.05
12:53:12 -3.21 50.47 99.05
12:53:13 -3.51 50.47 99.05
12:53:14 -3.38 50.47 99.06
12:53:15 -3.45 50.47 99.04
12:53:16 -3.26 50.47 99.06
12:53:17 -4.07 50.47 99.06
12:53:18 -3.57 50.47 99.06
12:53:19 -3.86 50.47 99.06
12:53:20 -4.01 50.47 99.06
12:53:21 -4.05 50.47 99.06
12:53:22 -3.87 50.47 99.06
12:53:23 -4.10 50.47 99.06
12:53:24 -4.01 50.47 99.06
12:53:25 -3.97 50.47 99.05
12:53:26 -4.24 50.47 99.05
12:53:27 -4.10 50.47 99.06
12:53:28 -4.21 50.47 99.06
12:53:29 -4.69 50.47 99.06
12:53:30 -4.17 50.47 99.06
12:53:31 -4.02 50.47 99.06
12:53:32 -4.14 50.47 99.06
12:53:33 -4.52 50.47 99.06
12:53:34 -4.19 50.47 99.06
12:53:35 -4.75 50.47 99.05
12:53:36 -4.54 50.47 99.05
12:53:37 -4.47 50.47 99.06
12:53:38 -3.98 50.47 99.06
12:53:39 -4.67 50.47 99.06
12:53:40 -4.55 50.47 99.05
12:53:41 -4.22 50.47 99.05
12:53:42 -4.70 50.47 99.05
12:53:43 -4.28 50.47 99.05
12:53:44 -4.76 50.47 99.05
12:53:45 -4.54 50.47 99.05
12:53:46 -4.13 50.47 99.05
12:53:47 -3.18 50.47 99.05
12:53:48 2.45 50.47 99.05
12:53:49 19.49 50.47 99.05
12:53:50 54.49 50.47 99.05
12:53:51 104.35 50.47 99.05
12:53:52 154.69 50.47 99.05
12:53:53 188.59 50.47 99.05
12:53:54 195.18 50.47 99.05
12:53:55 188.77 50.47 99.05
12:53:56 163.59 50.47 99.05
12:53:57 129.87 50.47 99.06
12:53:58 96.49 50.47 99.05
12:53:59 63.61 50.47 99.05
12:54:00 40.52 50.47 99.05
12:54:01 26.02 50.47 99.05
12:54:02 16.25 50.47 99.05
12:54:03 10.34 50.47 99.05
12:54:04 6.24 50.47 99.06
12:54:05 3.20 50.47 99.05
12:54:06 1.68 50.47 99.05
12:54:07 0.33 50.47 99.06
12:54:08 -0.65 50.47 99.06
12:54:09 -1.11 50.47 99.06
12:54:10 -1.23 50.47 99.06
12:54:11 -2.37 50.47 99.06
12:54:12 -2.70 50.47 99.05
12:54:13 -2.94 50.47 99.05
12:54:14 -3.39 50.47 99.06
12:54:15 -3.32 50.47 99.05
12:54:16 -3.52 50.47 99.05
12:54:17 -3.55 50.47 99.06
12:54:18 -4.03 50.47 99.06
12:54:19 -3.88 50.47 99.06
12:54:20 -4.17 50.47 99.06
12:54:21 -4.30 50.47 99.06
12:54:22 -4.19 50.47 99.05
12:54:23 -4.48 50.47 99.05
12:54:24 -4.17 50.47 99.06
12:54:25 -4.08 50.47 99.06
12:54:26 -4.20 50.47 99.05
12:54:27 -3.66 50.47 99.05
12:54:28 0.36 50.47 99.05
12:54:29 12.96 50.47 99.05
12:54:30 39.31 50.47 99.05
12:54:31 79.61 50.47 99.05
12:54:32 121.76 50.47 99.05
12:54:33 152.53 50.47 99.05
12:54:34 162.06 50.47 99.05
12:54:35 151.27 50.47 99.06
12:54:36 126.86 50.47 99.06
12:54:37 99.03 50.47 99.06
12:54:38 73.20 50.47 99.06
12:54:39 61.66 50.47 99.06
12:54:40 40.24 50.47 99.06
12:54:41 25.82 50.47 99.06
12:54:42 16.20 50.47 99.05
12:54:43 10.52 50.47 99.05
12:54:44 6.77 50.47 99.06
12:54:45 4.01 50.47 99.06
12:54:46 2.28 50.47 99.06
12:54:47 0.97 50.47 99.06
12:54:48 0.06 50.47 99.06
12:54:49 -0.86 50.47 99.06
12:54:50 -1.58 50.47 99.06
12:54:51 -2.11 50.47 99.06
12:54:52 -2.42 50.47 99.05
12:54:53 -2.71 50.47 99.05
12:54:54 -2.98 50.47 99.05
12:54:55 -3.16 50.47 99.05
12:54:56 -3.44 50.47 99.06
12:54:57 -3.91 50.47 99.06
12:54:58 -4.08 50.47 99.06
12:54:59 -4.02 50.47 99.06
12:55:00 -3.82 50.47 99.06
12:55:01 -3.72 50.47 99.06
12:55:02 -4.35 50.47 99.05
12:55:03 -4.04 50.47 99.05
12:55:04 -4.19 50.47 99.05
12:55:05 -4.21 50.47 99.05
12:55:06 -4.24 50.47 99.05
12:55:07 -3.22 50.47 99.05
12:55:08 1.21 50.47 99.05
12:55:09 15.21 50.47 99.06
12:55:10 43.57 50.47 99.05
12:55:11 85.43 50.47 99.05
12:55:12 129.26 50.47 99.06
12:55:13 158.41 50.47 99.06
12:55:14 165.96 50.47 99.06
12:55:15 153.58 50.47 99.06
12:55:16 128.28 50.47 99.06
12:55:17 98.63 50.47 99.06
12:55:18 71.18 50.47 99.06
12:55:19 46.32 50.47 99.05
12:55:20 29.32 50.47 99.05
12:55:21 18.73 50.47 99.06
12:55:22 14.79 50.47 99.06
12:55:23 9.38 50.47 99.06
12:55:24 5.95 50.47 99.06
12:55:25 3.32 50.47 99.06
12:55:26 1.90 50.47 99.06
12:55:27 0.08 50.47 99.06
12:55:28 -0.53 50.47 99.06
12:55:29 -1.33 50.47 99.06
12:55:30 -1.70 50.47 99.06
12:55:31 -2.21 50.47 99.06
12:55:32 -2.54 50.47 99.06
12:55:33 -2.89 50.47 99.06
12:55:34 -3.50 50.47 99.06
12:55:35 -3.35 50.47 99.06
12:55:36 -3.48 50.47 99.06
12:55:37 -3.44 50.47 99.06
12:55:38 -3.87 50.47 99.06
12:55:39 -4.05 50.47 99.06
12:55:40 -4.08 50.47 99.06
12:55:41 -4.25 50.47 99.05
12:55:42 -4.14 50.47 99.05
12:55:43 -4.19 50.47 99.05
12:55:44 -4.58 50.47 99.05
12:55:45 -4.26 50.47 99.05
12:55:46 -4.54 50.47 99.05
12:55:47 -4.23 50.47 99.05
12:55:48 -4.02 50.47 99.05
12:55:49 -1.11 50.47 99.05
12:55:50 8.51 50.47 99.05
12:55:51 31.78 50.47 99.05
12:55:52 70.12 50.47 99.05
12:55:53 113.52 50.47 99.05
12:55:54 149.26 50.47 99.05
12:55:55 164.29 50.47 99.05
12:55:56 157.40 50.47 99.05
12:55:57 134.76 50.47 99.05
12:55:58 105.91 50.47 99.05
12:55:59 78.34 50.47 99.05
12:56:00 51.70 50.47 99.05
12:56:01 32.32 50.47 99.06
12:56:02 21.06 50.47 99.05
12:56:03 13.18 50.47 99.05
12:56:04 8.13 50.47 99.05
12:56:05 5.26 50.47 99.05
12:56:06 3.93 50.47 99.05
12:56:07 1.77 50.47 99.06
12:56:08 0.77 50.47 99.05
12:56:09 -0.37 50.47 99.05
12:56:10 -1.26 50.47 99.06
12:56:11 -1.61 50.47 99.06
12:56:12 -2.55 50.47 99.06
12:56:13 -2.53 50.47 99.06
12:56:14 -2.87 50.47 99.06
12:56:15 -2.87 50.47 99.06
12:56:16 -2.83 50.47 99.06
12:56:17 -3.82 50.47 99.06
12:56:18 -4.09 50.47 99.06
12:56:19 -4.29 50.47 99.06
12:56:20 -4.21 50.47 99.06
12:56:21 -3.85 50.47 99.06
12:56:22 -4.06 50.47 99.06
12:56:23 -4.26 50.47 99.06
12:56:24 -4.32 50.47 99.05
12:56:25 -4.25 50.47 99.05
12:56:26 -3.88 50.47 99.05
12:56:27 -3.21 50.47 99.05
12:56:28 3.43 50.47 99.05
12:56:29 26.17 50.47 99.06
12:56:30 80.46 50.47 99.05
12:56:31 166.69 50.47 99.05
12:56:32 266.35 50.47 99.05
12:56:33 344.89 50.47 99.05
12:56:34 376.13 50.47 99.05
12:56:35 358.49 50.47 99.05
12:56:36 307.35 50.47 99.05
12:56:37 243.57 50.47 99.05
12:56:38 182.30 50.47 99.05
12:56:39 131.07 50.47 99.05
12:56:40 87.26 50.47 99.06
12:56:41 56.33 50.47 99.06
12:56:42 37.27 50.47 99.06
12:56:43 25.22 50.47 99.06
12:56:44 17.39 50.47 99.06
12:56:45 11.92 50.47 99.06
12:56:46 8.91 50.47 99.06
12:56:47 5.23 50.47 99.06
12:56:48 3.58 50.47 99.04
12:56:49 2.81 50.47 99.06
12:56:50 1.81 50.47 99.05
12:56:51 0.37 50.47 99.05
12:56:52 -0.10 50.47 99.05
12:56:53 -1.01 50.47 99.04
12:56:54 -1.32 50.47 99.06
12:56:55 -2.40 50.47 99.06
12:56:56 -1.90 50.47 99.05
12:56:57 -2.63 50.47 99.05
12:56:58 -3.06 50.47 99.06
12:56:59 -2.90 50.47 99.06
12:57:00 -3.59 50.47 99.05
